Rich Type,Id,Warnings,type,name,values,prefix,postfix,Usage Count,User Addable,Template Name,Template Id
checklist-sectioned,,,checklist,ITP - STRUCTURAL REHAB INSPECTION TESTING PLAN,itp,,,,Yes,ITP - STRUCTURAL REHAB INSPECTION TESTING PLAN Rev 1,64b9fb2f-3676-48de-be09-f1da5daacd78
checkpoint-group,,,section,Subgrade,,,,,,,
checkpoint-status,,,checkpoint,1.01 - Field,,,,,,,
label,83dd20eb-d88d-5cca-9a26-1a35b7431106,,note,Material Test Method Requirement - Scala Penetrometer Cohesive soils only,,,,,,,
label,d7fec1b2-f63c-5e24-9998-ea9d6ae9de08,,note,Reference Documents - RITS Table 3-20,,,,,,,
label,e5b0912b-5edc-5154-88df-2fa571823835,,note,Material Acceptance Criteria (Method) - NZS 4402.6.5.2:1988,,,,,,,
label,e380152b-ceac-52ee-ae96-d321f79e7ade,,note,"Material Test Frequency - 1m inside of edge of seal, on alternating lanes, at 10m spacing (no greater than 20m between tests)",,,,,,,
label,abf12906-d37d-509d-a431-21cce82c1c23,,note,"○ Minimum of 10 tests and/or at a frequency of 1 test per 10m chainage, whichever qty is greater",,,,,,,
label,68729cd6-be26-5338-88ef-5a04f650121c,,note,Target Criteria - Confirm design assumptions - Scalar reaches minimum 7 blows/300mm,,,,,,,
label,c86ddecf-f3b4-59de-8f8f-351c88d00dfd,,note,Action Point Records Required - Test Record,,,,,,,
label,d7640c3d-951b-57cd-9b88-61d72038490a,,note,Responsibility - QA / SE / PE,,,,,,,
checkpoint-status,,,checkpoint,1.02 - Field,,,,,,,
label,1e7ab05a-46d4-5e56-b438-b269b7bd0459,,note,Material Test Method Requirement - Clegg Hammer Aggregate fill only where subgrade undercut or trench backfilled,,,,,,,
label,ad2aaad3-fbbb-564f-91fd-de2629bd00ee,,note,Reference Documents - RITS Table 3-21,,,,,,,
label,ea6e231b-43a3-5a38-b5cf-4be7d15b2bd1,,note,"Material Acceptance Criteria (Method) - RITS 3.8.3.3, ASTM D5874-16",,,,,,,
label,a4bbaed3-50c5-584a-a5d2-ee34e01189b7,,note,Material Test Frequency - In centre of undercut or trench Minimum of 1 test per undercut location,,,,,,,
label,bb70b9eb-38c3-56df-a4ee-6bf5ce5976d1,,note,Target Criteria - CIV ≥ 15 or CBR of 20,,,,,,,
label,437eaf52-9bda-5f41-a800-1ebd36ddeb0a,,note,Action Point Records Required - Test Record,,,,,,,
label,e89d3361-c686-5036-8991-900d78d9f0d3,,note,Responsibility - QA / SE / PE,,,,,,,
checkpoint-status,,,checkpoint,1.03 - Field,,,,,,,
label,fb7bf29d-3d8f-5073-b0ac-181540de1c68,,note,"Material Test Method Requirement - Surface Level, Shape, and crossfall",,,,,,,
label,9a72360e-2450-5c09-b14b-bf2ee2c19f66,,note,Reference Documents - RITS Table 3.24,,,,,,,
label,a346496c-67ec-5614-9c7f-d370a061e9e7,,note,Material Acceptance Criteria (Method) - TNZ B/02:2005 Section 5 Fig 1,,,,,,,
label,f8ffc8e8-f876-5da1-86c8-d565f14c9f44,,note,Material Test Frequency - 5 Points across full width of carriageway at 10m frequency,,,,,,,
label,a8548cc7-00f5-56d5-a3c9-1f8025d4dedd,,note,"○ Edge of Seal, Centre of Lane, Centerline, Centre of Lane, Edge of Seal",,,,,,,
label,72a0244b-d623-5155-a787-914fd3e43318,,note,Target Criteria - +0mm/-30m from design or nominated level,,,,,,,
label,db47f28f-5779-575a-a33b-bae4b67b3521,,note,○ No more than 15mm deviation from a 3m straight edge,,,,,,,
label,4a3524e2-3cb9-522c-a11c-32c5f8785e45,,note,Action Point Records Required - Survey record,,,,,,,
label,610a7e85-942a-52c4-8bcc-2834b66f993c,,note,Responsibility - QA / SE / PE,,,,,,,
checkpoint-status,,,checkpoint,1.04 - Field,,,,,,,
label,6444c82e-1657-557b-88ab-66a6e1d6ffc1,,note,Material Test Method Requirement - Tenser Triaxial Geogrid and Geofabric (cloth) installation,,,,,,,
label,7978ee5c-6ee8-56ab-83f0-caf5a7d963a1,,note,Reference Documents - Tensar construction sequence CS_TriAx/30.04.08,,,,,,,
label,fd9f1c38-95da-5f6d-98d2-12c75f68d1ce,,note,Material Acceptance Criteria (Method) - Manufacturer installation instructions,,,,,,,
label,d3e620fd-5d77-52c0-b69d-7bb2cdcee57f,,note,Material Test Frequency - 100% of Surface,,,,,,,
label,f01ad8fe-8dc1-5c8d-8deb-26de06319f86,,note,Target Criteria - Maintain minimum 300mm overlap between each roll on longitudinal and transverse joints.,,,,,,,
label,31ceeba8-10d4-5e46-8f7d-41dafd03f9b0,,note,○ Geogrid and Geofabric shall be neatly installed without creases or folds.,,,,,,,
label,b78c8054-5e6b-5d39-a602-389f4f282c92,,note,Action Point Records Required - Site Record,,,,,,,
label,e925d51a-78b1-5df3-98ab-90f1955232cd,,note,Responsibility - QA / SE / PE,,,,,,,
checkpoint-status,,,checkpoint,1.05 - PQE,,,,,,,
label,408513dd-2693-5790-a61d-dcf6509e556b,,note,Material Test Method Requirement - Is the layer closed out?,,,,,,,
label,f7336156-6d4a-5792-9e3b-129e604eac8f,,note,Reference Documents - See PQE,,,,,,,
label,0944a583-edc0-5cd6-abe1-9f1a84420820,,note,Material Acceptance Criteria (Method) - See PQE,,,,,,,
label,b0a9b218-b9d7-5b6f-be3c-be7f8488b99c,,note,Material Test Frequency - 100% of Surface Prior to placement of material,,,,,,,
label,9124b237-6f47-503f-9eb1-dafba5559857,,note,Target Criteria - PQE Approval,,,,,,,
label,52049364-bb1c-55a3-b523-149984b67a51,,note,○ All testing record & reviewed as compliant.,,,,,,,
label,f87bf984-58a5-5184-8106-a241a59d6a82,,note,Available Documents:,,,,,,,
label,b92cb638-5127-5d06-8646-7a99c00176a8,,note,○ Test records,,,,,,,
label,db124d70-023c-5a2f-9ce7-6cc815bee769,,note,○ Survey records,,,,,,,
label,868007fc-6be4-5abb-a731-be1eaf06e4c4,,note,○ Hold Point Records,,,,,,,
label,a3d3c43b-578f-520e-ad2f-2936889bb82a,,note,Action Point Records Required - Hold Point,,,,,,,
label,4b208ca8-f3ba-5c31-aeab-3a1872cf2a1d,,note,Responsibility - SE / PE / PM / PQE,,,,,,,
holdpoint,,,signoff,AUTHORITY HOLDPOINT,,,,,,,
checkpoint-group,,,section,Subbase,,,,,,,
checkpoint-status,,,checkpoint,2.01 - PQE,,,,,,,
label,f39b84ed-d56f-5475-a326-5e23ebc854d3,,note,Material Test Method Requirement - Has the material used in this layer been formally accepted for use?,,,,,,,
label,e702bd3c-a3a3-5a0b-a4dd-3e245aade11c,,note,Reference Documents - Insert Material Testing link,,,,,,,
label,78b0dfa0-085d-5569-935d-1aa8969be135,,note,Material Acceptance Criteria (Method) - See PQE,,,,,,,
label,8dddd834-3b81-5445-a90c-148e96e09b56,,note,Material Test Frequency - Prior to construction commencing,,,,,,,
label,17942e98-3028-5ecd-a4d0-38a609180a16,,note,Target Criteria - Material meets project requirements,,,,,,,
label,0f735402-85b2-52c5-8280-d16bc2334a09,,note,Action Point Records Required - Hold Point,,,,,,,
label,be997440-b8ce-5977-a737-94efe7da529e,,note,Responsibility - SE / PE / PM / PQE,,,,,,,
holdpoint,,,signoff,AUTHORITY HOLDPOINT,,,,,,,
checkpoint-status,,,checkpoint,2.02 - Field,,,,,,,
label,fe437cb5-0b5a-5a37-b7b7-9a267eb20d2c,,note,Material Test Method Requirement - Plateau Density Test,,,,,,,
label,3d9bff9f-9010-54d7-bec0-624af08eb4a2,,note,Reference Documents - TNZ B/02: 2005,,,,,,,
label,3449acb9-02c4-5a7f-a146-53f9e00fef23,,note,Material Acceptance Criteria (Method) - TNZ B/02: 2005,,,,,,,
label,ce739100-9655-57a8-b730-d2b7f4531e90,,note,Material Test Frequency - Minimum of 1 test per to determine obtainable MDD target for Compliance NDM testing Target to be approved by Engineer,,,,,,,
label,d6d44070-a443-5b0b-8aa6-e317b881501f,,note,Target Criteria - N/A,,,,,,,
label,95e47d95-37c4-5dc8-ba72-7616f35dcb7f,,note,"Action Point Records Required - Hold Point, Test Record",,,,,,,
label,e47a4c89-8ab4-5479-9b07-bb03869cc768,,note,Responsibility - SE / PE / PM / PQE,,,,,,,
holdpoint,,,signoff,AUTHORITY HOLDPOINT,,,,,,,
checkpoint-status,,,checkpoint,2.03 - Field,,,,,,,
label,c4bba904-07bd-59a3-ac20-85c0d8278e40,,note,Material Test Method Requirement - Clegg Hammer,,,,,,,
label,6da8dbcd-ed8e-5dde-b491-73be485d9ff4,,note,Reference Documents - RITS Table 3-21,,,,,,,
label,ba3182e0-5157-5673-8706-cc632b9c02dd,,note,"Material Acceptance Criteria (Method) - RITS 3.8.3.3, ASTM D5874-16",,,,,,,
label,7a1dfb6c-0e29-5423-a00d-08160a86abad,,note,"Material Test Frequency - Scattered across carriageway width, at 20m spacing (no greater than 40m between tests, no closer than 10m)",,,,,,,
label,858ba4ec-090d-57da-be04-b66dd6e43476,,note,"○ Minimum of 5 tests and/or at a frequency of 1 test per 200m², whichever qty is greater",,,,,,,
label,0a49bce7-8f56-535d-850e-a5f7de783c1e,,note,Target Criteria - CIV ≥ 25,,,,,,,
label,5c4ef9b8-36dd-5150-826b-e204b9b9ea0d,,note,Action Point Records Required - Test Record,,,,,,,
label,530775b3-4e90-500c-9542-787bccfea5e5,,note,Responsibility - QA / SE / PE,,,,,,,
checkpoint-status,,,checkpoint,2.04 - Field,,,,,,,
label,8ac03dbd-dd94-553b-923d-b85bf8c241e8,,note,Material Test Method Requirement - Compaction NDM Back Scatter,,,,,,,
label,bec9dc1a-98ae-5530-a3c2-354391ae8015,,note,Reference Documents - RITS Table 3-22,,,,,,,
label,1cd50b59-3351-56bc-8459-ac8528cce809,,note,"Material Acceptance Criteria (Method) - RITS 3.8.3.4, 4407:2015 test 4.3",,,,,,,
label,208c94ab-7af2-55f9-8534-f6b900d5cf7e,,note,"Material Test Frequency - Scattered across carriageway width, at 20m spacing (no greater than 40m between tests, no closer than 10m)",,,,,,,
label,a5f04211-0bf8-5093-be97-9bcb5fab281d,,note,"○ Minimum of 5 tests and/or at a frequency of 1 test per 200m², whichever qty is greater",,,,,,,
label,ec4c4467-690d-51d7-9d46-425badbd717d,,note,Target Criteria - Mean ≥ 95 % MDD,,,,,,,
label,52e62f4d-d4bb-53ec-86d5-1a0e278e077f,,note,○ Minimum ≥ 92% MDD,,,,,,,
label,ad0ed00f-e8cf-5f6b-93a0-133b395c4b2d,,note,Action Point Records Required - Test Record,,,,,,,
label,de6b53b2-6d82-5f8a-8f02-219a0a289723,,note,Responsibility - QA / SE / PE,,,,,,,
checkpoint-status,,,checkpoint,2.05 - Field,,,,,,,
label,43ef66f2-04c7-5e07-8d51-aa30dff9ee04,,note,"Material Test Method Requirement - Surface Level, Shape, and crossfall",,,,,,,
label,42629ad7-f119-55b8-baef-4bb2dcf9a383,,note,Reference Documents - RITS Table 3.24,,,,,,,
label,69ac5100-6b33-5127-90a9-436723342f43,,note,Material Acceptance Criteria (Method) - TNZ B/02:2005 Section 5 Fig 1,,,,,,,
label,eb3c0327-f1d9-5a04-b7be-aeef70c041d9,,note,Material Test Frequency - 5 Points across full width of carriageway at 10m frequency,,,,,,,
label,fc87979f-ca9b-54fe-9463-8c5e76009e2d,,note,"○ Edge of Seal, Centre of Lane, Centerline, Centre of Lane, Edge of Seal",,,,,,,
label,0a6bb718-2046-54c7-98c1-04114e2e2a33,,note,Target Criteria - +5mm/-25m from design or nominated level,,,,,,,
label,2dcf72a5-da0c-5e00-b9fb-065d32019736,,note,○ No more than 15mm deviation from a 3m straight edge,,,,,,,
label,596d7d2b-a181-58f1-9868-4e6692fdd5a3,,note,Action Point Records Required - Survey record,,,,,,,
label,7d8c89f6-f8ee-5ef8-a8a9-c6cd0c614b86,,note,Responsibility - QA / SE / PE,,,,,,,
checkpoint-status,,,checkpoint,2.06 - PQE,,,,,,,
label,6ff6404e-794d-5cb9-9894-6b15acf7a1f2,,note,Material Test Method Requirement - Is the layer closed out?,,,,,,,
label,e6ed3098-2650-590e-aa69-3bb91f5b40f3,,note,Reference Documents - See PQE,,,,,,,
label,cd0f387c-77c0-5652-8b38-c9bb4f84ce31,,note,Material Acceptance Criteria (Method) - See PQE,,,,,,,
label,d91a534f-f662-5ce7-998c-13b769171479,,note,Material Test Frequency - 100% of Surface Prior to placement of material,,,,,,,
label,a0aaad04-9ed2-5676-b639-67ec2e24d7f0,,note,Target Criteria - PQE Approval,,,,,,,
label,a123d0cb-291c-5f8a-a417-1df986637bcb,,note,○ All testing record & reviewed as compliant.,,,,,,,
label,fdf8007a-2095-5391-bb96-0d7095d96357,,note,Available Documents:,,,,,,,
label,488f7cb5-e622-5db2-b3f2-07c60d3df7df,,note,○ Test records,,,,,,,
label,6141ee7e-9b0d-517c-ad6c-36fd1a1f271d,,note,○ Survey records,,,,,,,
label,0f3ddd01-c70e-5945-8bc3-e30c9c1cf5d0,,note,○ Hold Point Records,,,,,,,
label,7f82ec50-4ba2-5483-acbf-5b5b7853aa1d,,note,Action Point Records Required - Hold Point,,,,,,,
label,44fe665e-5f8e-5478-bd79-b6e95d087157,,note,Responsibility - SE / PE / PM / PQE,,,,,,,
holdpoint,,,signoff,AUTHORITY HOLDPOINT,,,,,,,
checkpoint-group,,,section,Membrane or First Coat Seal,,,,,,,
checkpoint-status,,,checkpoint,3.01 - PQE,,,,,,,
label,829f6a4b-86db-5a27-af40-eea65ee117f1,,note,Material Test Method Requirement - Seal Design,,,,,,,
label,9ed8ad2d-8ee5-5283-9cbe-8fc77093f601,,note,Reference Documents - INSERT SEAL DESIGN,,,,,,,
label,8bf8800c-4299-5b62-9921-b64c8e89f21c,,note,Material Acceptance Criteria (Method) - TNZ M/1 Table 1 Tests,,,,,,,
label,8b23908d-5926-5796-b7a5-067fb00ffd70,,note,Material Test Frequency - Prior to sealing commencing (Minimum 1 week prior to application),,,,,,,
label,649eef1e-f6fb-5b93-941f-3df1ae9a650f,,note,Target Criteria - Meets project requirements,,,,,,,
label,cab5c74d-58b8-5b67-945d-21cb24635e00,,note,Action Point Records Required - Hold Point,,,,,,,
label,64dd4c67-0377-5bf2-8217-131d9efc4d45,,note,Responsibility - SE / PE / PM / PQE / ER,,,,,,,
holdpoint,,,signoff,AUTHORITY HOLDPOINT,,,,,,,
checkpoint-status,,,checkpoint,3.02 - PQE,,,,,,,
label,95447a1b-8147-5520-ab33-6b3ad5b6c951,,note,Material Test Method Requirement - Bitumen Sprayer,,,,,,,
label,e46bba72-c4df-58ab-9c85-0331eb693e01,,note,Reference Documents - TNZ P3,,,,,,,
label,65395671-aae0-51c2-8ad1-57fcd12fd05b,,note,Material Acceptance Criteria (Method) - Certification provided,,,,,,,
label,bdee1325-51f0-5635-ba61-b57c548443c8,,note,Material Test Frequency - Prior to starting,,,,,,,
label,e82a07a3-3014-59e2-9e02-d3fb335dddf2,,note,Target Criteria - Current E/2 Certificate,,,,,,,
label,1e6169a5-214b-5d80-8ec3-8816b028995f,,note,Action Point Records Required - Certificate Sheet,,,,,,,
label,e511e1b3-f838-5317-909a-d074c70c0e3a,,note,Responsibility - SE / PE / PM / PQE / Era,,,,,,,
checkpoint-status,,,checkpoint,3.03 - PQE,,,,,,,
label,a5242764-6ea7-5917-aa17-778da73cdbba,,note,Material Test Method Requirement - Has the material used in this layer been formally accepted for use?,,,,,,,
label,5fcdb352-3b2a-5d9d-838e-3b5f90cae371,,note,Reference Documents - Insert Material Testing,,,,,,,
label,0727c617-b7c8-5651-a363-e5369c254735,,note,Material Acceptance Criteria (Method) - See PQE,,,,,,,
label,7f50c619-1db5-55e4-945f-2122688cf992,,note,Material Test Frequency - Prior to construction commencing,,,,,,,
label,b0a47dd6-2ef9-5ee6-abef-71a870ca7e4e,,note,Target Criteria - Material meets project requirements,,,,,,,
label,13b67c3f-ed21-5fce-a783-597a7422572e,,note,Action Point Records Required - Hold Point,,,,,,,
label,5525912a-a183-5ec3-95f8-807089426e43,,note,Responsibility - SE / PE / PM / PQE,,,,,,,
holdpoint,,,signoff,AUTHORITY HOLDPOINT,,,,,,,
checkpoint-status,,,checkpoint,3.04 - Field,,,,,,,
label,db05c041-a4f7-54bf-ad01-ae50dd18936c,,note,Material Test Method Requirement - Preseal Inspection,,,,,,,
label,9a25afdb-5e62-5f1d-aff0-5dc32fd9f138,,note,Reference Documents - TNZ B/02: 2005,,,,,,,
label,40cffd30-bedb-5264-8c73-722f11b701ea,,note,Material Acceptance Criteria (Method) - TNZ B/02: 2005,,,,,,,
label,4f228b03-6f49-504b-ade2-115a971df52f,,note,Material Test Frequency - 100% of Surface Prior to sealing of surface,,,,,,,
label,4c828742-0603-5646-a944-b9b69ea4b2aa,,note,"Target Criteria - All loose aggregate, dirt, dust, silt and deleterious matter has been removed.",,,,,,,
label,5b170bed-0e45-5808-97bb-eabcf5c5c8ba,,note,Action Point Records Required - Test Record,,,,,,,
label,c2846382-0350-5b53-8c74-da278ff34af4,,note,Responsibility - FM /QA / SE / PE,,,,,,,
checkpoint-status,,,checkpoint,3.05 - Field,,,,,,,
label,6816269e-f098-5d16-a80d-a8150c56c473,,note,Material Test Method Requirement - Degree of Saturaton,,,,,,,
label,c42d3424-ff07-5d3f-90d8-68e505ba1c09,,note,Reference Documents - TNZ B/02: 2005,,,,,,,
label,64501425-62ca-58aa-9048-18f2a6fbfe4b,,note,Material Acceptance Criteria (Method) - TNZ B/02: 2005,,,,,,,
label,eb1a163e-0f72-5c39-a13b-5282cd91f33b,,note,Material Test Frequency - 1 set of 5 per 1000m² - then 1 per 200m²,,,,,,,
label,a526c021-ea2f-5100-9100-5c46dd88a474,,note,Target Criteria - < 80 % Completed Max 48hrs before sealing,,,,,,,
label,d5985ecc-6e4b-5e2f-bb3b-ad04cb4ad937,,note,Action Point Records Required - Test Record,,,,,,,
label,8a91fec9-503f-5996-95c2-23ff192baab0,,note,Responsibility - QA / SE / PE,,,,,,,
checkpoint-status,,,checkpoint,3.06 - Field,,,,,,,
label,0f770f35-41de-581c-bb24-1b492b4286ff,,note,Material Test Method Requirement - GO/NO GO Survey,,,,,,,
label,8776e696-d184-567c-9552-15320a949307,,note,Reference Documents - Downers processes,,,,,,,
label,ea542827-4ff5-555b-ae1c-78b7ec2851c8,,note,"Material Acceptance Criteria (Method) - Downer survey sealing GO/NO GO,Road science Zeus app & Downer Iris app",,,,,,,
label,bd290bb4-ce40-5406-abda-95283939a036,,note,Material Test Frequency - Prior to sealing on each site,,,,,,,
label,1e5352f1-db09-56e4-beb9-3cf948f09ad5,,note,"Target Criteria - Pass on GO/NO GO ,Marginal & discussion with contract Manager or Written approval from Rehab manager",,,,,,,
label,e3cf381e-642d-53d0-a9f8-2fbc2cbd8ab8,,note,Action Point Records Required - Survey record,,,,,,,
label,17b85a33-a940-542a-84e2-4208971c822e,,note,Responsibility - QA / SE / PE,,,,,,,
checkpoint-status,,,checkpoint,3.07 - Field,,,,,,,
label,1c06b392-9215-5f99-abcb-916696b6fef7,,note,Material Test Method Requirement - Road temp,,,,,,,
label,79e84a91-b784-5c97-bc36-72133bc9765d,,note,Reference Documents - TNZ P3:1995.18,,,,,,,
label,4c04e2b0-0e85-5386-b81d-713c4c8ca855,,note,Material Acceptance Criteria (Method) - Temperature recorded on site prior to sealing commencing,,,,,,,
label,027bc837-2e19-5c08-8518-0ed31588a5d6,,note,Material Test Frequency - Once per day of sealing prior to sealing commencing,,,,,,,
label,eda8a95e-0855-50f0-92b8-9ea17bbf95b0,,note,Target Criteria - Air temp >10°C,,,,,,,
label,e3cf7935-bf2e-5ae0-8aba-9525d02b8c58,,note,Action Point Records Required - Spray sheet,,,,,,,
label,9ae2d44c-3f90-5e3f-89db-0fd80aa0b1b7,,note,Responsibility - QA / SE / PE,,,,,,,
checkpoint-status,,,checkpoint,3.08 - Field,,,,,,,
label,11a6b816-5487-592a-9d9b-0baea9622b31,,note,Material Test Method Requirement - Application Rate,,,,,,,
label,7c0fdbfe-2fd8-52e7-9f51-24de45b5519d,,note,Reference Documents - TNZ P/3 : 1995.18,,,,,,,
label,440598d8-88d3-5716-a5f2-d57a5414f1c6,,note,Material Acceptance Criteria (Method) - Quantity of binder sprayed in any spray run measured by dipstick reading or a calibrated accumulating rev counter fiited to sprayer,,,,,,,
label,565b240f-5598-5055-8bfe-1ff2b19adfcd,,note,Material Test Frequency - Dipstick measurements before spraying is commenced from tank and after the last spray from the tank or prior to it's refilling,,,,,,,
label,1ff48aa3-7c33-52e0-84c9-89b6559c0b6f,,note,Target Criteria - binder application rate is +/-50ltrs + 4% of the application rate,,,,,,,
label,e75ddb50-2a70-5764-9bfa-baa6ac4ba899,,note,Action Point Records Required - Spray Sheet,,,,,,,
label,33474055-c7b4-51d6-8701-ffef804d7c12,,note,Responsibility - QA / SE / PE,,,,,,,
checkpoint-status,,,checkpoint,3.09 - Field,,,,,,,
label,249422b6-5cd3-5e32-938b-98ba0d543ef0,,note,Material Test Method Requirement - Chip spread rate,,,,,,,
label,298f15e2-166f-532b-844d-0688bf709a1f,,note,Reference Documents - TNZ P3: 1995.21,,,,,,,
label,a717ae2f-5262-5bf5-92d6-2bb46c28131c,,note,"Material Acceptance Criteria (Method) - area sealed (m2) to be divided by the volume of chip spread (m3), Chipsealing in New Zealand (pg 435)",,,,,,,
label,d28a4e6d-6875-55cf-8308-51baa7182f4e,,note,Material Test Frequency - Total amount of chip used to be calculated at end of days sealing,,,,,,,
label,23149d55-6246-510b-96a6-102221922550,,note,Target Criteria - Visual checks meets seal design requirements,,,,,,,
label,b1ae87d4-45ca-571a-8ebb-5e793dce4bd4,,note,Action Point Records Required - Witness Point/Spray sheet,,,,,,,
label,8e3cb14f-4d34-5ac5-a4d7-e4ef11559226,,note,Responsibility - QA / SE / PE,,,,,,,
checkpoint-status,,,checkpoint,3.10 - Field,,,,,,,
label,4655f788-ed72-5638-9f77-e90e93beb65e,,note,Material Test Method Requirement - Rolling Checks,,,,,,,
label,cb0672d2-c3fc-54e7-9986-f05a7cbf06c1,,note,Reference Documents - TNZ P3: 1995.22,,,,,,,
label,32dc68b1-523c-5dce-859f-8504c490998f,,note,Material Acceptance Criteria (Method) - Sealing Record,,,,,,,
label,c76d2fd3-98d1-5eba-a074-30017d37ebba,,note,Material Test Frequency - for each sealing site per day,,,,,,,
label,926ac038-6b3e-5b5c-b834-bcbe44f2792d,,note,Target Criteria - As per rolling requirements defined in TNZ P3: 1995.22.,,,,,,,
label,103bdd56-de3d-5648-9d61-639fd3d535cd,,note,Action Point Records Required - Witness Point/Spray sheet,,,,,,,
label,4f4caccc-c454-5f1b-b6e6-6f063351cd11,,note,Responsibility - QA / SE / PE,,,,,,,
checkpoint-status,,,checkpoint,3.11 - Field,,,,,,,
label,ef7525a4-0afb-5db2-a3dc-4941cdb85a0a,,note,Material Test Method Requirement - Post Seal Inspection,,,,,,,
label,d39e484a-05e4-5afd-92be-6ca2bf78a622,,note,Reference Documents - TNZ P3: 1995,,,,,,,
label,aac293e9-f2a5-5e97-9bb5-cdaeea9322d0,,note,Material Acceptance Criteria (Method) - Engineers Inspection,,,,,,,
label,67202766-d85d-5b63-a457-3bbde14a9872,,note,Material Test Frequency - After sealing,,,,,,,
label,12054c9f-c12c-5bd1-b91b-11a31e462749,,note,"Target Criteria - The chip is embedded, uniformily placed and chipseal is fit for purpose",,,,,,,
label,61b0f736-2bdc-55d6-b197-5d87fd465e59,,note,Action Point Records Required - Witness Point,,,,,,,
label,5ad7eeb3-fd0c-50c6-84d6-bb0b0ca1ffed,,note,Responsibility - QA / SE / PE,,,,,,,
checkpoint-group,,,section,"DG and AC Mixes NZTA M10:2020, SMA Mixes NZTA M27:2020, PA Mixes TNZ P/11",,,,,,,
checkpoint-status,,,checkpoint,4.01 - PQE,,,,,,,
label,03ab5605-7885-554e-a201-e6d618c40a28,,note,Material Test Method Requirement - Has the material used in this layer been formally accepted for use?,,,,,,,
label,b617fda2-60d2-5061-8e58-0ba4a4f5327e,,note,Reference Documents - Insert Asphalt Design & Material Records NZTA SP-M-032 Asphalt Surfacing Treatment selection Guidelines,,,,,,,
label,a5eab962-4425-54cd-93ee-5cbf4a66d1c2,,note,Material Acceptance Criteria (Method) - Approved Treatment Design,,,,,,,
label,295f55cd-7474-564d-bf6f-f98e4da5e3c1,,note,Material Test Frequency - Prior to paving works commencing,,,,,,,
label,d87a73da-759b-5418-a927-9089f4c08ace,,note,Target Criteria - Treatment Design validation,,,,,,,
label,5e2e04b3-3abc-5297-a5c3-a53af64495fe,,note,Action Point Records Required - Hold Point,,,,,,,
label,c2b11687-7b32-5c61-8e0b-2d1a3a9618c5,,note,Responsibility - SE / PE / PM / PQE,,,,,,,
holdpoint,,,signoff,AUTHORITY HOLDPOINT,,,,,,,
checkpoint-status,,,checkpoint,4.02 - Lab,,,,,,,
label,db23a61d-2cd5-5a85-99bb-22580314fa24,,note,Material Test Method Requirement - In-situ mat density calibration cores,,,,,,,
label,f5899597-053c-580d-a588-24fc320ab027,,note,"Reference Documents - NZTA M10:2020 9.9.1, NZTA M27:2020 9.9.1",,,,,,,
label,4ec42ec8-3ad4-5df4-b102-4e14484b2973,,note,Material Acceptance Criteria (Method) - ASTM D5361,,,,,,,
label,a9625ac0-4146-5a3d-a801-3e5250fd578d,,note,Material Test Frequency - One test per 900 t of asphalt plant production,,,,,,,
label,26a770ae-db1a-53b9-b70d-eac3359aa69d,,note,Target Criteria - Characteristic value - mix design air void +3% -2%,,,,,,,
label,63bfa68b-e5c5-58e9-8f0c-8050b3fb8454,,note,Action Point Records Required - Hold Point,,,,,,,
label,3d3ce661-0272-5422-86ad-44c9da122e7e,,note,Responsibility - SE / PE / PM / PQE,,,,,,,
holdpoint,,,signoff,AUTHORITY HOLDPOINT,,,,,,,
checkpoint-status,,,checkpoint,4.03 - Lab,,,,,,,
label,87b9a9d5-348b-5de8-986b-0656d2569407,,note,Material Test Method Requirement - Grading (Particle Size Distribution),,,,,,,
label,9df70da6-06ce-50db-bc0f-748b4bde2095,,note,"Reference Documents - NZTA M10: 2020 Table 5.2, NZTA M27:2020 Table 5.2, TNZ P/11:2007 Table 7.1",,,,,,,
label,204fc621-f770-5fc6-9435-d918e3bcd6bb,,note,Material Acceptance Criteria (Method) - NZS 4407:2015 test 3.8,,,,,,,
label,a2140b49-2157-5faa-923f-690d38c46664,,note,Material Test Frequency - One test per 900 t of asphalt plant production,,,,,,,
label,9c2ec068-edfb-5229-8ffd-b44227c12431,,note,Target Criteria - Tolerance from nominated JMF grading as per,,,,,,,
label,62204bf0-886d-542d-909c-dfea9890bb0d,,note,○ NZTA M10 Table 5.3,,,,,,,
label,e1e9d656-7e1b-5429-84e5-9652a70f4b8b,,note,○ NZTA M27 Table 5.3,,,,,,,
label,6eff57b3-71d8-5fb4-9e9a-06af5d36cb5c,,note,○ TNZ P/11 Table 7.1,,,,,,,
label,591587bc-6572-55d7-a872-22cfb2a6d890,,note,Action Point Records Required - Test record,,,,,,,
label,c337748a-7293-526e-b681-cbf53673c81d,,note,Responsibility - SE / PE / PM / PQE,,,,,,,
checkpoint-status,,,checkpoint,4.04 - Lab,,,,,,,
label,b0aec730-5203-5723-918e-8b643d1c7e8b,,note,Material Test Method Requirement - Binder content,,,,,,,
label,8765b322-50ee-5146-9418-c1184db1c76f,,note,"Reference Documents - NZTA M10: 2020 Table 5.2, NZTA M27:2020 Table 5.2, TNZ P/11:2007 Table 7.1",,,,,,,
label,39e0d41c-78f5-5ad9-8089-4a27a9229593,,note,Material Acceptance Criteria (Method) - ASTM D2172,,,,,,,
label,9280f8ce-d8c4-5665-9eaf-ef6c7a462c44,,note,Material Test Frequency - One test per 900 t of asphalt plant production,,,,,,,
label,c02a3560-da84-5e57-8c93-ffb8dbe48598,,note,Target Criteria - Tolerance on JMF,,,,,,,
label,07381507-3617-5c8f-8811-c61db14c5635,,note,○ Individual ±0.5 (All),,,,,,,
label,6dc63d23-9c08-5f95-b77e-ea0136f9330f,,note,"○ Rolling Average of 3 ±0.3% (DG, AC, SMA)",,,,,,,
label,cd7d297f-ee2b-5799-99e3-01488fe61b7c,,note,○ Rolling Average of 3 ±0.4% (PA),,,,,,,
label,931d136e-e743-58c9-b518-594a9227fc64,,note,Action Point Records Required - Test record,,,,,,,
label,c2a57365-48a4-5fb2-bec2-0aac63ef1b12,,note,Responsibility - SE / PE / PM / PQE,,,,,,,
checkpoint-status,,,checkpoint,4.05 - Lab,,,,,,,
label,7188c1f2-0cf9-554b-ae02-772b8b4d98d5,,note,Material Test Method Requirement - Air Voids,,,,,,,
label,326b7412-27b8-558b-9918-fe9b5f710ac1,,note,"Reference Documents - NZTA M10: 2020 Table 5.2, NZTA M27:2020 Table 5.2, TNZ P/11:2007 Table 7.1",,,,,,,
label,6fe197c2-74d5-5f08-a971-3ccbcb9e6faf,,note,Material Acceptance Criteria (Method) - ASTM D3203-22,,,,,,,
label,35f8d412-e184-5d15-90da-a22197199620,,note,Material Test Frequency - One test per 900 t of asphalt plant production,,,,,,,
label,b5b9c78d-ef46-5293-9924-83f0293b8785,,note,Target Criteria - As specified for each mix type,,,,,,,
label,f74061a8-cfe2-5d26-a066-face8f9cc51a,,note,Action Point Records Required - Test record,,,,,,,
label,366c71ac-d0c6-5b53-87d1-384b965cb91f,,note,Responsibility - SE / PE / PM / PQE,,,,,,,
checkpoint-status,,,checkpoint,4.06 - Lab,,,,,,,
label,6a0582ec-3f3f-57c8-92e5-529e84bb1650,,note,Material Test Method Requirement - Maximum Theoretical Specific Gravity,,,,,,,
label,decbf91b-bf49-5061-ba65-a89aecbfa08e,,note,"Reference Documents - NZTA M10: 2020 Table 5.2, NZTA M27:2020 Table 5.2, TNZ P/11:2007 Table 7.1",,,,,,,
label,1a2d1159-2be1-50cd-9ec0-cb45d6710f66,,note,Material Acceptance Criteria (Method) - ASTM D2041,,,,,,,
label,48147a46-ab8c-513e-bb00-7a6b324cae32,,note,Material Test Frequency - One test per 900 t of asphalt plant production,,,,,,,
label,694ec183-8c9d-5377-81bb-6919fc54d39c,,note,Target Criteria - Report Value,,,,,,,
label,cdbd5e73-ddda-52e3-87f4-1d65ebc51666,,note,Action Point Records Required - Test record,,,,,,,
label,419a830c-da46-55b8-9c46-c224fc0b873a,,note,Responsibility - SE / PE / PM / PQE,,,,,,,
checkpoint-status,,,checkpoint,4.07 - Field,,,,,,,
label,88bee2ec-f686-54cb-8a21-a710eaea4f4d,,note,Material Test Method Requirement - Load Locate,,,,,,,
label,e83eba02-76ae-525e-8a42-4fe8593bb43b,,note,Reference Documents - Downer Procedures,,,,,,,
label,a7e5c555-c3e3-5656-97ab-e5211354f01a,,note,Material Acceptance Criteria (Method) - Each load can be indentified to a location. Record includes:,,,,,,,
label,c2b61529-84fe-5dd1-9489-f757f3fbbd52,,note,– Truck ID/Rego/Driver,,,,,,,
label,3d12f4f6-6c51-500b-9e90-2b088e75b8e1,,note,– Depart Plant Time,,,,,,,
label,f3a4200f-35a4-5681-843a-169e0c04c2ea,,note,– Arrive Site Time,,,,,,,
label,fa30dfe7-fe8b-5376-a222-ab03afb05b92,,note,– AC Temp on Arrival,,,,,,,
label,3889a381-b014-5791-b01d-a3654851c667,,note,– Ground Temp on Arrival,,,,,,,
label,f35f0789-dd6f-5b7f-aaba-c803240f27d9,,note,– Tonnage,,,,,,,
label,6ff753f6-f608-5fef-981d-e7b58e895527,,note,– Run Width,,,,,,,
label,e264a5a6-9e3e-51ee-8841-b4cef5c660d7,,note,– Estimated Run Length,,,,,,,
label,76ef0a28-cf11-5c30-952b-3cc4a25996d3,,note,– Calculated Area,,,,,,,
label,86e1ecfd-0888-5a58-8502-c15e5a9b62d6,,note,– Calculated Average Depth,,,,,,,
label,957999f9-3a71-5c95-9845-12ea76885e71,,note,Material Test Frequency - Every Load,,,,,,,
label,a1471619-d002-5875-b006-275c904c152f,,note,Target Criteria - All data is collected,,,,,,,
label,43c7f9b4-f67a-5128-b3a1-071fdfca0200,,note,Action Point Records Required - QA Sheet,,,,,,,
label,205820a2-fcfb-52cd-a7f2-e154e377c5e6,,note,Responsibility - QA / SE / PE,,,,,,,
checkpoint-status,,,checkpoint,4.08 - Field,,,,,,,
label,e8c1e572-1a70-5a7e-9436-0fe9fe0ef28d,,note,Material Test Method Requirement - NDM Density Testing On-Site Mat and Joint,,,,,,,
label,9e12e809-737c-5b16-abde-69391e490242,,note,"Reference Documents - NZTA M10:2020 9.9.1 and 9.9.2, NZTA M27:2020 9.9.1 and 9.9.2",,,,,,,
label,f537e9b1-a296-5a99-b389-b69f67601a59,,note,"Material Acceptance Criteria (Method) - ASTM D2950, ASTM D5361",,,,,,,
label,a75f5fac-3e0f-561a-96ad-731ae697b75b,,note,Material Test Frequency - 1 test per 300m² per layer (Min 8 / Construction lot),,,,,,,
label,6ac0d290-5410-5171-b58b-fe7f24d5a874,,note,○ 1 test per 100m per layer length (min 3 / Construction lot),,,,,,,
label,13840120-5fbf-54e2-9ec1-b3262cc2fb46,,note,"Target Criteria - Mat: Mean air voids JMF +3,-2",,,,,,,
label,c10ad175-511d-5405-ba93-c7fb2826e663,,note,"○ Join: Mean air voids JMF +5,-2",,,,,,,
label,9dbd1423-58b6-5e74-bfeb-6eba536ee02b,,note,Action Point Records Required - Test record,,,,,,,
label,ee87f9cb-9d28-5739-a3a9-74ab564d6f49,,note,Responsibility - QA / SE / PE,,,,,,,
checkpoint-status,,,checkpoint,4.09 - Field,,,,,,,
label,4b79e4ff-d168-5290-a19f-a264ef9c3ea3,,note,Material Test Method Requirement - Surface Level- Stringline checks for validation,,,,,,,
label,21f96f03-d5b4-5727-92ab-a473ffe927e1,,note,"Reference Documents - NZTA M10:2020 10.2, NZTA M27: 2020 10.2 Downer Procedures",,,,,,,
label,494c2550-74a3-5fcd-99c1-070a451f219b,,note,Material Acceptance Criteria (Method) - NZTA M/10,,,,,,,
label,b9ba6700-f771-576e-a527-d1b03f1f2af5,,note,Material Test Frequency - 5 Points across full width of carriageway at 10m frequency,,,,,,,
label,ed803c8b-e6b2-5876-9a53-0fea451e1fd5,,note,"○ Edge of Seal, Centre of Lane, Centerline, Centre of Lane, Edge of Seal",,,,,,,
label,9852a97f-de06-5a8f-9630-1fe235326d55,,note,Target Criteria - +15mm/-5mm from design or nominated level,,,,,,,
label,5596f386-d448-525c-80bc-6c9b3e75bd23,,note,○ No more than 8mm deviaton from a 3m straight edge,,,,,,,
label,d417b127-4357-51bb-856b-9dbaa11b94b5,,note,Action Point Records Required - Survey record,,,,,,,
label,35e5a2b6-9096-5983-966a-30cf63cbdf13,,note,Responsibility - QA / SE / PE,,,,,,,
checkpoint-status,,,checkpoint,4.10 - Field,,,,,,,
label,cafb8d5f-a482-5f82-bf97-dd530aeff262,,note,Material Test Method Requirement - Post Surfacing Inspection,,,,,,,
label,181f69eb-413d-5164-bf56-126f9a93d99e,,note,Reference Documents - CCA Procedures,,,,,,,
label,b3f7922c-5628-5ece-8b2d-80b6dfdb9b6d,,note,Material Acceptance Criteria (Method) - Contract Specifications,,,,,,,
label,6b440ce3-7e2d-575d-8ce8-cef9907b6ad9,,note,Material Test Frequency - 100% of site After surfacing (within 5 days),,,,,,,
label,06b1c1cd-72de-513a-86df-bfad1b259621,,note,Target Criteria - Line marking has been reinstated,,,,,,,
label,575702c4-97df-5b3e-bbb6-405d5b5d1607,,note,○ All excess material has been removed from site,,,,,,,
label,d7b9f9f6-2d4c-5511-991b-f4e1f580e09f,,note,○ All CPs are clear from filter fabric and any excess material removed from on top service covers,,,,,,,
label,05fa6542-c271-58ff-acdc-126e992cc261,,note,Action Point Records Required - Hold Point,,,,,,,
label,92106a43-6019-5f14-ac9a-668b98c858df,,note,Responsibility - QA / SE / PE,,,,,,,
holdpoint,,,signoff,AUTHORITY HOLDPOINT,,,,,,,
checkpoint-group,,,section,Post Construction,,,,,,,
checkpoint-status,,,checkpoint,5.01 - PQE,,,,,,,
label,200b8d7f-eb52-555e-81a6-14a8ef9c2ecd,,note,Material Test Method Requirement - Asbuilt and RAMM Data,,,,,,,
label,f72a5a35-5a9d-5fa3-ac08-785c2b3e34dd,,note,Reference Documents - RAMM Update sheet,,,,,,,
label,997e9c06-cb09-5010-8a31-762138fe1cdf,,note,Material Acceptance Criteria (Method) - Asset Management Information Plan,,,,,,,
label,103e55de-c1be-56b9-b5c6-e26003c8fe64,,note,Material Test Frequency - After works complete,,,,,,,
label,568fd26e-add3-5183-abc8-4a569e24df97,,note,Target Criteria - RAMM sheet 100% complete and accurate .,,,,,,,
label,ad4ccd32-1e54-5272-816c-573b6b01e7de,,note,Action Point Records Required - RAMM Asset Update sheet,,,,,,,
label,80e4faf6-3e0e-5e5b-9ed1-4802167fa8c4,,note,Responsibility - site engineer / Project Engineer/PQE,,,,,,,
checkpoint-status,,,checkpoint,5.02 - Lab,,,,,,,
label,cf2bd284-6073-5252-b705-00215da3e177,,note,Material Test Method Requirement - High speed Rutting & NAASRA - Road Roughness,,,,,,,
label,86568a45-4e7c-55aa-a3ab-d6c3536961d4,,note,Reference Documents - CCA DOC,,,,,,,
label,8ff5ad7a-f279-571f-9157-60693a2714b1,,note,Material Acceptance Criteria (Method) - Laser Profilometer Survey,,,,,,,
label,dd2c5e16-d01e-5d20-87c5-e837b0c2ddae,,note,"Material Test Frequency - After first coat sealing and prior to final surfacing with either EMOGPA, OGPA, SMA, or second coat sealing; After 12 months of trafficking; End of defects liability",,,,,,,
label,22c10ade-f858-5b6f-874f-bc9a2866cbe0,,note,○ All lanes at 20m intervals in each wheel path and staggered by 10m between wheel paths,,,,,,,
label,5595abbd-9639-57c2-8ab0-86d03629d0f6,,note,Target Criteria - High Speed Rutting: > 5mm Report to Designer,,,,,,,
label,c175a12d-8a11-57fd-a3b9-2d52c5a47819,,note,○ NAASRA reading:Shall not exceed 70 counts/km as a 95th percentile value,,,,,,,
label,b1c3ecc6-3fc1-5cd3-8dbc-83f33c2eaa6b,,note,Action Point Records Required - Test Record,,,,,,,
label,3941ce1c-be96-5277-9796-c88174ca456f,,note,Responsibility - site engineer / Project Engineer/PQE,,,,,,,
,,,,,,,,,,,
checklist-sectioned,,,checklist,ITP - GRANULAR REHAB INSPECTION TESTING PLAN,itp,,,,Yes,ITP - GRANULAR REHAB INSPECTION TESTING PLAN Rev 1,b74486b2-4f30-44da-be0d-73437d9c3ba8
checkpoint-group,,,section,Subgrade,,,,,,,
checkpoint-status,,,checkpoint,1.01 - Field,,,,,,,
label,217c5661-52f7-552b-a7ab-a5a90f6909ef,,note,Material Test Method Requirement - Scala Penetrometer Cohesive soils only,,,,,,,
label,3a65fdda-d08c-50f0-af6b-8a8e1d6dd4c0,,note,Reference Documents - RITS Table 3-20,,,,,,,
label,133e5ec1-a90b-5583-b99d-ddd18d80a640,,note,Material Acceptance Criteria (Method) - NZS 4402.6.5.2:1988,,,,,,,
label,7802ce43-eda7-5df5-a9ae-7ddfda0dfaf6,,note,"Material Test Frequency - 1m inside of edge of seal, on alternating lanes, at 10m spacing (no greater than 20m between tests)",,,,,,,
label,46cc95f5-2963-5366-a384-28e51fa23d03,,note,"○ Minimum of 10 tests and/or at a frequency of 1 test per 10m chainage, whichever qty is greater",,,,,,,
label,2fdbc726-0ca9-51fc-a66d-28d8647cc7dd,,note,Target Criteria - Confirm design assumptions - Scalar reaches minimum 7 blows/300mm,,,,,,,
label,bff3ab40-b400-594e-886c-d7655d64c207,,note,Action Point Records Required - Test Record,,,,,,,
label,9fd66279-5859-519f-9073-dd2a21c24c2e,,note,Responsibility - QA / SE / PE,,,,,,,
checkpoint-status,,,checkpoint,1.02 - Field,,,,,,,
label,4da70fcc-7525-53db-9778-98dd519de912,,note,Material Test Method Requirement - Clegg Hammer Aggregate fill only where subgrade undercut or trench backfilled,,,,,,,
label,fa1197f3-3226-58c7-9810-84d0197c4154,,note,Reference Documents - RITS Table 3-21,,,,,,,
label,d8f05b8b-cbeb-559d-a0e6-809fc70de94c,,note,"Material Acceptance Criteria (Method) - RITS 3.8.3.3, ASTM D5874-16",,,,,,,
label,f9fba30a-986a-5511-b004-c3c484204bb8,,note,"Material Test Frequency - In centre of undercut or trench, Minimum of 1 test per undercut location",,,,,,,
label,99177218-9f58-5063-946f-15058d750d23,,note,Target Criteria - CIV ≥ 15 or CBR of 20,,,,,,,
label,22ab9787-a494-5022-8aeb-ef5d8454c99b,,note,Action Point Records Required - Test Record,,,,,,,
label,a1280a49-e622-5738-a646-f92f08eea303,,note,Responsibility - QA / SE / PE,,,,,,,
checkpoint-status,,,checkpoint,1.03 - Field,,,,,,,
label,8076f805-8775-5018-9627-10381b293b95,,note,"Material Test Method Requirement - Surface Level, Shape, and crossfall",,,,,,,
label,59a028f6-cd8c-5b79-b701-63d760caa071,,note,Reference Documents - RITS Table 3.24,,,,,,,
label,225e2ba0-e5be-5752-9b11-20c6d8b5fffd,,note,Material Acceptance Criteria (Method) - TNZ B/02:2005 Section 5 Fig 1,,,,,,,
label,5ba26114-b3de-5845-891e-f6e3b4fdf545,,note,Material Test Frequency - 5 Points across full width of carriageway at 10m frequency,,,,,,,
label,ba4d9ade-1f23-5319-9ce1-a8d58737781a,,note,"○ Edge of Seal, Centre of Lane, Centerline, Centre of Lane, Edge of Seal",,,,,,,
label,7f22a1e6-6d6a-56b5-afc3-cd3e03d032da,,note,Target Criteria - +0mm/-30m from design or nominated level,,,,,,,
label,bc5bf8b8-25c6-5e47-b943-d374e460e63c,,note,○ No more than 15mm deviation from a 3m straight edge,,,,,,,
label,d0e8e422-eebc-5e6f-a5c2-5aa632ee39c0,,note,Action Point Records Required - Survey record,,,,,,,
label,44e73bf1-4759-5d82-a8d4-9125f088699e,,note,Responsibility - QA / SE / PE,,,,,,,
checkpoint-status,,,checkpoint,1.04 - Field,,,,,,,
label,4ba8327e-d6e3-53b9-8c07-e8569bddc636,,note,Material Test Method Requirement - Tenser Triaxial Geogrid and Geofabric (cloth) installation,,,,,,,
label,776e8d66-53a2-5ac0-b785-348fa908a026,,note,Reference Documents - Tensar construction sequence CS_TriAx/30.04.08,,,,,,,
label,b1977f3b-775f-556a-9d1b-e9fb4ad0bb50,,note,Material Acceptance Criteria (Method) - Manufracture installation instructions,,,,,,,
label,192439ae-aff8-5d75-ad84-858077eae986,,note,Material Test Frequency - 100% of Surface,,,,,,,
label,74c5ab3f-aadd-533c-9791-25e1766c191a,,note,Target Criteria - Maintain minimum 300mm overlap between each roll on longitudinal and transverse joints.,,,,,,,
label,ef61f35b-cc25-577e-a84f-6bb115d14cd5,,note,○ Geogrid and Geofabric shall be neatly installed without creases or folds.,,,,,,,
label,04eac2e0-38de-51b3-a298-e33d318cc6b1,,note,Action Point Records Required - Site Record,,,,,,,
label,12eddcc3-4f6e-555a-a5c8-055a7872039f,,note,Responsibility - QA / SE / PE,,,,,,,
checkpoint-status,,,checkpoint,1.05 - PQE,,,,,,,
label,dfc1f7f7-7272-5839-8256-b2a6e2cfc245,,note,Material Test Method Requirement - Is the layer closed out?,,,,,,,
label,af97ccbe-8dad-5e19-9367-e8665e611ae3,,note,Reference Documents - See PQE,,,,,,,
label,475b2664-5e89-5a50-b7fa-b98e005952ef,,note,Material Acceptance Criteria (Method) - See PQE,,,,,,,
label,4027b42e-d650-5003-9c3a-07d71202b3cc,,note,Material Test Frequency - 100% of Surface Prior to placement of material,,,,,,,
label,02afbcf8-9035-5f8c-a837-ea8aed4da809,,note,Target Criteria - PQE Approval,,,,,,,
label,f6d999d3-4262-599d-a764-5e78f437cf91,,note,○ All testing record & reviewed as compliant.,,,,,,,
label,6ef92a32-9ce2-5289-b63f-7e1a7296c25b,,note,Available Documents:,,,,,,,
label,0b1df901-e115-5587-86da-88da8de2d880,,note,○ Test records,,,,,,,
label,2fc702d2-3fe4-5804-bfae-27c4d1628b13,,note,○ Survey records,,,,,,,
label,177b54cf-79e5-51b3-9516-3e109b5b4ad9,,note,○ Hold Point Records,,,,,,,
label,bc7746a1-2c80-5328-9056-a9b6e020444a,,note,Action Point Records Required - Hold Point,,,,,,,
label,6ecb63a7-4788-5326-8b6d-67c0739d3a90,,note,Responsibility - SE / PE / PM / PQE,,,,,,,
holdpoint,,,signoff,AUTHORITY HOLDPOINT,,,,,,,
checkpoint-group,,,section,Subbase,,,,,,,
checkpoint-status,,,checkpoint,2.01 - PQE,,,,,,,
label,4e17b1ac-0e6c-5612-b1a2-c859db4c2c95,,note,Material Test Method Requirement - Has the material used in this layer been formally accepted for use?,,,,,,,
label,a1d01ca8-c4df-5e1d-9be7-59e5207a058f,,note,Reference Documents - Insert Material Testing link,,,,,,,
label,43a93335-8969-5841-b990-616de0075df6,,note,Material Acceptance Criteria (Method) - See PQE,,,,,,,
label,8b55a06a-85db-5e89-a02f-bb5d54077ed2,,note,Material Test Frequency - Prior to construction commencing,,,,,,,
label,49e30b3c-2d72-581f-a5fd-2e9651a12bda,,note,Target Criteria - Material meets project requirements,,,,,,,
label,9d8cd007-1f60-5f88-a075-83fc8c6173c7,,note,Action Point Records Required - Hold Point,,,,,,,
label,3b7138fc-4818-5554-91d6-178db1867a85,,note,Responsibility - SE / PE / PM / PQE,,,,,,,
holdpoint,,,signoff,AUTHORITY HOLDPOINT,,,,,,,
checkpoint-status,,,checkpoint,2.02 - Field,,,,,,,
label,17612ea0-406c-5ca2-988a-f21a01188a08,,note,Material Test Method Requirement - Plateau Density Test,,,,,,,
label,f5d4e46c-bac7-5c1a-bac6-b1231894b293,,note,Reference Documents - TNZ B/02: 2005,,,,,,,
label,ec154a61-db3a-59a6-b7ec-35e2fb367ef5,,note,Material Acceptance Criteria (Method) - TNZ B/02: 2005,,,,,,,
label,3d9cf93a-d25e-50f3-90d5-99f746d59b7b,,note,Material Test Frequency - Minimum of 1 test per to determine obtainable MDD target for Compliance NDM testing,,,,,,,
label,53980568-45dd-5dce-8101-32374a313787,,note,○ Target to be approved by Engineer,,,,,,,
label,de7a4797-91b2-5828-986c-a00ad3240a5d,,note,Target Criteria - N/A,,,,,,,
label,54641c7b-c6b0-5588-81ab-2f4f8413dd81,,note,"Action Point Records Required - Hold Point, Test Record",,,,,,,
label,55ac252f-cf45-5103-b919-dc907a2b1526,,note,Responsibility - SE / PE / PM / PQE,,,,,,,
holdpoint,,,signoff,AUTHORITY HOLDPOINT,,,,,,,
checkpoint-status,,,checkpoint,2.03 - Field,,,,,,,
label,2f62eb67-6927-5981-85da-9fe62505948e,,note,Material Test Method Requirement - Clegg Hammer,,,,,,,
label,dafe8cf0-4f8e-5408-bc00-1e843ad44045,,note,Reference Documents - RITS Table 3-21,,,,,,,
label,a57c0813-5009-5942-87c9-9f4fb2e61bce,,note,"Material Acceptance Criteria (Method) - RITS 3.8.3.3, ASTM D5874-16",,,,,,,
label,0a8904c6-432a-598f-8e39-ff96fdcbd0d0,,note,"Material Test Frequency - Scattered across carriageway width, at 20m spacing (no greater than 40m between tests, no closer than 10m)",,,,,,,
label,af16604e-49b8-54fc-ba4a-0e60b374ce28,,note,"○ Minimum of 5 tests and/or at a frequency of 1 test per 200m², whichever qty is greater",,,,,,,
label,50e45a78-d000-5e33-aa0e-6dbeeb7bfe2e,,note,Target Criteria - CIV ≥ 25,,,,,,,
label,aec72f6b-d942-524e-9307-c7bb75b97c7b,,note,Action Point Records Required - Test Record,,,,,,,
label,507c570b-c473-55cf-a6c4-180b1415fb15,,note,Responsibility - QA / SE / PE,,,,,,,
checkpoint-status,,,checkpoint,2.04 - Field,,,,,,,
label,55cd34b5-e8e0-5c76-ac21-099599e61940,,note,Material Test Method Requirement - Compaction NDM Back Scatter,,,,,,,
label,24b1889e-1a8b-591e-97c2-fef5dab1dec2,,note,Reference Documents - RITS Table 3-22,,,,,,,
label,5739aecb-0001-5010-b6ec-4aada27b1540,,note,"Material Acceptance Criteria (Method) - RITS 3.8.3.4, 4407:2015 test 4.3",,,,,,,
label,2416baa1-627d-5eda-b0a7-dede97b2abc3,,note,"Material Test Frequency - Scattered across carriageway width, at 20m spacing (no greater than 40m between tests, no closer than 10m)",,,,,,,
label,77d54de2-a490-5510-9b3b-ccf7310aeea9,,note,"○ Minimum of 5 tests and/or at a frequency of 1 test per 200m², whichever qty is greater",,,,,,,
label,fad2497c-62e2-58d2-a7ef-8c8467d478d4,,note,Target Criteria - Mean ≥ 95 % MDD,,,,,,,
label,4b87e9b4-7cdc-58fc-aad9-a3603b29fc5b,,note,○ Minimum ≥ 92% MDD,,,,,,,
label,b94ba9ce-ca36-59f0-a291-63486a70fce3,,note,Action Point Records Required - Test Record,,,,,,,
label,db71aa11-d97b-56f5-8dfa-d08c35810b21,,note,Responsibility - QA / SE / PE,,,,,,,
checkpoint-status,,,checkpoint,2.05 - Field,,,,,,,
label,2461d8a1-2853-5b8c-8025-0ef0e9a41931,,note,"Material Test Method Requirement - Surface Level, Shape, and crossfall",,,,,,,
label,f9d1bc7c-be01-50a3-8a0f-3b09a4ab3cf3,,note,Reference Documents - RITS Table 3.24,,,,,,,
label,256104bc-683c-5056-a2a5-4a161c812f7f,,note,Material Acceptance Criteria (Method) - TNZ B/02:2005 Section 5 Fig 1,,,,,,,
label,e8c5af2d-7e98-565c-b021-ab2d023e0380,,note,Material Test Frequency - 5 Points across full width of carriageway at 10m frequency,,,,,,,
label,6a483674-1b54-575f-b57f-71fc44a7537b,,note,"○ Edge of Seal, Centre of Lane, Centerline, Centre of Lane, Edge of Seal",,,,,,,
label,7c720fb2-ad5d-5502-a862-f1e351d49f62,,note,Target Criteria - +5mm/-25m from design or nominated level,,,,,,,
label,9cd91d47-5290-51ed-8be1-251389ebc3c8,,note,○ No more than 15mm deviation from a 3m straight edge,,,,,,,
label,ff69ed24-a19e-54cc-85fa-10f1cd61794d,,note,Action Point Records Required - Survey record,,,,,,,
label,727b94e9-cbdc-543e-9e04-aa4d4db88200,,note,Responsibility - QA / SE / PE,,,,,,,
checkpoint-status,,,checkpoint,2.06 - PQE,,,,,,,
label,51aba292-d103-54b2-b5f3-987f90cbb452,,note,Material Test Method Requirement - Is the layer closed out ?,,,,,,,
label,867ecb5b-1b55-52d5-9468-7f792c168f2e,,note,Reference Documents - See PQE,,,,,,,
label,62da9652-cc87-532d-bcba-156aba5ca1c9,,note,Material Acceptance Criteria (Method) - See PQE,,,,,,,
label,8a4e3b41-5cd6-5d46-877c-8f3b46a91ba4,,note,Material Test Frequency - 100% of Surface Prior to placement of material,,,,,,,
label,c0ac5202-6a89-5bb6-ac2f-e27199f3644a,,note,Target Criteria - PQE Approval,,,,,,,
label,bd913970-ce2c-56c5-bc4f-6901d92e0c39,,note,○ All testing record & reviewed as compliant.,,,,,,,
label,418155dd-cfb2-5b43-93ef-29d1c2292807,,note,Available Documents:,,,,,,,
label,7300ffca-a510-5db4-bec1-fdb715909978,,note,○ Test records,,,,,,,
label,e1d84957-ca31-528b-9ef8-dc7d0c47304d,,note,○ Survey records,,,,,,,
label,3165f9ff-0825-53a0-a093-cc5ad70113c5,,note,○ Hold Point Records,,,,,,,
label,55c09936-04d6-596b-bc65-577081b612e2,,note,Action Point Records Required - Hold Point,,,,,,,
label,cc9a8145-6597-5b88-8df7-17c52704c2f2,,note,Responsibility - SE / PE / PM / PQE,,,,,,,
holdpoint,,,signoff,AUTHORITY HOLDPOINT,,,,,,,
checkpoint-group,,,section,Basecourse,,,,,,,
checkpoint-status,,,checkpoint,3.01 - PQE,,,,,,,
label,d89b9fd0-390c-5a4f-9ebd-af6416da7b32,,note,Material Test Method Requirement - Has the material used in this layer been formally accepted for use?,,,,,,,
label,11591ee0-5257-5bb9-9d3d-09e420021ce4,,note,Reference Documents - See PQE,,,,,,,
label,0e160e31-dce9-5bb3-acfd-c8cdd11dfdb7,,note,Material Acceptance Criteria (Method) - See PQE,,,,,,,
label,473a5e87-8f04-556a-9443-418988173346,,note,Material Test Frequency - Prior to construction commencing,,,,,,,
label,753f9814-1f41-51a8-9cfe-82c958ffc466,,note,Target Criteria - Material meets project requirements,,,,,,,
label,e18366fd-8422-5c52-a973-01ed37acbba6,,note,Action Point Records Required - Hold Point,,,,,,,
label,5ac12076-488d-5ea4-b876-0e08c923ff77,,note,Responsibility - SE / PE / PM / PQE,,,,,,,
holdpoint,,,signoff,AUTHORITY HOLDPOINT,,,,,,,
checkpoint-status,,,checkpoint,3.02 - Field,,,,,,,
label,5dd3f8d4-04d8-58c6-90b7-307d35dd5fa7,,note,Material Test Method Requirement - Cement application Mat test,,,,,,,
label,f1d05917-8a28-5b24-897c-316826012acb,,note,Reference Documents - TNZ B/5:2008,,,,,,,
label,5db59e49-c1b3-58d8-93fd-753a58179c7f,,note,Material Acceptance Criteria (Method) - TNZ B/5:2008,,,,,,,
label,9c5d86fe-2806-58c7-9786-c294ab3fc986,,note,Material Test Frequency - 1 test per 400m² (minimum 1 per run),,,,,,,
label,e34469de-a6dc-5ae2-9708-c4db8acd1112,,note,Target Criteria - ±0.50kg/m² of specified rate,,,,,,,
label,44944e70-a036-5651-9729-7bed04d17dee,,note,Action Point Records Required - Stabilisation QA sheet,,,,,,,
label,ce82c926-dc5d-52c7-ac4a-62a12ef6d108,,note,Responsibility - QA / SE / PE,,,,,,,
checkpoint-status,,,checkpoint,3.03 - Field,,,,,,,
label,c60e5753-965f-5306-899a-ad6023cd49eb,,note,Material Test Method Requirement - Stabilisation Depth,,,,,,,
label,21b07c92-448f-5d58-a871-4f1b38af4b23,,note,Reference Documents - TNZ B/5:2008,,,,,,,
label,34483f54-d26c-5e01-9d23-f409db9b4d88,,note,Material Acceptance Criteria (Method) - TNZ B/5:2008,,,,,,,
label,860c0023-58f7-5184-b7ef-d17b5f898d6c,,note,Material Test Frequency - 2 test per 400m² (minimum 1 per run),,,,,,,
label,08c336c3-6572-5a19-8008-f97594ad2b9f,,note,"Target Criteria - Visual check to confirm that cement has been mixed to the correct depth, and as near as possible to full depth without mixing into the previous layer",,,,,,,
label,f31a62f0-dac9-5a5c-b634-4de1ba1d77a4,,note,Action Point Records Required - Stabilisation QA sheet,,,,,,,
label,2aaa9f8a-8007-5530-85dc-d1aa7b4613fd,,note,Responsibility - QA / SE / PE,,,,,,,
checkpoint-status,,,checkpoint,3.04 - Field,,,,,,,
label,e9d0b731-92ae-560c-9a3f-516254aa59a4,,note,Material Test Method Requirement - Plateau Density Test,,,,,,,
label,dd87ffc1-b24c-5e5d-9d7e-b14196d72b64,,note,Reference Documents - TNZ B/02: 2005,,,,,,,
label,6cd7dd11-43de-5417-b234-241a1b174b7d,,note,Material Acceptance Criteria (Method) - TNZ B/02: 2005,,,,,,,
label,65bc1887-c7e5-5d26-8d9a-dfb55a0c1ff6,,note,Material Test Frequency - 1 test per site,,,,,,,
label,0a476c8c-6f92-598d-8509-9baec6159e4f,,note,Target Criteria - N/A,,,,,,,
label,fa2dc0b2-dea4-5478-a6c7-eb7fb1d4d5c4,,note,Action Point Records Required - Test Record,,,,,,,
label,039e5309-b7fd-5152-9383-ba590f1ffe2f,,note,Responsibility - SE / PE / PM / PQE,,,,,,,
checkpoint-status,,,checkpoint,3.05 - Field,,,,,,,
label,c0e6d9e2-86b0-59c7-ae60-e1ca150c5f4a,,note,Material Test Method Requirement - Clegg Hammer,,,,,,,
label,c1af60b6-fb74-5f88-b6cc-c7e5b63f18ba,,note,Reference Documents - RITS Table 3-21,,,,,,,
label,5aa0d380-71e7-5445-a835-40ceeeb27cd7,,note,"Material Acceptance Criteria (Method) - RITS 3.8.3.3, ASTM D5874-16",,,,,,,
label,87ac84c8-8380-5f45-881f-1faa6e947822,,note,"Material Test Frequency - Scattered across carriageway width, at 20m spacing (no greater than 40m between tests, no closer than 10m)",,,,,,,
label,1fcc8f37-32d9-5fde-b41a-f3c101ad2528,,note,"○ Minimum of 5 tests and/or at a frequency of 1 test per 200m², whichever qty is greater",,,,,,,
label,f3b71b40-5464-547b-abbf-49d9c7cc99ee,,note,Target Criteria - CIV ≥ 40,,,,,,,
label,33f5ad8d-22d0-50d9-a290-3b7ca6efdd39,,note,Action Point Records Required - Test Record,,,,,,,
label,23657f1e-dd33-512d-bd86-f5f498fec3a8,,note,Responsibility - QA / SE / PE,,,,,,,
checkpoint-status,,,checkpoint,3.06 - Lab,,,,,,,
label,b286bf9d-4a5f-5ea1-aa67-56dc816a2e66,,note,Material Test Method Requirement - Compaction NDM Back Scatter,,,,,,,
label,8ab6dc35-0705-5963-9be8-4d3031f2b7a8,,note,Reference Documents - RITS Table 3-22,,,,,,,
label,4fabbf8c-0259-5d78-b54c-3836b34b2c8a,,note,"Material Acceptance Criteria (Method) - RITS 3.8.3.4, 4407:2015 test 4.3",,,,,,,
label,4e260b44-d17e-56b6-91ee-c6f780f53d34,,note,"Material Test Frequency - Scattered across carriageway width, at 20m spacing (no greater than 40m between tests, no closer than 10m)",,,,,,,
label,1d305402-96a2-587b-8cee-d7b5ba17adcc,,note,"○ Minimum of 5 tests and/or at a frequency of 1 test per 200m², whichever qty is greater",,,,,,,
label,08502657-3607-5633-a3bf-6cbaa26f59c5,,note,Target Criteria - Mean ≥ 98 % MDD,,,,,,,
label,285bb911-afa3-54a7-8dd7-900bb45dab76,,note,○ Minimum ≥ 95% MDD,,,,,,,
label,993e302a-6e44-5ce7-880d-a2429ebbc4f6,,note,Action Point Records Required - Test Record,,,,,,,
label,f38ced75-9069-566b-baa2-2b446c3fd186,,note,Responsibility - QA / SE / PE,,,,,,,
checkpoint-status,,,checkpoint,3.07 - Lab,,,,,,,
label,0b4f2dbc-ebc9-50cc-a818-57c057f0c779,,note,Material Test Method Requirement - Benkelmen Beam Deflection Testing,,,,,,,
label,9e1136cf-ebec-59e4-9fcc-eb185f28bd16,,note,Reference Documents - RITS Table 3-23,,,,,,,
label,e29ab170-055b-5b27-ab1e-5a84f3f44556,,note,"Material Acceptance Criteria (Method) - RITS 3.8.3.5, ASTM D5874-16",,,,,,,
label,23f12a18-9134-5b34-8ec7-8d1dfcd049af,,note,"Material Test Frequency - 1m inside of edge of seal, on alternating lanes, at 10m spacing (no greater than 20m between tests)",,,,,,,
label,85bb246c-c73d-5453-a34d-51e1792ef34c,,note,"○ Minimum of 10 tests and/or at a frequency of 1 test per 10m chainage, whichever qty is greater",,,,,,,
label,8360afee-f16c-5e91-81f5-ab7d4479c1eb,,note,Target Criteria - Max deflection allowed: 1.83mm,,,,,,,
label,d2bfde77-f9b7-5a77-abc7-bfca8a7245de,,note,○ From design report - due to non-RITs compliant Subgrade CBR,,,,,,,
label,bf080c70-0a74-588b-8026-bc7a52e94d1e,,note,Action Point Records Required - Test Record,,,,,,,
label,c881c64f-8672-5269-854a-b91892516da2,,note,Responsibility - QA / SE / PE,,,,,,,
checkpoint-status,,,checkpoint,3.08 - Field,,,,,,,
label,fbc4b6a1-2917-530e-b17f-ee6da4ff873e,,note,"Material Test Method Requirement - Surface Level, Shape, and crossfall",,,,,,,
label,2a8ceb4d-386a-5b65-8a05-012a9d25ba27,,note,Reference Documents - RITS Table 3.24,,,,,,,
label,e58e894f-5e40-58e0-98ac-4506e9c66f27,,note,Material Acceptance Criteria (Method) - TNZ B/02:2005 Section 5 Fig 1,,,,,,,
label,6fafd489-d9d9-51e0-b23a-2ba8d7596d0d,,note,Material Test Frequency - 5 Points across full width of carriageway at 10m frequency,,,,,,,
label,1b8a4d8d-b30e-543c-8437-dd57675a2138,,note,"○ Edge of Seal, Centre of Lane, Centerline, Centre of Lane, Edge of Seal",,,,,,,
label,143ff4a3-6ff7-5e72-8032-ee038a11ca14,,note,Target Criteria - +10mm/-0mm from design or nominated level,,,,,,,
label,9a1e64df-c4c0-51d4-94f2-99e3468fcd58,,note,○ No more than 12mm deviation from a 3m straight edge,,,,,,,
label,dcaccffa-ce94-57c8-94b8-abfb32138237,,note,Action Point Records Required - Survey record,,,,,,,
label,786943df-1e2d-5040-9e6e-2e60d14b4d7a,,note,Responsibility - QA / SE / PE,,,,,,,
checkpoint-status,,,checkpoint,3.09 - Field,,,,,,,
label,d7cb7000-8fc5-522f-88d3-4e89c6cd3fef,,note,Material Test Method Requirement - Visual Inspection of Basecourse Surface,,,,,,,
label,3fdbaa6f-5376-5874-b9e1-3338717a6b94,,note,Reference Documents - TNZ B/02: 2005 7.8,,,,,,,
label,c723dd8e-4f67-5133-a078-d9f0202e5ef5,,note,Material Acceptance Criteria (Method) - TNZ B/02: 2005 7.8,,,,,,,
label,8bbc1d23-a12d-55eb-830c-5ac4a653b09e,,note,Material Test Frequency - 100% of Surface Prior to sealing of surface,,,,,,,
label,18c01434-e1e2-5c51-8ac3-196d987b407e,,note,"Target Criteria - Engineers Approval (The larger aggregate is held in place by with a matrix of smaller aggregates, the smaller aggregate is held firmly in place by fine material, and the matrix does not displace under normal trafficking or sweeping No evidence of rutting in surface)",,,,,,,
label,44084d4b-0cee-5a5d-84ce-7cb6df73b5ba,,note,Action Point Records Required - Hold Point,,,,,,,
label,99de7704-b5ea-5aff-899f-7c1d521fcb27,,note,Responsibility - SE / PE / PM / PQE / ER,,,,,,,
holdpoint,,,signoff,AUTHORITY HOLDPOINT,,,,,,,
checkpoint-status,,,checkpoint,3.10 - PQE,,,,,,,
label,a5649b61-eb6c-5deb-a88c-22453df7b9ef,,note,Material Test Method Requirement - Is the layer closed out ?,,,,,,,
label,75a2432e-419e-5f6c-ab32-5da24dcff6ea,,note,Reference Documents - See PQE,,,,,,,
label,52e8b236-579b-5be8-866d-aa90a0671e49,,note,Material Acceptance Criteria (Method) - See PQE,,,,,,,
label,da34bcfd-9d55-51c1-8883-e1e2d04ac1cb,,note,Material Test Frequency - 100% of Surface Prior to sealing of surface,,,,,,,
label,598cef2d-cf75-58c4-9103-d268905865a7,,note,Target Criteria - Engineers Approval,,,,,,,
label,4812bbfa-f9d6-5377-a8be-bc6a3fa44f4e,,note,○ All testing record & reviewed as comliant.,,,,,,,
label,ac8e2aa8-5af0-5505-ab41-11ead8e2e9e5,,note,Available Documents:,,,,,,,
label,7b2ef9f7-55f2-50cc-ac01-a38151082f83,,note,○ Test records,,,,,,,
label,5b4f9d0c-5945-598b-bf1d-6e9dacf74e04,,note,○ Survey records,,,,,,,
label,75eecdc4-1920-5d93-a2a4-e64bf986b29a,,note,○ Hold Point Records,,,,,,,
label,36ee847e-9da0-5014-b92d-2f42bb967c6e,,note,Action Point Records Required - Hold Point,,,,,,,
label,ccecc880-dbea-5b9d-8524-92e138a545b0,,note,Responsibility - SE / PE / PM / PQE / ER,,,,,,,
holdpoint,,,signoff,AUTHORITY HOLDPOINT,,,,,,,
checkpoint-group,,,section,Membrane or First Coat Seal,,,,,,,
checkpoint-status,,,checkpoint,4.01 - PQE,,,,,,,
label,41ce1379-6134-5e8d-aac9-e5ecace1c190,,note,Material Test Method Requirement - Seal Design,,,,,,,
label,70ef40bd-e452-5103-b7e5-cc3f8b6cac6d,,note,Reference Documents - INSERT SEAL DESIGN,,,,,,,
label,f1e10dc2-d103-59d8-91d6-9174361d0366,,note,Material Acceptance Criteria (Method) - TNZ M/1 Table 1 Tests,,,,,,,
label,94a02d35-418a-5739-8769-23050648fb49,,note,Material Test Frequency - Prior to sealing commencing (Minimum 1 week prior to application),,,,,,,
label,12d56daf-82ca-57f8-8906-ff6e248d7a3e,,note,Target Criteria - Meets project requirements,,,,,,,
label,6a4118fa-cbac-52b5-b8c0-2c31e7c0a711,,note,Action Point Records Required - Hold Point,,,,,,,
label,1fa47671-537a-5309-83bd-3e378bb583bb,,note,Responsibility - SE / PE / PM / PQE / ER,,,,,,,
holdpoint,,,signoff,AUTHORITY HOLDPOINT,,,,,,,
checkpoint-status,,,checkpoint,4.02 - PQE,,,,,,,
label,be365c2e-5fc7-5108-b195-7e4407502aa2,,note,Material Test Method Requirement - Bitumen Sprayer,,,,,,,
label,3a4df9eb-52b5-5050-a816-40453de118eb,,note,Reference Documents - TNZ P3,,,,,,,
label,3ea963ec-43b9-59c9-aecc-b2f2a1492fb6,,note,Material Acceptance Criteria (Method) - Certification provided,,,,,,,
label,a90d80ef-bd47-548b-a089-94341a9fc6c7,,note,Material Test Frequency - Prior to starting,,,,,,,
label,176c992e-f692-55ba-b233-b446df7b4704,,note,Target Criteria - Current E/2 Certificate,,,,,,,
label,6f5a5165-ac24-5302-88a1-fea9a01560ba,,note,Action Point Records Required - Certificate Sheet,,,,,,,
label,afd8424c-8ccf-5def-bb1e-a9ee14af8810,,note,Responsibility - SE / PE / PM / PQE / ER,,,,,,,
checkpoint-status,,,checkpoint,4.03 - PQE,,,,,,,
label,8875da92-7d31-5d67-aea1-7d6ad0ec427e,,note,Material Test Method Requirement - Has the material used in this layer been formally accepted for use?,,,,,,,
label,cd73aec3-88e2-5b30-bd70-0059cdbc503d,,note,Reference Documents - Insert Material Testing,,,,,,,
label,6101360e-4f2c-5e33-96de-48906f65d10a,,note,Material Acceptance Criteria (Method) - See PQE,,,,,,,
label,1994c5fe-ee3d-57f2-b99b-9afe29e11cc8,,note,Material Test Frequency - Prior to construction commencing,,,,,,,
label,d2f9d746-bcf6-53f0-89f6-b044699d8e35,,note,Target Criteria - Material meets project requirements,,,,,,,
label,2c5ffbd1-38aa-538d-bc92-3fd73c4ac65e,,note,Action Point Records Required - Hold Point,,,,,,,
label,98d1f77e-c544-5868-a3a9-15b9a3da7679,,note,Responsibility - SE / PE / PM / PQE,,,,,,,
holdpoint,,,signoff,AUTHORITY HOLDPOINT,,,,,,,
checkpoint-status,,,checkpoint,4.04 - Field,,,,,,,
label,9337bdc2-855d-5fb4-b9e9-904ad65b091a,,note,Material Test Method Requirement - Preseal Inspection,,,,,,,
label,392617a4-7b02-546b-8632-c6585bfa609f,,note,Reference Documents - TNZ B/02: 2005,,,,,,,
label,bf8a7d3f-059b-59dd-a468-c064eefc5950,,note,Material Acceptance Criteria (Method) - TNZ B/02: 2005,,,,,,,
label,c7b20a21-eb7f-586f-b2c8-d306fefbada4,,note,Material Test Frequency - 100% of Surface Prior to sealing of surface,,,,,,,
label,a16589c9-a040-5ab6-af40-d19436cbe45f,,note,"Target Criteria - All loose aggregate, dirt, dust, silt and deleterious matter has been removed.",,,,,,,
label,982ca5a1-1785-5acb-8006-22959e8d36c3,,note,Action Point Records Required - Test Record,,,,,,,
label,909321db-6de9-55d5-9c06-ee741acfb48d,,note,Responsibility - FM /QA / SE / PE,,,,,,,
checkpoint-status,,,checkpoint,4.05 - Field,,,,,,,
label,43395f88-cc7b-5268-ab63-0dd844797380,,note,Material Test Method Requirement - Degree of Saturaton,,,,,,,
label,0b5cf5ec-8bc1-5f5e-8ba2-e4ebc277ae6c,,note,Reference Documents - TNZ B/02: 2005,,,,,,,
label,e47e1254-ebbb-53fb-bf15-de2521b56ee9,,note,Material Acceptance Criteria (Method) - TNZ B/02: 2005,,,,,,,
label,eec30acc-984d-57b5-90a8-b1993647bed3,,note,Material Test Frequency - 1 set of 5 per 1000m² - then 1 per 200m²,,,,,,,
label,4eeb90e8-b2cf-5171-9983-eb3990a95a04,,note,Target Criteria - < 80 % Completed Max 48hrs before sealing,,,,,,,
label,294f2947-cdfc-5351-9e50-85e77eb58d71,,note,Action Point Records Required - Test Record,,,,,,,
label,aeffbe2a-a7e6-5005-858e-7f7c2fcc1f93,,note,Responsibility - QA / SE / PE,,,,,,,
checkpoint-status,,,checkpoint,4.06 - Field,,,,,,,
label,f0055c25-3c12-5969-8e0f-e88baba3bd10,,note,Material Test Method Requirement - GO/NO GO Survey,,,,,,,
label,487f1283-7984-5c48-b3e6-c05d8ed22938,,note,Reference Documents - Downers processes,,,,,,,
label,b941304e-f89c-5ef5-8099-3282b5480953,,note,"Material Acceptance Criteria (Method) - Downer survey sealing GO/NO GO,Road science Zeus app & Downer Iris app",,,,,,,
label,76180cf3-3f8d-529f-bff0-50b82c03c2fa,,note,Material Test Frequency - Prior to sealing on each site,,,,,,,
label,54fbb06e-8f7f-5275-9120-7ff77ce564cd,,note,"Target Criteria - Pass on GO/NO GO, Marginal & discussion with contract Manager or Written approval from Rehab manager",,,,,,,
label,d9aa6425-cf7c-5cb5-85d0-a79a159ef17c,,note,Action Point Records Required - Survey record,,,,,,,
label,46514b4a-1fdb-503a-9b80-2c3f9d212c92,,note,Responsibility - QA / SE / PE,,,,,,,
checkpoint-status,,,checkpoint,4.07 - Field,,,,,,,
label,7a135c46-629b-5820-a2ff-a3245a7b4202,,note,Material Test Method Requirement - Road temp,,,,,,,
label,3ac80d12-ae6b-5f2c-93b1-7c5800b61b6e,,note,Reference Documents - TNZ P3:1995.18,,,,,,,
label,8fc698ec-76e7-5355-836d-2ed059f11158,,note,Material Acceptance Criteria (Method) - Temperature recorded on site prior to sealing commencing,,,,,,,
label,2469b369-fbcf-5eb7-a020-fe489f5c350c,,note,Material Test Frequency - Once per day of sealing prior to sealing commencing,,,,,,,
label,8fd3a21d-8554-5da7-acbd-4bc352dc9b02,,note,Target Criteria - Air temp >10°C,,,,,,,
label,cc7d61dd-f81e-5642-bf3d-bbef158a4c64,,note,Action Point Records Required - Spray sheet,,,,,,,
label,157fc9aa-492e-5ea4-8075-34d63e83a809,,note,Responsibility - QA / SE / PE,,,,,,,
checkpoint-status,,,checkpoint,4.08 - Field,,,,,,,
label,bdaa1955-9d8c-5bb8-9e7e-d1e8b7c77351,,note,Material Test Method Requirement - Application Rate,,,,,,,
label,aa725496-7e7b-5e4b-be9a-a7bf865fcba1,,note,Reference Documents - TNZ P/3 : 1995.18,,,,,,,
label,09448168-a52d-5079-ad59-ef395aa53814,,note,Material Acceptance Criteria (Method) - Quantity of binder sprayed in any spray run measured by dipstick reading or a calibrated accumulating rev counter fiited to sprayer,,,,,,,
label,f73cd632-85d9-57ef-8946-b1cd668a2d42,,note,Material Test Frequency - Dipstick measurements before spraying is commenced from tank and after the last spray from the tank or prior to it's refilling,,,,,,,
label,9881e53f-9dea-54b2-a2db-62655264074a,,note,Target Criteria - binder application rate is +/-50ltrs + 4% of the application rate,,,,,,,
label,d167f5a6-cb56-5dbe-b762-92d78de90b65,,note,Action Point Records Required - Spray Sheet,,,,,,,
label,d8759027-e115-5aae-9847-5e6ab5f51aaf,,note,Responsibility - QA / SE / PE,,,,,,,
checkpoint-status,,,checkpoint,4.09 - Field,,,,,,,
label,56978a08-56c2-5c9f-9bef-5bc646d8b076,,note,Material Test Method Requirement - Chip spread rate,,,,,,,
label,02a5ab45-3923-5f4e-ba45-11c750b14a09,,note,Reference Documents - TNZ P3: 1995.21,,,,,,,
label,ab0fbfa3-e25d-5bec-9c6f-9c1bec7754a0,,note,"Material Acceptance Criteria (Method) - area sealed (m2) to be divided by the volume of chip spread (m3), Chipsealing in New Zealand (pg 435)",,,,,,,
label,442a4db2-e2be-5b12-9010-25efdca8b1f2,,note,Material Test Frequency - Total amount of chip used to be calculated at end of days sealing,,,,,,,
label,be57aef9-a295-5e09-900f-1cd1a203a8f8,,note,Target Criteria - Visual checks meets seal design requirements,,,,,,,
label,cb0ae1da-6619-5e41-971e-d7275a77e27a,,note,Action Point Records Required - Witness Point/Spray sheet,,,,,,,
label,1e69589f-2d8d-5754-9a2c-f7f92a1dcf7b,,note,Responsibility - QA / SE / PE,,,,,,,
checkpoint-status,,,checkpoint,4.10 - Field,,,,,,,
label,d391db62-d282-527e-81fa-a2e03055fb75,,note,Material Test Method Requirement - Rolling Checks,,,,,,,
label,8bc85263-68f0-5c8c-af1b-dcdfaef87fd9,,note,Reference Documents - TNZ P3: 1995.22,,,,,,,
label,4b15e85e-1174-52dc-a966-e15f60b63e11,,note,Material Acceptance Criteria (Method) - Sealing Record,,,,,,,
label,bfaed682-a215-5af1-aa5f-68f24aafd871,,note,Material Test Frequency - for each sealing site per day,,,,,,,
label,00c39a84-270f-5159-ac47-dc857e7cf715,,note,Target Criteria - As per rolling requirements defined in TNZ P3: 1995.22.,,,,,,,
label,fdc8b082-4046-5513-9278-660c66573a3c,,note,Action Point Records Required - Witness Point/Spray sheet,,,,,,,
label,170e2039-f457-5c9e-8fc8-abea08dd7481,,note,Responsibility - QA / SE / PE,,,,,,,
checkpoint-status,,,checkpoint,4.11 - Field,,,,,,,
label,5412f4b2-5e6f-5d6a-b338-8607f98b5824,,note,Material Test Method Requirement - Post Seal Inspection,,,,,,,
label,72ce7dbf-8387-5a94-a649-8a173305fc82,,note,Reference Documents - TNZ P3: 1995,,,,,,,
label,37d54f49-d378-5cad-a714-1c3bf78b3410,,note,Material Acceptance Criteria (Method) - Engineers Inspection,,,,,,,
label,4d75cd0f-2093-574e-8a5c-a3aea63381d6,,note,Material Test Frequency - After sealing,,,,,,,
label,9c103069-96c9-514a-8147-82fb279af508,,note,"Target Criteria - The chip is embedded, uniformily placed and chipseal is fit for purpose",,,,,,,
label,7bc3005e-ec81-513b-84b3-76715deef1d9,,note,○ Line marking has been reinstated,,,,,,,
label,3540f5f6-f945-53bb-9653-aa9dc731826b,,note,○ All excess chip has been removed from site,,,,,,,
label,d356802f-2926-57df-8bab-735a336e1eb5,,note,○ All CPs are clear from filter fabric and excess chip and any excess material removed from on top service covers.,,,,,,,
label,06f4260d-1527-5607-9a94-4abf9636934c,,note,Action Point Records Required - Hold Point,,,,,,,
label,6a513f12-6b0f-52be-a9c0-427897495ba5,,note,Responsibility - QA / SE / PE,,,,,,,
holdpoint,,,signoff,AUTHORITY HOLDPOINT,,,,,,,
checkpoint-group,,,section,Post Construction,,,,,,,
checkpoint-status,,,checkpoint,5.01 - PQE,,,,,,,
label,d0f35973-bf8f-52a1-a824-9d37004c6267,,note,Material Test Method Requirement - Asbuilt and RAMM Data,,,,,,,
label,1090b273-c9f5-5d0f-9537-6042b57cac06,,note,Reference Documents - RAMM Update sheet,,,,,,,
label,bc9bc198-ae79-5f9e-a679-a200de1ef063,,note,Material Acceptance Criteria (Method) - Asset Management Information Plan,,,,,,,
label,f79655bf-f5a4-5bfd-a4b5-2dbd8d339ded,,note,Material Test Frequency - After works complete,,,,,,,
label,9829020b-afbc-52e1-b469-61122eb669dc,,note,Target Criteria - RAMM sheet 100% complete and accurate .,,,,,,,
label,56c7e62e-8a19-5778-b4f7-1c87146b3402,,note,Action Point Records Required - RAMM Asset Update sheet,,,,,,,
label,24532aa0-0c2f-5110-ba9a-323b7027ef2f,,note,Responsibility - site engineer / Project Engineer/PQE,,,,,,,
checkpoint-status,,,checkpoint,5.02 - Lab,,,,,,,
label,39960cf4-5076-52fc-be10-b1b0978d9f36,,note,Material Test Method Requirement - High speed Rutting & NAASRA - Road Roughness,,,,,,,
label,7f72cada-6816-5ff5-aa49-4ef1b56a8828,,note,Reference Documents - CCA DOC,,,,,,,
label,3d53d405-edb6-5445-b2b4-612a9ac36f42,,note,Material Acceptance Criteria (Method) - Laser Profilometer Survey,,,,,,,
label,53bca1be-65bf-59ed-8845-bc36b8a6eaa5,,note,"Material Test Frequency - After first coat sealing and prior to final surfacing with either EMOGPA, OGPA, SMA, or second coat sealing; After 12 months of trafficking; End of defects liability",,,,,,,
label,741c5def-2719-5cb4-9a2e-da25948d5b44,,note,○ All lanes at 20m intervals in each wheel path and staggered by 10m between wheel paths,,,,,,,
label,5b3c3025-4dd0-556d-85e1-703875d056ae,,note,Target Criteria - High Speed Rutting: > 5mm Report to Designer,,,,,,,
label,52a6f1ad-442a-5719-b127-c8d20469361b,,note,○ NAASRA reading: Shall not exceed 70 counts/km as a 95th percentile value,,,,,,,
label,be4bfb58-7cec-55ef-8234-ab35003709ea,,note,Action Point Records Required - Test Record,,,,,,,
label,1a03d777-751a-5c99-aab5-fc5144085a56,,note,Responsibility - site engineer / Project Engineer/PQE,,,,,,,
,,,,,,,,,,,
checklist-sectioned,,,checklist,ITP - ASPHALT SURFACE RENEWAL INSPECTION TESTING PLAN,itp,,,,Yes,ITP - ASPHALT SURFACE RENEWAL INSPECTION TESTING PLAN Rev 1,cbab5044-b574-4f15-a7a0-29971a18fe72
checkpoint-group,,,section,Milling,,,,,,,
checkpoint-status,,,checkpoint,1.01 - Field,,,,,,,
label,5eb17e16-6356-5f43-a14b-79dafd28ecce,,note,"Material Test Method Requirement - Surface Level, Shape, and crossfall",,,,,,,
label,c13a3f16-f236-58a5-9e71-384ca82b6f43,,note,"Reference Documents - RITS Table 3.24, NZTA M10:2020 10.1",,,,,,,
label,8505615c-e2b6-5615-a277-ab2a2d93647a,,note,Material Acceptance Criteria (Method) - String line or GPS rover,,,,,,,
label,565479aa-f30d-55fc-8215-bc93083f6cd4,,note,"Material Test Frequency - 5 Points across full width of carriageway at 10m frequency, Edge of Seal, Centre of Lane, Centerline, Centre of Lane, Edge of Seal",,,,,,,
label,1ff1e347-0ad1-52fb-848b-56966e927462,,note,"Target Criteria - +10mm/-0mm from design or nominated level, No more than 8mm deviation from a 3m straight edge",,,,,,,
label,0817965a-86a6-510c-a2aa-ade0a05c30b6,,note,Action Point Records Required - Survey record,,,,,,,
label,48d7e28f-e00f-54e1-a643-3466125c790e,,note,Responsibility - QA / SE / PE,,,,,,,
checkpoint-status,,,checkpoint,1.02 - Field,,,,,,,
label,825f2aa7-8b1d-594c-8cfc-9105e6682714,,note,Material Test Method Requirement - Surface Inspection,,,,,,,
label,2d3b74d9-e5d2-51f4-9f67-9846278eacee,,note,Reference Documents - NZTA M10:2020 9.2,,,,,,,
label,b85949d8-b3f0-581c-829c-6b2612e1800b,,note,Material Acceptance Criteria (Method) - Visual Inspection,,,,,,,
label,a80fda84-103a-522e-90ab-034c797e1ae5,,note,Material Test Frequency - 100% of Surface Prior to paving,,,,,,,
label,290466be-8ed3-5a53-9bd8-0cec0f1a6d46,,note,"Target Criteria - The surface on which the paving is to be laid shall be free from standing water, and any loose material, dust, clay or foreign matter shall be removed by sweeping.",,,,,,,
label,be6a2bae-d61e-5245-af2e-68e5c2160e5c,,note,Action Point Records Required - Hold Point,,,,,,,
label,033b0fd7-9876-59d0-96a0-aae5c6ff57d6,,note,Responsibility - QA / SE / PE,,,,,,,
holdpoint,,,signoff,AUTHORITY HOLDPOINT,,,,,,,
checkpoint-status,,,checkpoint,1.03 - Field,,,,,,,
label,f4a515d3-e0fe-57d4-a902-6273f72ec948,,note,Material Test Method Requirement - Does the surface pre-treatment meet project requirments?,,,,,,,
label,7ad8e5a7-63ec-52d8-9de2-587e7a52acd0,,note,"Reference Documents - NZTA M27:2020 9.3, NZTA M10:2020 9.2, NZTA SP-M-032",,,,,,,
label,aafc4526-210c-5ad6-a4e2-8b080feea4b3,,note,Material Acceptance Criteria (Method) - Design requirements,,,,,,,
label,55871c60-190f-5b93-afaf-6f78e9955dd7,,note,○ Visual confirmation after milling,,,,,,,
label,4883d1f5-ee39-565a-a1c9-73238813f513,,note,○ NZTA SP-M-032: Step 4 Bond and Seal,,,,,,,
label,954f4976-9018-5842-b879-d7e30c05660e,,note,Material Test Frequency - 100% of Surface Prior to paving,,,,,,,
label,ba05650e-be1d-57ae-83f3-51f52e9e99d1,,note,Target Criteria - Is the suggested surface pre-treatment still suitable after inspectiing the milled surface?,,,,,,,
label,ce557bf1-ec02-5566-95d6-f748068db3ed,,note,Action Point Records Required - Hold Point,,,,,,,
label,9fc7821b-20bc-5288-accb-eb7b01f6a694,,note,Responsibility - SE / PE / PM / PQE / ER,,,,,,,
holdpoint,,,signoff,AUTHORITY HOLDPOINT,,,,,,,
checkpoint-group,,,section,"Surface pre-treatment, Membrane or Chipseal",,,,,,,
checkpoint-status,,,checkpoint,2.01 - PQE,,,,,,,
label,998fdbf9-fce2-5d08-b114-5ccac6c51042,,note,Material Test Method Requirement - Seal Design,,,,,,,
label,8312b036-1596-5ac2-9964-2d5d2072dfae,,note,"Reference Documents - NZTA M27:2020 9.3, NZTA M10:2020 9.2, NZTA SP-M-032",,,,,,,
label,cc1d4dfd-b6ff-5dcf-a8b4-7a32f8cbf5d0,,note,Material Acceptance Criteria (Method) - TNZ M/1 Table 1 Tests,,,,,,,
label,44021ff5-774b-5733-8c1b-018423f3ccb2,,note,Material Test Frequency - Prior to sealing commencing (Minimum 1 week prior to application),,,,,,,
label,054acfa0-8424-5514-8ab0-259dba396d79,,note,Target Criteria - Meets project requirements,,,,,,,
label,af7d89fb-d591-5cc9-9b59-9585262cd72d,,note,Action Point Records Required - Hold Point,,,,,,,
label,d69b33c9-8e51-5c25-b7af-18a5760fa58b,,note,Responsibility - SE / PE / PM / PQE / ER,,,,,,,
holdpoint,,,signoff,AUTHORITY HOLDPOINT,,,,,,,
checkpoint-status,,,checkpoint,2.02 - PQE,,,,,,,
label,d325cb04-ca58-54dc-be48-0fdca4672891,,note,Material Test Method Requirement - Has the material used in this layer been formally accepted for use?,,,,,,,
label,0db1327d-7452-56e9-bb00-f17628d75a32,,note,Reference Documents - Insert Material Testing,,,,,,,
label,a0a03dc2-e10a-5a8e-8086-e5f1f7fff21e,,note,Material Acceptance Criteria (Method) - See PQE,,,,,,,
label,c087094f-3910-52e7-85a3-5024614e7570,,note,Material Test Frequency - Prior to construction commencing,,,,,,,
label,07256a70-4ef2-5b22-9613-f18fec6c86dc,,note,Target Criteria - Material meets project requirements,,,,,,,
label,e8a551f7-c010-590d-a8f0-9565d715ca4a,,note,Action Point Records Required - Hold Point,,,,,,,
label,ae0c1b28-39ef-56f3-9147-dc5fa7392f2d,,note,Responsibility - SE / PE / PM / PQE,,,,,,,
holdpoint,,,signoff,AUTHORITY HOLDPOINT,,,,,,,
checkpoint-status,,,checkpoint,2.03 - Field,,,,,,,
label,757820b9-3d88-5b32-a20d-c8fd336cb8b2,,note,Material Test Method Requirement - Preseal Inspection,,,,,,,
label,41c308e9-9484-5247-97d7-af7ca39b4ec9,,note,Reference Documents - TNZ B/02: 2005,,,,,,,
label,9865a0d0-3511-5961-95b8-78f581a4bc1b,,note,Material Acceptance Criteria (Method) - TNZ B/02: 2005,,,,,,,
label,3ca3f856-e536-51c4-899b-ef17b085e792,,note,Material Test Frequency - 100% of Surface Prior to sealing of surface,,,,,,,
label,48768ea7-324c-5a1b-a01c-d032e5752ccd,,note,"Target Criteria - All loose aggregate, dirt, dust, silt and deleterious matter has been removed.",,,,,,,
label,47b355be-345f-5626-a57c-6e366a2e627b,,note,Action Point Records Required - Test Record,,,,,,,
label,8bf132b7-97ce-57c8-abb0-a59844d153f2,,note,Responsibility - FM /QA / SE / PE,,,,,,,
checkpoint-status,,,checkpoint,2.04 - Field,,,,,,,
label,a0cc64cd-e86d-5bb8-bf93-fc84a06ff3b0,,note,Material Test Method Requirement - Road temp,,,,,,,
label,69cc7b3b-1ecd-5a9d-82c5-b2576e7b304c,,note,Reference Documents - TNZ P3:1995.18,,,,,,,
label,2ee4b2b0-b7a7-525f-8348-b10f4dd469a6,,note,Material Acceptance Criteria (Method) - Temperature recorded on site prior to sealing commencing,,,,,,,
label,d360f6d5-75ca-5eee-bc16-9b3799b18353,,note,Material Test Frequency - Once per day of sealing prior to sealing commencing,,,,,,,
label,fa50cbb0-73f2-5190-8c54-2132adf67db4,,note,Target Criteria - Air temp >10°C,,,,,,,
label,350c0314-6d10-5a85-9c21-3e7e32332451,,note,Action Point Records Required - Spray sheet,,,,,,,
label,30fbd2ab-e5fa-5c8e-b024-54f3c788488b,,note,Responsibility - QA / SE / PE,,,,,,,
checkpoint-status,,,checkpoint,2.05 - Field,,,,,,,
label,eccbd2d3-0e23-52e3-a196-d03c461d7907,,note,Material Test Method Requirement - Application Rate,,,,,,,
label,bdb09615-275b-50c3-b7e9-d631cd305f05,,note,Reference Documents - TNZ P/3 : 1995.18,,,,,,,
label,1b7a5e9e-6bcf-5200-9fab-623076154b24,,note,Material Acceptance Criteria (Method) - Quantity of binder sprayed in any spray run measured by dipstick reading or a calibrated accumulating rev counter fiited to sprayer,,,,,,,
label,13b0fa3a-c5d2-5050-a5e2-1124731c8862,,note,Material Test Frequency - Dipstick measurements before spraying is commenced from tank and after the last spray from the tank or prior to it's refilling,,,,,,,
label,82aacfe7-40dc-58a6-9e6a-02e5ea497c1a,,note,Target Criteria - binder application rate is +/-50ltrs + 4% of the application rate,,,,,,,
label,df13b87e-4824-5525-a50c-7cba2670c97f,,note,Action Point Records Required - Spray Sheet,,,,,,,
label,09fbfd8f-62b1-52be-b743-c6d24b6a3e4b,,note,Responsibility - QA / SE / PE,,,,,,,
checkpoint-status,,,checkpoint,2.06 - Field,,,,,,,
label,9eead763-bb81-5f95-b6ad-a480dfb6a110,,note,Material Test Method Requirement - Chip spread rate,,,,,,,
label,27902cfa-4d06-5a21-9f65-b2172ff9d6f3,,note,Reference Documents - TNZ P3: 1995.21,,,,,,,
label,3dc2237c-1baf-5d01-882e-c94d117aef25,,note,"Material Acceptance Criteria (Method) - area sealed (m2) to be divided by the volume of chip spread (m3), Chipsealing in New Zealand (pg 435)",,,,,,,
label,1e028cf2-2009-5568-8d81-29e213ff364d,,note,Material Test Frequency - Total amount of chip used to be calculated at end of days sealing,,,,,,,
label,b0306c23-aa20-5e80-a84f-ef9022a6437e,,note,Target Criteria - Visual checks meets seal design requirements,,,,,,,
label,eed007a3-1d5e-5202-830b-1d40917abe5c,,note,Action Point Records Required - Witness Point/Spray sheet,,,,,,,
label,4712ffa8-d8c3-5236-8c5c-523531b60dee,,note,Responsibility - QA / SE / PE,,,,,,,
checkpoint-status,,,checkpoint,2.07 - Field,,,,,,,
label,03a05a92-e34f-5732-ae9b-254ad18a2534,,note,Material Test Method Requirement - Post Seal Inspection,,,,,,,
label,6186982e-05ce-5dcc-956c-b41e3fc1a68c,,note,Reference Documents - TNZ P3: 1995,,,,,,,
label,18a4d7a0-549e-56a6-a566-a5f4280334be,,note,Material Acceptance Criteria (Method) - Engineers Inspection,,,,,,,
label,ee65d32c-3083-5c4a-9c4f-7789d1bbc79d,,note,Material Test Frequency - After sealing,,,,,,,
label,0b60c547-0fb3-5652-8d7c-e6c0487a6755,,note,"Target Criteria - The chip is embedded, uniformily placed and chipseal is fit for purpose",,,,,,,
label,a24de70f-78d5-5c6f-9a5e-5df9ae8b1c37,,note,Action Point Records Required - Witness Point,,,,,,,
label,79ed917e-6995-5a3f-9ab9-ac0a4f23058f,,note,Responsibility - QA / SE / PE,,,,,,,
checkpoint-group,,,section,"DG and AC Mixes NZTA M10:2020, SMA Mixes NZTA M27:2020, PA Mixes TNZ P/11",,,,,,,
checkpoint-status,,,checkpoint,3.01 - PQE,,,,,,,
label,c5bf000c-72cc-549e-a295-c0bb6fed2742,,note,Material Test Method Requirement - Has the material used in this layer been formally accepted for use?,,,,,,,
label,94373dd6-8b53-53c4-b8bf-e894d9ac4040,,note,Reference Documents - Insert Asphalt Design & Material Records NZTA SP-M-032 Asphalt Surfacing Treatment selection Guidelines,,,,,,,
label,09259de6-da47-5a54-aaae-2f1d807fc8a4,,note,Material Acceptance Criteria (Method) - Approved Treatment Design,,,,,,,
label,bf79692b-2d1e-50a1-bfbc-4785fb8e0c21,,note,Material Test Frequency - Prior to paving works commencing,,,,,,,
label,f6a42ef4-82da-54ee-b53d-114115a2c91b,,note,Target Criteria - Treatment Design validation,,,,,,,
label,8443c5ec-274f-5306-9bde-e850b693f7ee,,note,Action Point Records Required - Hold Point,,,,,,,
label,10e40936-ff7f-5436-92d2-c9344680ac7e,,note,Responsibility - SE / PE / PM / PQE,,,,,,,
holdpoint,,,signoff,AUTHORITY HOLDPOINT,,,,,,,
checkpoint-status,,,checkpoint,3.02 - Lab,,,,,,,
label,a4f5c5c7-fe92-5d5c-8bfc-24bd130b8e91,,note,Material Test Method Requirement - In-situ mat density calibration cores,,,,,,,
label,20cdc890-ad47-589e-8993-762c0975bc12,,note,"Reference Documents - NZTA M10:2020 9.9.1, NZTA M27:2020 9.9.1",,,,,,,
label,cf13b34a-d441-5a00-b41a-80681f1ac24b,,note,Material Acceptance Criteria (Method) - ASTM D5361,,,,,,,
label,d199c698-0a10-573a-98ea-cbec21dcd63c,,note,Material Test Frequency - One test per 900 t of asphalt plant production,,,,,,,
label,603a3046-0179-5fbd-9dcb-905a515c2a6a,,note,Target Criteria - Characteristic value - mix design air void +3% -2%,,,,,,,
label,fdaa83ec-3a30-55c3-a2e8-dab1258143e9,,note,Action Point Records Required - Hold Point,,,,,,,
label,3c60383a-0832-5e02-8be1-25f86040042e,,note,Responsibility - SE / PE / PM / PQE,,,,,,,
holdpoint,,,signoff,AUTHORITY HOLDPOINT,,,,,,,
checkpoint-status,,,checkpoint,3.03 - Lab,,,,,,,
label,d7b1d990-2a9a-5e0d-bff6-617ac4db1d3e,,note,Material Test Method Requirement - Grading (Particle Size Distribution),,,,,,,
label,1b41b44c-5fd2-5398-86b6-4a631f1451ca,,note,"Reference Documents - NZTA M10: 2020 Table 5.2, NZTA M27:2020 Table 5.2, TNZ P/11:2007 Table 7.1",,,,,,,
label,3fa5c590-7bab-57eb-9479-71c250af685c,,note,Material Acceptance Criteria (Method) - NZS 4407:2015 test 3.8,,,,,,,
label,1a942bcd-39b9-510a-9a00-649889cbef4a,,note,Material Test Frequency - One test per 900 t of asphalt plant production,,,,,,,
label,852cb67a-ced8-5e34-97db-1d7c61df1e17,,note,"Target Criteria - Tolerance from nominated JMF grading as per NZTA M10 Table 5.3, NZTA M27 Table 5.3, TNZ P/11 Table 7.1",,,,,,,
label,391bec09-6a0c-5495-81e1-0539c4a745ad,,note,Action Point Records Required - Test record,,,,,,,
label,67e0547a-f474-557d-9f9e-8dd38da2012f,,note,Responsibility - SE / PE / PM / PQE,,,,,,,
checkpoint-status,,,checkpoint,3.04 - Lab,,,,,,,
label,235b163c-96a4-50e0-8097-024f1221451f,,note,Material Test Method Requirement - Binder content,,,,,,,
label,c07a6e3a-15d0-5656-8424-6ce0fe5a29d6,,note,"Reference Documents - NZTA M10: 2020 Table 5.2, NZTA M27:2020 Table 5.2, TNZ P/11:2007 Table 7.1",,,,,,,
label,b67f44d2-609d-5392-9cc8-605663ee99c2,,note,Material Acceptance Criteria (Method) - ASTM D2172,,,,,,,
label,bf4506f1-1d72-5d35-9e03-e7c99bb32465,,note,Material Test Frequency - One test per 900 t of asphalt plant production,,,,,,,
label,0f25dc4d-d643-5fa2-8ab4-0ae020a5766e,,note,Target Criteria - Tolerance on JMF,,,,,,,
label,5d3e29c0-c7e9-5917-8f5b-9c5297e7a2bf,,note,○ Individual ±0.5 (All),,,,,,,
label,813a7025-5add-54f4-809c-6f1c609ea07c,,note,"○ Rolling Average of 3 ±0.3% (DG, AC, SMA)",,,,,,,
label,828bdd78-db57-56aa-8c1b-85bb340e4f3e,,note,○ Rolling Average of 3 ±0.4% (PA),,,,,,,
label,4fecd764-9f81-5b18-a291-14e11284b12b,,note,Action Point Records Required - Test record,,,,,,,
label,521db5ed-a18e-5876-8431-7b0ffe1deed0,,note,Responsibility - SE / PE / PM / PQE,,,,,,,
checkpoint-status,,,checkpoint,3.05 - Lab,,,,,,,
label,7540e9d7-0b41-52d0-b6f3-f36d6f0111ec,,note,Material Test Method Requirement - Air Voids,,,,,,,
label,199f555a-f534-5f87-ae5f-849288b4e26e,,note,"Reference Documents - NZTA M10: 2020 Table 5.2, NZTA M27:2020 Table 5.2, TNZ P/11:2007 Table 7.1",,,,,,,
label,2431c7c0-817d-5d91-b2e3-233c29c28c40,,note,Material Acceptance Criteria (Method) - ASTM D3203-22,,,,,,,
label,8f22e512-dda0-5207-bfe0-e3300c8d8861,,note,Material Test Frequency - One test per 900 t of asphalt plant production,,,,,,,
label,c232bc42-ba42-5ae8-bc72-9d619cbb015c,,note,Target Criteria - As specified for each mix type,,,,,,,
label,3e5e9f2f-ea48-5311-a93d-3426cfd20bed,,note,Action Point Records Required - Test record,,,,,,,
label,e66e2f87-b3ea-5222-9718-260aeee7840a,,note,Responsibility - SE / PE / PM / PQE,,,,,,,
checkpoint-status,,,checkpoint,3.06 - Lab,,,,,,,
label,8978a9ce-eb37-520b-8fb6-bd91f6a2d213,,note,Material Test Method Requirement - Maximum Theoratical Specific Gravity,,,,,,,
label,247620ba-62af-59b6-9993-c655adfc10d5,,note,"Reference Documents - NZTA M10: 2020 Table 5.2, NZTA M27:2020 Table 5.2, TNZ P/11:2007 Table 7.1",,,,,,,
label,42168385-52ce-5395-a66b-17b18cb69922,,note,Material Acceptance Criteria (Method) - ASTM D2041,,,,,,,
label,29042750-93e5-57a8-94a0-e6201e3a1846,,note,Material Test Frequency - One test per 900 t of asphalt plant production,,,,,,,
label,c1c24439-b8c0-5ed8-abd0-9f99140a8162,,note,Target Criteria - Report Value,,,,,,,
label,e134cf91-4fb3-59d9-bc8d-2721c851ad1d,,note,Action Point Records Required - Test record,,,,,,,
label,9904b3cd-a831-5eef-9a28-4e41afdf56f9,,note,Responsibility - SE / PE / PM / PQE,,,,,,,
checkpoint-status,,,checkpoint,3.07 - Field,,,,,,,
label,3d632441-e774-565f-8e99-b91521f602e0,,note,Material Test Method Requirement - Load Locate,,,,,,,
label,efce3b20-2754-5918-8e77-a7134a33f5c3,,note,Reference Documents - Downer Procedures,,,,,,,
label,d270ffa0-072d-59ba-a123-de067c8802d8,,note,Material Acceptance Criteria (Method) - Each load can be indentified to a location. Record includes:,,,,,,,
label,19a97b9d-6795-5a7b-b833-58d14319c3ed,,note,– Truck ID/Rego/Driver,,,,,,,
label,7c104b5c-e3a2-53f1-bfeb-a74522777659,,note,– Depart Plant Time,,,,,,,
label,972fed59-6f11-5f4b-9864-470bbc2d1d70,,note,– Arrive Site Time,,,,,,,
label,280f3d6d-3fb0-5163-9d86-1ac7053bdb7c,,note,– AC Temp on Arrival,,,,,,,
label,c8d3d334-77e3-5339-b03a-165a5964a3c0,,note,– Ground Temp on Arrival,,,,,,,
label,55b57fbf-cf18-594f-a79b-dfc70871a98a,,note,– Tonnage,,,,,,,
label,b7cc4af8-88a8-551f-a268-01d315b9fe6b,,note,– Run Width,,,,,,,
label,50843712-e0fa-5f5d-9c57-67fdfbad54b4,,note,– Estimated Run Length,,,,,,,
label,9132ee5c-05ee-553c-98f7-c3286d54767e,,note,– Calculated Area,,,,,,,
label,caa88c2c-9738-585a-9540-f3cd1e992b33,,note,– Calculated Average Depth,,,,,,,
label,145b4590-2f1d-56dd-be02-7726d6a3d378,,note,Material Test Frequency - Every Load,,,,,,,
label,7dc53dfe-4e50-580e-a1e2-07b242e3e855,,note,Target Criteria - All data is collected,,,,,,,
label,0bc1de29-0574-5520-bd88-8eac1be6a39f,,note,Action Point Records Required - QA Sheet,,,,,,,
label,6aaa0c5b-c8ab-5049-b8d8-9c5412d807e9,,note,Responsibility - QA / SE / PE,,,,,,,
checkpoint-status,,,checkpoint,3.08 - Field,,,,,,,
label,73b67a13-6897-5e4f-9354-4b8919dfaf33,,note,Material Test Method Requirement - NDM Density Testing On-Site Mat and Joint,,,,,,,
label,5350e8f8-c232-598d-bcab-4ba9aa37e093,,note,"Reference Documents - NZTA M10:2020 9.9.1 and 9.9.2, NZTA M27:2020 9.9.1 and 9.9.2",,,,,,,
label,a5102807-94ae-5f26-834b-4242b85c9c09,,note,"Material Acceptance Criteria (Method) - ASTM D2950, ASTM D5361",,,,,,,
label,b7643fe2-7171-5038-88ee-d7e2fd290518,,note,"Material Test Frequency - 1 test per 300m² per layer (Min 8 / Construction lot), 1 test per 100m per layer length (min 3 / Construction lot)",,,,,,,
label,0db149ce-bab7-53e0-81a7-45be97560448,,note,"○ Target Criteria - Mat: Mean air voids JMF +3,-2",,,,,,,
label,ea70ede9-a3cc-5409-be2e-7d2b8369dddb,,note,"Join: Mean air voids JMF +5,-2",,,,,,,
label,a638b9b8-9ea7-5bd2-8d28-482b0f890ac8,,note,Action Point Records Required - Test record,,,,,,,
label,3fa17434-d9b0-5b22-b4b9-99dcf4895778,,note,Responsibility - QA / SE / PE,,,,,,,
checkpoint-status,,,checkpoint,3.09 - Field,,,,,,,
label,e45f342c-fce6-5272-bf0c-3fefd882c89b,,note,Material Test Method Requirement - Surface Level- Stringline checks for validation,,,,,,,
label,5775823b-cadd-5d86-b99d-25ab9b9a6baa,,note,"Reference Documents - NZTA M10:2020 10.2, NZTA M27: 2020 10.2, Downer Procedures",,,,,,,
label,4c23532f-f5f8-5a15-852c-e14abe288133,,note,Material Acceptance Criteria (Method) - NZTA M/10,,,,,,,
label,1aa115e3-5b4c-50d9-b372-78fdbf788b46,,note,Material Test Frequency - 5 Points across full width of carriageway at 10m frequency,,,,,,,
label,9891bcb7-aa87-59c8-88b0-8e64391b611b,,note,"○ Edge of Seal, Centre of Lane, Centerline, Centre of Lane, Edge of Seal",,,,,,,
label,ea35fe0d-2c4e-58a4-8847-20273823f4bb,,note,Target Criteria - +10mm/-0mm from design or nominated level,,,,,,,
label,b10d5889-22e8-5ace-a0d1-8761d905d6a1,,note,○ No more than 8mm deviation from a 3m straight edge,,,,,,,
label,d12fc970-46a6-5344-a20f-486c60895f5c,,note,Action Point Records Required - Survey record,,,,,,,
label,b21cc13c-c95d-5a23-b0bd-838d5d61b4e4,,note,Responsibility - QA / SE / PE,,,,,,,
checkpoint-status,,,checkpoint,3.10 - Field,,,,,,,
label,3a2d1bc5-45af-5509-be5f-431be3347a0a,,note,Material Test Method Requirement - Post Surfacing Inspection,,,,,,,
label,61f6680f-f2dd-5631-b6c7-27a69d217a93,,note,Reference Documents - CCA Procedures,,,,,,,
label,2e85d106-682b-58ca-83b2-a5b9158694d1,,note,Material Acceptance Criteria (Method) - Contract Specifications,,,,,,,
label,c191eff2-39de-5f63-962a-cd072584a249,,note,Material Test Frequency - 100% of site After surfacing (within 5 days),,,,,,,
label,418a9a28-6a95-5d81-a077-6cf605a205df,,note,Target Criteria - Line marking has been reinstated,,,,,,,
label,8c70c758-60a4-52a4-a05a-105a82f9a578,,note,○ All excess material has been removed from site,,,,,,,
label,020b12a0-b4b9-50f0-8ace-38bab4243533,,note,○ All CPs are clear from filter fabric and any excess material removed from on top service covers,,,,,,,
label,12630793-c98e-5130-92c2-389c76e765b0,,note,Action Point Records Required - Hold Point,,,,,,,
label,04227ab6-f853-50bf-a5e5-b1286562ac02,,note,Responsibility - QA / SE / PE,,,,,,,
holdpoint,,,signoff,AUTHORITY HOLDPOINT,,,,,,,
checkpoint-group,,,section,Post Construction,,,,,,,
checkpoint-status,,,checkpoint,4.01 - PQE,,,,,,,
label,dbee78e7-37d2-5401-9079-2c3a174d1e65,,note,Material Test Method Requirement - Asbuilt and RAMM Data,,,,,,,
label,68f015fd-de63-5a10-82e7-dda66196b970,,note,Reference Documents - RAMM Update sheet,,,,,,,
label,c62c202a-8855-5c38-aca0-a9776f4d7f00,,note,Material Acceptance Criteria (Method) - Asset Management Information Plan,,,,,,,
label,8e870826-f534-5a50-8eba-3af45fe71da4,,note,Material Test Frequency - After works complete,,,,,,,
label,a70ebe0a-86dd-5e24-8e1b-c5913a72aeb4,,note,Target Criteria - RAMM sheet 100% complete and accurate .,,,,,,,
label,4f5dfa48-6376-5cdf-95ed-52895c5190a8,,note,Action Point Records Required - RAMM Asset Update sheet,,,,,,,
label,57cc7457-7534-5450-822c-c17067a69e75,,note,Responsibility - SE / PE / PM / PQE,,,,,,,
checkpoint-status,,,checkpoint,4.02 - Lab,,,,,,,
label,6d316050-91d7-553a-988f-d3074229b5dd,,note,Material Test Method Requirement - High speed Rutting & NAASRA - Road Roughness,,,,,,,
label,fe7d43c0-422f-5ca0-ba92-5dc3cffbf77e,,note,Reference Documents - CCA DOC,,,,,,,
label,8a8d83ce-7ff9-5cbc-bfe1-90ad4bfbd2b0,,note,Material Acceptance Criteria (Method) - Laser Profilometer Survey,,,,,,,
label,c83a0ecf-e220-5ae0-8ab6-6bfd52b36466,,note,"Material Test Frequency - After first coat sealing and prior to final surfacing with either EMOGPA, OGPA, SMA, or second coat sealing; After 12 months of trafficking; End of defects liability",,,,,,,
label,bd97dff3-0417-5ab8-97a0-a0cb6c0e5cb9,,note,○ All lanes at 20m intervals in each wheel path and staggered by 10m between wheel paths,,,,,,,
label,7dc9694c-449d-588f-b106-a5a3cea2bfeb,,note,Target Criteria - High Speed Rutting: > 5mm Report to Designer,,,,,,,
label,4225a644-afc1-58ae-9d96-513ff18ba079,,note,○ NAASRA reading: Shall not exceed 70 counts/km as a 95th percentile value,,,,,,,
label,e624145b-bbb9-5733-ae03-e4b79a86ee81,,note,Action Point Records Required - Test Record,,,,,,,
label,2fcc6fee-6f7d-54be-b458-d1147a77a7d4,,note,Responsibility - SE / PE / PM / PQE,,,,,,,
,,,,,,,,,,,
checklist-sectioned,,,checklist,ITP - CHIPSEAL RENEWAL INSPECTION TESTING PLAN,itp,,,,Yes,ITP - CHIPSEAL RENEWAL INSPECTION TESTING PLAN Rev 1,edab29c4-40a0-4f1d-ba6c-91106dfa89a4
checkpoint-group,,,section,Preliminaries,,,,,,,
checkpoint-status,,,checkpoint,1.01 - PQE,,,,,,,
label,2a8efb71-c07e-5558-9f60-8bedf0e4e67d,,note,Material Test Method Requirement - Has all preseal repairs been completed?,,,,,,,
label,db36277c-66e8-560c-ae4c-46fc40d1fd6c,,note,Reference Documents - Insert Layer Acceptance ITP No,,,,,,,
label,5d634e2c-0ac7-5e5d-bc38-cdac560ffa1b,,note,Material Acceptance Criteria (Method) - Workpack closeout record,,,,,,,
label,6dfa3419-4c55-5cf2-805c-92e9a65724eb,,note,Material Test Frequency - Prior to sealing commencing,,,,,,,
label,386b0241-2ff4-562c-9497-74f33ff6ead7,,note,Target Criteria - All underlying layers meets project requirements,,,,,,,
label,26b26df6-80c9-5cd8-9ea8-0a56172e3f99,,note,Action Point Records Required - Hold Point,,,,,,,
label,4791d770-510f-557f-990b-95098293dae7,,note,Responsibility - SE / CE / PM / PQE,,,,,,,
holdpoint,,,signoff,AUTHORITY HOLDPOINT,,,,,,,
checkpoint-status,,,checkpoint,1.02 - PQE,,,,,,,
label,6381a9b7-263c-56b2-8df5-f15a51cdcc75,,note,Material Test Method Requirement - Bitumen Sprayer,,,,,,,
label,e57ac68e-b0cc-540d-a1ac-e454c75cf25c,,note,Reference Documents - TNZ P3,,,,,,,
label,2b921693-4be5-5dc8-910b-4a0fed4a4c20,,note,Material Acceptance Criteria (Method) - Certification provided,,,,,,,
label,f87b7fbb-b838-5fb1-9b89-390d746b7ef4,,note,Material Test Frequency - Prior to starting,,,,,,,
label,593cdcc9-318e-565d-84ef-d784f8c74199,,note,Target Criteria - Current E/2 Certificate,,,,,,,
label,ee71efea-9091-5f75-849e-d5ba482eaa6a,,note,Action Point Records Required - Certificate Sheet,,,,,,,
label,5804a00f-7df1-57ff-a86e-214c9b960ceb,,note,Responsibility - SE / CE / PM / PQE,,,,,,,
checkpoint-group,,,section,Chip Seal Application,,,,,,,
checkpoint-status,,,checkpoint,2.01 - PQE,,,,,,,
label,6a6f238e-323a-570b-ab43-248242d70c0c,,note,Material Test Method Requirement - Seal Design,,,,,,,
label,706d4f37-0dc5-592e-81bf-c3e19cab58c8,,note,Reference Documents - INSERT SEAL DESIGN,,,,,,,
label,7cd69426-a0c4-5dfd-910a-edfc0c188d04,,note,Material Acceptance Criteria (Method) - TNZ M/1 Table 1 Tests,,,,,,,
label,ed77fd80-290b-59de-9317-2859d2b923d2,,note,Material Test Frequency - Prior to sealing commencing (Minimum 1 week prior to application),,,,,,,
label,d7287ebe-8a44-5b63-b9b6-de6a416445d1,,note,Target Criteria - Meets project requirements,,,,,,,
label,c062c19f-0aec-533a-bf7b-f44098153af5,,note,Action Point Records Required - Hold Point,,,,,,,
label,ef5009a9-44ae-560e-a963-ec334635fb14,,note,Responsibility - PQE / CE / PM,,,,,,,
holdpoint,,,signoff,AUTHORITY HOLDPOINT,,,,,,,
checkpoint-status,,,checkpoint,2.02 - Field,,,,,,,
label,bb9d8ae4-8964-54e1-aadd-dddc70a9f093,,note,Material Test Method Requirement - GO/NO GO Survey,,,,,,,
label,281ed66e-a750-5811-b15c-f6c8d302ea33,,note,"Reference Documents - Downer survay sealing Go/NO GO , road science Zeus app & Downer Iris app.",,,,,,,
label,492c3a4a-c3c7-5a5b-b73b-6d30cec36735,,note,Material Acceptance Criteria (Method) - Downers Procedures,,,,,,,
label,fcd04599-5bec-5678-81e5-eeaae74a43f6,,note,Material Test Frequency - prior to sealing on each site,,,,,,,
label,cf42247e-e94e-553f-8d12-379c545c1c8c,,note,"Target Criteria - Pass on GO/NO GO , Marginal &discussion with contract manager or approval from Rehab manager",,,,,,,
label,a1aba39f-a2b1-5f65-842d-dd332949cbd4,,note,Action Point Records Required - Hold Point,,,,,,,
label,e271a0f6-4cbc-59ad-a897-221f0d0a55ce,,note,Responsibility - PQE / CE / PM,,,,,,,
holdpoint,,,signoff,AUTHORITY HOLDPOINT,,,,,,,
checkpoint-status,,,checkpoint,2.03 - PQE,,,,,,,
label,b367becb-c924-5be8-a275-cea65ce5a29c,,note,Material Test Method Requirement - Has the material used in this layer been formally accepted for use?,,,,,,,
label,1c3a8faa-4e13-53ca-8e53-a90ef413ed04,,note,Reference Documents - Insert Material Testing,,,,,,,
label,3d658994-6bec-5cf9-b3ec-769940a2d7a2,,note,Material Acceptance Criteria (Method) - See PQE,,,,,,,
label,c3b227b6-aaf6-5065-b5d8-a4fa24416431,,note,Material Test Frequency - Prior to construction commencing,,,,,,,
label,6f34686e-653d-5970-bbd7-49ac7f12c4f1,,note,Target Criteria - Material meets project requirements,,,,,,,
label,d5dbb0d5-431a-5b33-ba34-9e6fce2d811f,,note,Action Point Records Required - Hold Point,,,,,,,
label,c6b62254-00bc-5c6f-8fea-3ca7e95a7c07,,note,Responsibility - PQE / CE / PM,,,,,,,
holdpoint,,,signoff,AUTHORITY HOLDPOINT,,,,,,,
checkpoint-status,,,checkpoint,2.04 - Field,,,,,,,
label,9ff5638e-d672-53ca-a553-e9a0848d3bd7,,note,Material Test Method Requirement - Pre-seal Inspection,,,,,,,
label,51c14599-b6b4-5b24-806d-1d442669cf5c,,note,Reference Documents - TNZ P3:1995.7,,,,,,,
label,3495d175-e53a-5079-8690-8d7f697cfe23,,note,Material Acceptance Criteria (Method) - Downers Procedures,,,,,,,
label,d3915da8-a274-5eb0-9c51-44eb0072a82d,,note,Material Test Frequency - 100% of Surface Prior to sealing,,,,,,,
label,72b129e5-b24e-5216-8ed5-ebd2b911e889,,note,"Target Criteria - The surface shall then be swept clean of loose aggregate, dust, dirt and other deleterious matter.",,,,,,,
label,9e5fbfc4-bbe6-56a3-be7e-f1f45a64fda8,,note,○ Street Furniture and Start and End poitns have been taped and/or masked for overspray,,,,,,,
label,f0a4720a-26cd-5a64-abc7-3432fbf38440,,note,○ Line marking tags are in place.,,,,,,,
label,b5eecb47-fe9b-51d8-92de-3c071774de01,,note,Action Point Records Required - Hold Point,,,,,,,
label,e39980f9-57c3-5c0a-b7cb-cec194a5e1c8,,note,Responsibility - PQE / CE / PM,,,,,,,
holdpoint,,,signoff,AUTHORITY HOLDPOINT,,,,,,,
checkpoint-status,,,checkpoint,2.05 - Field,,,,,,,
label,46860edd-de23-5bee-8c15-3752ee258ace,,note,Material Test Method Requirement - Road temp,,,,,,,
label,001b8b3d-742f-53f0-b821-1d2e2b861f1f,,note,Reference Documents - TNZ P3:1995.18,,,,,,,
label,9d8668f5-ebb2-53de-aa14-3c11d7314fc4,,note,Material Acceptance Criteria (Method) - Temperature recorded on site prior to sealing commencing,,,,,,,
label,9efc10ea-b80d-5714-801f-ff0db13621bd,,note,Material Test Frequency - Once per day of sealing prior to sealing commencing,,,,,,,
label,cdcab9c4-dc7f-5303-b18b-6d3aa70aa3b5,,note,Target Criteria - Air temp >10°C,,,,,,,
label,c912cfca-d91a-5ad0-89f3-fa96ee7ad913,,note,Action Point Records Required - Spray Sheet,,,,,,,
label,eab79de5-3d23-5ec1-8124-8305ab1be4cb,,note,Responsibility - SE / CE / PM,,,,,,,
checkpoint-status,,,checkpoint,2.06 - Field,,,,,,,
label,f01a08c0-cde0-597c-b541-b1a51aa753fa,,note,Material Test Method Requirement - Application Rate,,,,,,,
label,4790a93f-2c02-5e84-b72f-5eeed0e03fe5,,note,Reference Documents - TNZ P3 : 1995.18,,,,,,,
label,b8562673-11a7-5b5f-b380-641606ac78d9,,note,Material Acceptance Criteria (Method) - Quantity of binder sprayed in any spray run measured by dipstick reading or a calibrated accumulating rev counter fiited to sprayer,,,,,,,
label,d88d7bae-ff94-5021-b214-26519ed2c2cc,,note,Material Test Frequency - Dipstick measurements before spraying is commenced from tank and after the last spray from the tank or prior to it's refilling,,,,,,,
label,6b8ec101-5326-52b5-95e3-828abaecb1ef,,note,Target Criteria - binder application rate is +/-50ltrs + 4% of the application rate,,,,,,,
label,f52fa8c5-c3b8-5362-b693-9c8cb269c8d2,,note,Action Point Records Required - Spray Sheet,,,,,,,
label,e9d30898-75da-5a93-becb-d8b56891778e,,note,Responsibility - SE / CE / PM,,,,,,,
checkpoint-status,,,checkpoint,2.07 - Field,,,,,,,
label,3aafe76a-32e5-5a99-9a5f-1c263238f809,,note,Material Test Method Requirement - Chip spread rate,,,,,,,
label,5001eded-e342-5f9e-b42c-e1aa549ddc7f,,note,Reference Documents - TNZ P3: 1995.21,,,,,,,
label,00098d81-0f14-5298-87e2-fc328a40ff02,,note,"Material Acceptance Criteria (Method) - area sealed (m2) to be divided by the volume of chip spread (m3), Chipsealing in New Zealand (pg 435)",,,,,,,
label,1ed35fff-8d36-54b6-a818-5e3c3d61c94f,,note,Material Test Frequency - Total amount of chip used to be calculated at end of days sealing,,,,,,,
label,a5910637-a7df-5667-81f6-2d2990bd323d,,note,Target Criteria - Visual checks meets seal design requirements,,,,,,,
label,6d04ef63-bdc8-58fd-8c18-07b7acda6ab0,,note,Action Point Records Required - Witness Point/Spray sheet,,,,,,,
label,63f6ba5f-4a5c-5a32-a4b3-dbb2aa604d28,,note,Responsibility - SE / CE / PM,,,,,,,
checkpoint-status,,,checkpoint,2.08 - Field,,,,,,,
label,666f1e8b-3a73-502e-b867-ff0ee62a79eb,,note,Material Test Method Requirement - Rolling Checks,,,,,,,
label,88ae3b1b-1585-5bc5-988d-ef811f683a3d,,note,Reference Documents - TNZ P3: 1995.22,,,,,,,
label,a0eed3ca-c1f1-599f-987c-b002abeb6782,,note,Material Acceptance Criteria (Method) - Sealing Record,,,,,,,
label,d42cac64-7c6e-50bc-8d52-db54c90c2ff6,,note,Material Test Frequency - for each sealing site per day,,,,,,,
label,1e22f789-3066-544e-a6a2-c5cc6a640e1d,,note,Target Criteria - As per rolling requirements defined in TNZ P3: 1995.22.,,,,,,,
label,6eba2edd-0a3d-52b7-b1d2-d919e64e67bd,,note,Action Point Records Required - Witness Point/Spray sheet,,,,,,,
label,b494cfd0-e326-5a35-adc8-4ce57d7759e2,,note,Responsibility - SE / CE / PM,,,,,,,
checkpoint-status,,,checkpoint,2.09 - Field,,,,,,,
label,605c49a4-a115-52c5-ac68-75ebe8023c57,,note,Material Test Method Requirement - Post-seal Inspection,,,,,,,
label,ddc3154f-225c-5189-b9f1-fce1eb50bcc0,,note,Reference Documents - TNZ P3: 1995,,,,,,,
label,5bdde5fc-d4e8-59b5-a599-7b8eb83412ca,,note,Material Acceptance Criteria (Method) - Engineers Inspection,,,,,,,
label,2ed639d7-ef4f-5f80-8917-40b7d28add72,,note,Material Test Frequency - 100% of Site After sealing (within 5 days),,,,,,,
label,c0e21395-f41e-56da-b126-5eb860329f81,,note,"Target Criteria - The chip is embedded, uniformily placed and chipseal is fit for purpose",,,,,,,
label,a2f34c7f-8177-5c34-a812-fb13d8d93820,,note,○ Line marking has been reinstated,,,,,,,
label,a4747e55-62d8-5d7d-a74f-bb8b41b80b0c,,note,○ All excess chip has been removed from site,,,,,,,
label,ca3c39b7-006f-54fb-b6a5-93d40cf41983,,note,○ All CPs are clear from filter fabric and excess chip and any excess material removed from on top service covers.,,,,,,,
label,d537749b-40e4-5f69-87a4-01198dced3b0,,note,Action Point Records Required - Hold Point,,,,,,,
label,a25c5ab8-4ce6-511a-881e-24cec60112eb,,note,Responsibility - SE / CE / PM / ER,,,,,,,
holdpoint,,,signoff,AUTHORITY HOLDPOINT,,,,,,,
checkpoint-group,,,section,Post Completion,,,,,,,
checkpoint-status,,,checkpoint,3.01 - Field,,,,,,,
label,7c1a2b60-fec7-55d7-8b9b-cfc09137e21c,,note,Material Test Method Requirement - Asbuilt and RAMM Data,,,,,,,
label,a88c8179-c342-5eaf-a645-be12fcc9050c,,note,Reference Documents - RAMM update sheet,,,,,,,
label,33a55897-f0f2-5231-bfff-adc869a613ff,,note,Material Acceptance Criteria (Method) - See Asset Management Information Plan,,,,,,,
label,c48cc83f-5bef-5357-8b24-3cfeb86f96d6,,note,Material Test Frequency - After works complete,,,,,,,
label,d360882f-7d5c-5288-ba9c-d1eeafd8bf62,,note,Target Criteria - RAMM sheet 100% complete and accurate.,,,,,,,
label,09e11103-942d-5ddb-9838-9169073bb738,,note,Action Point Records Required - RAMM Asset Update Sheet,,,,,,,
label,1e4bb71e-45f9-5499-b395-aa24f6f7c3a8,,note,Responsibility - PQE / CE / PM / ER,,,,,,,
