"Id","Type","Name","Values","Prompting Name","Usage Count","Resource Id"
,"checklist","Add New Task","","Add New Task",1,"03ec6984-b366-47c9-9ce5-ca3d8d12dabb"
,"section","Details:",,,,
,"checkpoint","Mark this checkpoint as 'FAIL' if you think this task should be a variation or additional work. If not, mark as 'N/A'. You must still action all remaining checkpoints",,,,
,"checkpoint","New task checked off (Add brief description of this task and take photos)",,,,

,"checklist","Commission Thermostatic Mixing Valves","","Commission Thermostatic Mixing Valves",0,"0f4571eb-1834-4362-b7ba-180753f5f04d"
,"section","Details:",,,,
,"checkpoint","Installation complies with latest revision of AS/NZS-3500 Parts 1 - 4 (Note: Commissioning photos to be taken only within this Checkpoint)",,,,
,"checkpoint","Installation complies with current drawings & specifications",,,,
,"checkpoint","All pipes, fittings, materials & associated systems were used in accordance to manufacturer instructions",,,,
,"checkpoint","Check water temperature does not exceed 45°C",,,,

,"checklist","Installation Gas Service (Rough-ins)","","Installation Gas Service (Rough-ins)",0,"0fd3e2c1-4e3c-416d-8a42-41819ff68e04"
,"section","Details:",,,,
,"checkpoint","Mark this checkpoint as 'FAIL' if you think this task should be a variation or additional work. If not, mark as 'N/A'. You must still action all remaining checkpoints",,,,
,"checkpoint","Installation complies with latest revision of AS/NZS 5601.1 (2022) (Note: Installation photos to be taken only within this Checkpoint)",,,,
,"checkpoint","Installation complies with current drawings & specifications",,,,
,"checkpoint","All pipes, fittings, materials & associated systems were used in accordance to manufacturer instructions",,,,
,"checkpoint","Check for damage & leaks",,,,
,"checkpoint","Check pipework can not be holed by plaster screws",,,,
,"checkpoint","Check crimp fittings",,,,
,"checkpoint","Check for cross connections",,,,
,"checkpoint","Check alignment & levels",,,,
,"checkpoint","Check materials & joining methods",,,,
,"checkpoint","Check pipe clips, hangers & fixings (correct size, spacing & separation)",,,,
,"checkpoint","Check lugged elbows",,,,
,"checkpoint","Check noggings for future fixture",,,,
,"checkpoint","Check sharp edge pipe protection",,,,
,"checkpoint","Check pipe colour coding",,,,
,"checkpoint","Check floor/wall penetration fire proofing",,,,

,"checklist","Installation Waste & Vent","","Installation Waste & Vent",60,"16bdb7fa-a79f-4cc4-bb28-4677c4bd2c7a"
,"section","Details:",,,,
,"checkpoint","Mark this checkpoint as 'FAIL' if you think this task should be a variation or additional work. If not, mark as 'N/A'. You must still action all remaining checkpoints",,,,
,"checkpoint","Installation complies with latest revision of AS/NZS-3500 Parts 1 - 4 (Note: Installation photos to be taken only within this Checkpoint)",,,,
,"checkpoint","Installation complies with current drawings & specifications",,,,
,"checkpoint","All pipes, fittings, materials & associated systems were used in accordance to manufacturer instructions",,,,
,"checkpoint","Check for damage & leaks",,,,
,"checkpoint","Check materials & joining methods",,,,
,"checkpoint","Check alignments & levels",,,,
,"checkpoint","Check pipe clips, hangers & fixings (correct size, spacing & separation)",,,,
,"checkpoint","Check expansion joints and anchor points",,,,
,"checkpoint","Check in-wall fixture mounting brackets & concealed cisterns (if specified)",,,,
,"checkpoint","Check in-wall waste pipes & vents",,,,
,"checkpoint","Check inspection openings",,,,
,"checkpoint","Check pipework & traps are clear of debris",,,,
,"checkpoint","Check open ends are sealed",,,,
,"checkpoint","Check acoustic insulation (if specified)",,,,
,"checkpoint","Check pipe labelling",,,,
,"checkpoint","Check floor/wall penetration fire proofing",,,,
,"checkpoint","Check vents are run to atmosphere and weather proofing is complete",,,,

,"checklist","Testing Recycled Water Pipework","","Testing Recycled Water Pipework",0,"1bd3b380-506e-4e5b-bb35-723458d15367"
,"section","Details:",,,,
,"checkpoint","Installation complies with latest revision of AS/NZS-3500 Parts 1 - 4",,,,
,"checkpoint","Installation complies with current drawings & specifications",,,,
,"checkpoint","All pipes, fittings, materials & associated systems were used in accordance to manufacturer instructions",,,,
,"checkpoint","Check installation is clean and ready for testing",,,,
,"checkpoint","Are all valves, meters, etc , rated for the test pressure required",,,,
,"checkpoint","Testing kit & equipment have current certification",,,,
,"checkpoint","Apply test as per latest revision of AS/NZS-3500 Part 1 (Note: Start & Finish testing photos to be taken only within this Checkpoint)",,,,
,"checkpoint","R3 certification has taken place (Provide photo of or attach PDF copy of the Authority acceptance report)",,,,

,"checklist","Testing Drainage Pipework (Water Test)","","Testing Drainage Pipework (Water Test)",0,"1c176709-2e15-48b2-bfe0-4a272e5ca1e1"
,"section","Details:",,,,
,"checkpoint","Installation complies with latest revision of AS/NZS-3500 Parts 1 - 4",,,,
,"checkpoint","Installation complies with current drawings & specifications",,,,
,"checkpoint","All pipes, fittings, materials & associated systems were used in accordance to manufacturer instructions",,,,
,"checkpoint","Testing kit & equipment have current certification",,,,
,"checkpoint","Apply test as per latest revision of AS/NZS-3500 Part 2 (Note: Start & Finish testing photos to be taken only within this Checkpoint)",,,,

,"checklist-flat","Testing Gas Service","","Testing Gas Service",61,"1f57dbda-916d-4384-867b-1f84a8889cd0"
,"checkpoint","Installation complies with current AS/NZS-5600",,,,
,"checkpoint","Installation complies with current drawings & specifications",,,,
,"checkpoint","Installation & materials were used, comply with manufacturer requirements",,,,
,"checkpoint","Check installation is clean and ready for testing",,,,
,"checkpoint","Apply air test as per AS/NZS-5600 (Provide test process photos)",,,,

,"checklist","Fit-off Washing Machine Stops","","Fit-off Washing Machine Stops",61,"240d3bfd-0e03-4035-bf8c-c903c64e80af"
,"section","Details:",,,,
,"checkpoint","Mark this checkpoint as 'FAIL' if you think this task should be a variation or additional work. If not, mark as 'N/A'. You must still action all remaining checkpoints",,,,
,"checkpoint","Installation complies with latest revision of AS/NZS-3500 Parts 1 - 4 (Note: Fit-off photos to be taken only within this Checkpoint)",,,,
,"checkpoint","Installation complies with current drawings & specifications",,,,
,"checkpoint","All pipes, fittings, materials & associated systems were used in accordance to manufacturer instructions",,,,
,"checkpoint","Check for damage or leaks",,,,
,"checkpoint","Check level & alignment",,,,
,"checkpoint","Check stops hose connections are capped off",,,,

,"checklist","Installation Authority Main to Meter","","Installation Authority Main to Meter",0,"2555f665-d784-4c7c-905d-9fccbcd5d16a"
,"section","Details:",,,,
,"checkpoint","Mark this checkpoint as 'FAIL' if you think this task should be a variation or additional work. If not, mark as 'N/A'. You must still action all remaining checkpoints",,,,
,"checkpoint","Installation complies with latest revision of AS/NZS-3500 Parts 1 - 4 (Note: Installation photos to be taken only within this Checkpoint)",,,,
,"checkpoint","Installation complies with current drawings & specifications",,,,
,"checkpoint","All pipes, fittings, materials & associated systems were used in accordance to manufacturer instructions",,,,
,"checkpoint","Check for damage & leaks",,,,
,"checkpoint","Check materials & joining methods",,,,
,"checkpoint","Check alignments & levels",,,,
,"checkpoint","Check bedding & clearances",,,,
,"checkpoint","Check valve connections",,,,
,"checkpoint","Check pipework is clear of debris",,,,
,"checkpoint","Check pipe trench marking tape (if specified)",,,,
,"checkpoint","Check trench backfill & compaction",,,,
,"checkpoint","Check water meter assemblies",,,,
,"checkpoint","Check RPZD assemblies (if specified)",,,,
,"checkpoint","Check pipe labelling",,,,

,"checklist","Fit-off Urinal & Cistern","","Fit-off Urinal & Cistern",0,"319d3960-4a7a-421c-95c2-47b1281febef"
,"section","Details:",,,,
,"checkpoint","Mark this checkpoint as 'FAIL' if you think this task should be a variation or additional work. If not, mark as 'N/A'. You must still action all remaining checkpoints",,,,
,"checkpoint","Installation complies with latest revision of AS/NZS-3500 Parts 1 - 4 (Note: Fit-off photos to be taken only within this Checkpoint)",,,,
,"checkpoint","Installation complies with current drawings & specifications",,,,
,"checkpoint","All pipes, fittings, materials & associated systems were used in accordance to manufacturer instructions",,,,
,"checkpoint","Check for damage or leaks",,,,
,"checkpoint","Check fixing points are secure",,,,
,"checkpoint","Check level & alignment",,,,
,"checkpoint","Check mini stops",,,,
,"checkpoint","Check flexible connections are not twisted or kinked",,,,
,"checkpoint","Check button assembly",,,,
,"checkpoint","Check all functions, controls & remote sensors for correct operation",,,,
,"checkpoint","Check trap is clear of debris",,,,
,"checkpoint","Check caulking is correct",,,,

,"checklist","Installation Suction Line","","Installation Suction Line",0,"37a8026e-fadd-431a-840b-cd8930b340ee"
,"section","Details:",,,,
,"checkpoint","Mark this checkpoint as 'FAIL' if you think this task should be a variation or additional work. If not, mark as 'N/A'. You must still action all remaining checkpoints",,,,
,"checkpoint","Installation complies with latest revision of AS/NZS-3500 Parts 1 - 4 (Note: Installation photos to be taken only within this Checkpoint)",,,,
,"checkpoint","Installation complies with current drawings & specifications",,,,
,"checkpoint","All pipes, fittings, materials & associated systems were used in accordance to manufacturer instructions",,,,
,"checkpoint","Check for damage & leaks",,,,
,"checkpoint","Check materials & joining methods",,,,
,"checkpoint","Check alignments & levels",,,,
,"checkpoint","Check pipe clips, hangers & fixings (correct size, spacing & separation)",,,,
,"checkpoint","Check pipework is clear of debris",,,,
,"checkpoint","Check open ends are sealed",,,,
,"checkpoint","Check pipe labelling",,,,
,"checkpoint","Check floor/wall penetration fire proofing",,,,

,"checklist","Installation Drainage (In-ground)","","Installation Drainage (In-ground)",0,"47852058-0ce2-43e7-8e85-9c31a795c751"
,"section","Details:",,,,
,"checkpoint","Mark this checkpoint as 'FAIL' if you think this task should be a variation or additional work. If not, mark as 'N/A'. You must still action all remaining checkpoints",,,,
,"checkpoint","Installation complies with latest revision of AS/NZS-3500 Parts 1 - 4 (Note: Installation photos to be taken only within this Checkpoint)",,,,
,"checkpoint","Installation complies with current drawings & specifications",,,,
,"checkpoint","All pipes, fittings, materials & associated systems were used in accordance to manufacturer instructions",,,,
,"checkpoint","Check for damage & leaks",,,,
,"checkpoint","Check materials & joining methods",,,,
,"checkpoint","Check alignments & levels",,,,
,"checkpoint","Check bedding & clearances",,,,
,"checkpoint","Check connections to pits, tanks, & pump stations, etc",,,,
,"checkpoint","Check covers, venting, & electrical conduits, etc",,,,
,"checkpoint","Check pipework & traps are clear of debris",,,,
,"checkpoint","Check inspection openings",,,,
,"checkpoint","Check open ends are sealed",,,,
,"checkpoint","Check pipe trench marking tape (if specified)",,,,
,"checkpoint","Check trench backfill & compaction",,,,

,"checklist","Installation Water Storage Tank","","Installation Water Storage Tank",0,"48ae6775-d581-46a5-8cc6-600b1b6055fb"
,"section","Details:",,,,
,"checkpoint","Mark this checkpoint as 'FAIL' if you think this task should be a variation or additional work. If not, mark as 'N/A'. You must still action all remaining checkpoints",,,,
,"checkpoint","Tank Details:",,,,
"d4db202b-c5da-5bd9-bc38-0c989d145786","dropdown","Tank Type:","Potable Water Above Ground,Rain Water Above Ground,Potable Water In-ground,Rain Water In-ground,Fire Water Above Ground,Other",,,
,"checkpoint","Installation complies with latest revision of AS/NZS-3500 Parts 1 - 4 (Note: Installation photos to be taken only within this Checkpoint)",,,,
,"checkpoint","Installation complies with current drawings & specifications",,,,
,"checkpoint","All pipes, fittings, materials & associated systems were used in accordance to manufacturer instructions",,,,
,"checkpoint","Check for damage & leaks",,,,
,"checkpoint","Check materials & joining methods",,,,
,"checkpoint","Check alignments & levels",,,,
,"checkpoint","Check bedding & clearances",,,,
,"checkpoint","Check inlet/outlet connections & vents",,,,
,"checkpoint","Check covers, venting, & electrical conduits, etc",,,,
,"checkpoint","Check pipework & traps are clear of debris",,,,
,"checkpoint","Check inspection openings",,,,
,"checkpoint","Check open ends are sealed",,,,
,"checkpoint","Check trench backfill & compaction",,,,

,"checklist","Installation Plant & Equipment","","Installation Plant & Equipment",0,"4af52ce8-7734-4b29-bfcf-aff7885fd876"
,"section","Details:",,,,
,"checkpoint","Mark this checkpoint as 'FAIL' if you think this task should be a variation or additional work. If not, mark as 'N/A'. You must still action all remaining checkpoints",,,,
,"checkpoint","Plant & Equipment Installation checked off as below",,,,
,"checkpoint","Installation complies with current AS/NZS-3500 & AS/NZS-5600",,,,
,"checkpoint","Installation complies with current drawings & specifications",,,,
,"checkpoint","All pipes, fittings, materials & associated systems were used in accordance to manufacturer instructions",,,,
,"checkpoint","Check for damage & leaks",,,,
,"checkpoint","Check tundishes are correct",,,,
,"checkpoint","Check electrical power is available",,,,
,"checkpoint","Check BMS is available",,,,
,"checkpoint","Must provide photo",,,,

,"checklist","Installation Gas Service (In-ground)","","Installation Gas Service (In-ground)",0,"4c14ab3b-2d01-4a8c-b46f-28350884c837"
,"section","Details:",,,,
,"checkpoint","Mark this checkpoint as 'FAIL' if you think this task should be a variation or additional work. If not, mark as 'N/A'. You must still action all remaining checkpoints",,,,
,"checkpoint","Installation complies with latest revision of AS/NZS 5601.1 (2022) (Note: Installation photos to be taken only within this Checkpoint)",,,,
,"checkpoint","Installation complies with current drawings & specifications",,,,
,"checkpoint","All pipes, fittings, materials & associated systems were used in accordance to manufacturer instructions",,,,
,"checkpoint","Check for damage & leaks",,,,
,"checkpoint","Check materials & joining methods",,,,
,"checkpoint","Check alignments & levels",,,,
,"checkpoint","Check bedding & clearances",,,,
,"checkpoint","Check valve connections",,,,
,"checkpoint","Check pipework is clear of debris",,,,
,"checkpoint","Check open ends are sealed",,,,
,"checkpoint","Check pipe colour coding",,,,
,"checkpoint","Check pipe trench marking tape (if specified)",,,,
,"checkpoint","Check trench backfill & compaction",,,,

,"checklist","Installation Water Meter","","Installation Water Meter",0,"4e9a85f0-e17a-467f-a3f6-782cdad44b6a"
,"section","Details:",,,,
,"checkpoint","Mark this checkpoint as 'FAIL' if you think this task should be a variation or additional work. If not, mark as 'N/A'. You must still action all remaining checkpoints",,,,
,"checkpoint","Water Meter Details:",,,,
"cfe26dbb-19c5-556b-aff5-d5a049ba0725","textbox","Meter Type:",,,,
"cd821c70-f9f9-5dd8-984b-06bb99a8bfa9","textbox","Meter Number:",,,,
"346bc941-5b73-5396-9c8e-a63e4c192e6f","textbox","Meter Location:",,,,
"673eb70f-07f6-5222-9121-c139d0d97f22","dropdown","Meter Size:","20mm,25mm,32mm,40mm,50mm,65mm,80mm,100mm,150mm,225mm,300mm",,,
,"checkpoint","Installation complies with latest revision of AS/NZS-3500 Parts 1 - 4 (Note: Installation photos to be taken only within this Checkpoint)",,,,
,"checkpoint","Installation complies with current drawings & specifications",,,,
,"checkpoint","All pipes, fittings, materials & associated systems were used in accordance to manufacturer instructions",,,,
,"checkpoint","Check for damage & leaks",,,,
,"checkpoint","Check materials & joining methods",,,,
,"checkpoint","Check alignments & levels",,,,

,"checklist","Fit-off Cleaners Sink & Tapware","","Fit-off Cleaners Sink & Tapware",0,"524943b1-643a-45a1-8f06-267e0e7719e7"
,"section","Details:",,,,
,"checkpoint","Mark this checkpoint as 'FAIL' if you think this task should be a variation or additional work. If not, mark as 'N/A'. You must still action all remaining checkpoints",,,,
,"checkpoint","Installation complies with latest revision of AS/NZS-3500 Parts 1 - 4 (Note: Fit-off photos to be taken only within this Checkpoint)",,,,
,"checkpoint","Installation complies with current drawings & specifications",,,,
,"checkpoint","All pipes, fittings, materials & associated systems were used in accordance to manufacturer instructions",,,,
,"checkpoint","Check for damage or leaks",,,,
,"checkpoint","Check fixing points are secure",,,,
,"checkpoint","Check level & alignment",,,,
,"checkpoint","Check tapware for fit & function",,,,
,"checkpoint","Check wall brackets & fixings",,,,
,"checkpoint","Check bucket grate",,,,
,"checkpoint","Check waste & trap connections",,,,
,"checkpoint","Check all functions & controls for correct operation",,,,
,"checkpoint","Check trap is clear of debris",,,,
,"checkpoint","Check caulking",,,,

,"checklist","Installation Water Service (Rough-ins)","","Installation Water Service (Rough-ins)",60,"53df7716-1ae8-4060-9fa0-48418ccf8c10"
,"section","Details:",,,,
,"checkpoint","Mark this checkpoint as 'FAIL' if you think this task should be a variation or additional work. If not, mark as 'N/A'. You must still action all remaining checkpoints",,,,
,"checkpoint","Installation complies with latest revision of AS/NZS-3500 Parts 1 - 4 (Note: Installation photos to be taken only within this Checkpoint)",,,,
,"checkpoint","Installation complies with current drawings & specifications",,,,
,"checkpoint","All pipes, fittings, materials & associated systems were used in accordance to manufacturer instructions",,,,
,"checkpoint","Check for damage & leaks",,,,
,"checkpoint","Check pipework can not be holed by plaster screws",,,,
,"checkpoint","Check crimp fittings",,,,
,"checkpoint","Check for cross connections",,,,
,"checkpoint","Check alignment & levels",,,,
,"checkpoint","Check materials & joining methods",,,,
,"checkpoint","Check pipe clips, hangers & fixings (correct size, spacing & separation)",,,,
,"checkpoint","Check TMV/TV",,,,
,"checkpoint","Check in-wall mixer bodies & lugged elbows",,,,
,"checkpoint","Check in-wall fixture mounting brackets & concealed cisterns (if specified)",,,,
,"checkpoint","Check noggins for future fixture",,,,
,"checkpoint","Check sharp edge pipe protection",,,,
,"checkpoint","Check heat trace (if specified)",,,,
,"checkpoint","Check hot water pipe clips & thermal insulation (if specified)",,,,
,"checkpoint","Check pipe colour coding",,,,
,"checkpoint","Check floor/wall penetration fire proofing",,,,

,"checklist","Testing Gas Pipework (Above 7kPa)","","Testing Gas Pipework (Above 7kPa)",0,"59546074-f202-493e-85e9-341380b25565"
,"section","Details:",,,,
,"checkpoint","Installation complies with latest revision of AS/NZS 5601.1 (2022)",,,,
,"checkpoint","Installation complies with current drawings & specifications",,,,
,"checkpoint","All pipes, fittings, materials & associated systems were used in accordance to manufacturer instructions",,,,
,"checkpoint","Testing kit & equipment have current certification",,,,
,"checkpoint","Apply test as per latest revision of AS/NZS 5601.1 (2022) (Note: Start & Finish testing photos to be taken only within this Checkpoint)",,,,

,"checklist","Installation Backflow Prevention Device","","Installation Backflow Prevention Device",0,"5aa5aa3e-d273-4e2b-9c3c-4bd98e5d1403"
,"section","Details:",,,,
,"checkpoint","Mark this checkpoint as 'FAIL' if you think this task should be a variation or additional work. If not, mark as 'N/A'. You must still action all remaining checkpoints",,,,
,"checkpoint","Installation complies with latest revision of AS/NZS-3500 Parts 1 - 4 (Note: Installation photos to be taken only within this Checkpoint)",,,,
,"checkpoint","Installation complies with current drawings & specifications",,,,
,"checkpoint","All pipes, fittings, materials & associated systems were used in accordance to manufacturer instructions",,,,
,"checkpoint","RPZD Details:",,,,
"211bbd3d-a453-517c-8b72-dce8c005cf44","textbox","RPZD Serial Number:",,,,
"ab345092-20ae-55f4-a0de-df8856b63a41","textbox","RPZD Location:",,,,
"178f0064-1eea-5f8d-8353-1713fbe6487a","dropdown","RPZD Size:","20mm,25mm,32mm,40mm,50mm,65mm,80mm,100mm,150mm,225mm,300mm",,,
,"checkpoint","Check for damage & leaks",,,,
,"checkpoint","Check materials & joining methods",,,,
,"checkpoint","Check alignments & levels",,,,
,"checkpoint","Check pipe clips, hangers & fixings (correct size, spacing & separation)",,,,
,"checkpoint","Check pressure relief pipe to tundish",,,,

,"checklist","Installation Water Pressure Pump Set","","Installation Water Pressure Pump Set",0,"5e688d30-78b8-4380-bbe1-9cb9719d7b0e"
,"section","Details:",,,,
,"checkpoint","Mark this checkpoint as 'FAIL' if you think this task should be a variation or additional work. If not, mark as 'N/A'. You must still action all remaining checkpoints",,,,
,"checkpoint","Pump Set Details:",,,,
"dbb13c7b-78da-5575-b79c-e2ba3c1332f6","dropdown","Pump Set Type:","Potable Cold Water,Potable Hot Water,Recycled Rain Water,Non-Potable Water,Other",,,
,"checkpoint","Installation complies with latest revision of AS/NZS-3500 Parts 1 - 4 (Note: Installation photos to be taken only within this Checkpoint)",,,,
,"checkpoint","Installation complies with current drawings & specifications",,,,
,"checkpoint","All pipes, fittings, materials & associated systems were used in accordance to manufacturer instructions",,,,
,"checkpoint","Check for damage or leaks",,,,
,"checkpoint","Check fixing points are secure",,,,
,"checkpoint","Check level & alignment",,,,
,"checkpoint","Check isolation valves & non-return valves",,,,
,"checkpoint","Check feed & delivery pipe connections",,,,
,"checkpoint","Check back-up water supply by-pass (if specified)",,,,
,"checkpoint","Check Control Panel",,,,
,"checkpoint","Check all functions & controls for correct operation",,,,
,"checkpoint","Check electrical power is available",,,,
,"checkpoint","Check BMS is available",,,,

,"checklist","Commission Water Storage Tank","","Commission Water Storage Tank",0,"7c66d866-d5b8-490e-8934-d2ac60859f99"
,"section","Details:",,,,
,"checkpoint","Installation complies with latest revision of AS/NZS-3500 Parts 1 - 4 (Note: Commissioning photos to be taken only within this Checkpoint)",,,,
,"checkpoint","Installation complies with current drawings & specifications",,,,
,"checkpoint","All pipes, fittings, materials & associated systems were used in accordance to manufacturer instructions",,,,
,"checkpoint","Check valves are fully open",,,,
,"checkpoint","Check water level sensor set points",,,,
,"checkpoint","Check tank fill valve",,,,
,"checkpoint","Check low level fault",,,,
,"checkpoint","Check high level fault",,,,
,"checkpoint","Check passive over-flow",,,,
,"checkpoint","Check statutory warning signage",,,,
,"checkpoint","Check control panel display & set points",,,,
,"checkpoint","Check BMS connection as specified",,,,
,"checkpoint","Provide the suppliers commissioning report & all plant documentation to this checkpoint",,,,

,"checklist","Installation Hot Water Unit","","Installation Hot Water Unit",61,"848ee66f-37db-41eb-9935-74c9d1378ec7"
,"section","Details:",,,,
,"checkpoint","Mark this checkpoint as 'FAIL' if you think this task should be a variation or additional work. If not, mark as 'N/A'. You must still action all remaining checkpoints",,,,
,"checkpoint","Installation complies with current AS/NZS-3500",,,,
,"checkpoint","Installation complies with current drawings & specifications",,,,
,"checkpoint","All pipes, fittings, materials & associated systems were used in accordance to manufacturer instructions",,,,
,"checkpoint","Check for damage or leaks",,,,
,"checkpoint","Check level & alignment",,,,
,"checkpoint","Check safe tray (if specified)",,,,
,"checkpoint","Check isolation valves & non-return valves",,,,
,"checkpoint","Check pressure reduction valve (if specified)",,,,
,"checkpoint","Check flexible connections are not twisted or kinked",,,,
,"checkpoint","Check waste & water connections",,,,
,"checkpoint","Check operation & controls",,,,
,"checkpoint","Check water temperatures are as specified",,,,
,"checkpoint","Check electrical power is available",,,,
,"checkpoint","Check solar connecting pipework & fittings",,,,
,"checkpoint","Check solar pump operation",,,,
,"checkpoint","Check solar panels & mounting brackets",,,,
,"checkpoint","Must provide photo",,,,

,"checklist","Installation Gas Service (Mains/Risers)","","Installation Gas Service (Mains/Risers)",0,"84f043b1-b4c9-407b-af3a-045c44f37110"
,"section","Details:",,,,
,"checkpoint","Mark this checkpoint as 'FAIL' if you think this task should be a variation or additional work. If not, mark as 'N/A'. You must still action all remaining checkpoints",,,,
,"checkpoint","Installation complies with latest revision of AS/NZS 5601.1 (2022) (Note: Installation photos to be taken only within this Checkpoint)",,,,
,"checkpoint","Installation complies with current drawings & specifications",,,,
,"checkpoint","All pipes, fittings, materials & associated systems were used in accordance to manufacturer instructions",,,,
,"checkpoint","Check for damage & leaks",,,,
,"checkpoint","Check materials & joining methods",,,,
,"checkpoint","Check crimp fittings",,,,
,"checkpoint","Check alignments & levels",,,,
,"checkpoint","Check pipe clips, hangers & fixings (correct size, spacing & separation)",,,,
,"checkpoint","Check valves & meter assemblies",,,,
,"checkpoint","Check valves & meter assemblies fixings & brackets",,,,
,"checkpoint","Check pipework is clear of debris",,,,
,"checkpoint","Check for cross connections",,,,
,"checkpoint","Check open ends are sealed",,,,
,"checkpoint","Check pipe colour coding",,,,
,"checkpoint","Check pipe labelling",,,,
,"checkpoint","Check floor/wall penetration fire proofing",,,,

,"checklist","Fit-off Wash Basin & Tapware","","Fit-off Wash Basin & Tapware",61,"8922c316-5668-47ba-8af1-c3d32f49e630"
,"section","Details:",,,,
,"checkpoint","Mark this checkpoint as 'FAIL' if you think this task should be a variation or additional work. If not, mark as 'N/A'. You must still action all remaining checkpoints",,,,
,"checkpoint","Installation complies with latest revision of AS/NZS-3500 Parts 1 - 4 (Note: Fit-off photos to be taken only within this Checkpoint)",,,,
,"checkpoint","Installation complies with current drawings & specifications",,,,
,"checkpoint","All pipes, fittings, materials & associated systems were used in accordance to manufacturer instructions",,,,
,"checkpoint","Check for damage or leaks",,,,
,"checkpoint","Check fixing points are secure",,,,
,"checkpoint","Check level & alignment",,,,
,"checkpoint","Check mini stops",,,,
,"checkpoint","Check flexible connections are not twisted or kinked",,,,
,"checkpoint","Check special DDA accessories (if applicable)",,,,
,"checkpoint","Check waste & trap connections",,,,
,"checkpoint","Check all functions, controls & remote sensors for correct operation",,,,
,"checkpoint","Check trap is clear of debris",,,,
,"checkpoint","Check caulking",,,,

,"checklist","Fit-off Tundish","","Fit-off Tundish",61,"8eb92d2e-e57b-4f1e-a2fc-0968a0dbbdee"
,"section","Details:",,,,
,"checkpoint","Mark this checkpoint as 'FAIL' if you think this task should be a variation or additional work. If not, mark as 'N/A'. You must still action all remaining checkpoints",,,,
,"checkpoint","Installation complies with latest revision of AS/NZS-3500 Parts 1 - 4 (Note: Fit-off photos to be taken only within this Checkpoint)",,,,
,"checkpoint","Installation complies with current drawings & specifications",,,,
,"checkpoint","All pipes, fittings, materials & associated systems were used in accordance to manufacturer instructions",,,,
,"checkpoint","Check for damage or leaks",,,,
,"checkpoint","Check fixing points are secure",,,,
,"checkpoint","Check level & alignment",,,,
,"checkpoint","Check waste & trap connections",,,,
,"checkpoint","Check trap is clear of debris",,,,

,"checklist","Commission Rain Water Pressure Pump Set","","Commission Rain Water Pressure Pump Set",0,"9a845d3b-4dfa-4f67-b03d-05cf0cd80aa9"
,"section","Details:",,,,
,"checkpoint","Installation complies with latest revision of AS/NZS-3500 Parts 1 - 4 (Note: Commissioning photos to be taken only within this Checkpoint)",,,,
,"checkpoint","Installation complies with current drawings & specifications",,,,
,"checkpoint","All pipes, fittings, materials & associated systems were used in accordance to manufacturer instructions",,,,
,"checkpoint","Check water supply fault",,,,
,"checkpoint","Check pump motor rotation",,,,
,"checkpoint","Check dry pump fault",,,,
,"checkpoint","Check auto pump roll-over",,,,
,"checkpoint","Check ultra violet lamps",,,,
,"checkpoint","Check filters & backwash",,,,
,"checkpoint","Check back-up water supply",,,,
,"checkpoint","Check pump package operational set points",,,,
,"checkpoint","Check control panel display & set points",,,,
,"checkpoint","Check fault warning alarms",,,,
,"checkpoint","Check BMS connection as specified",,,,
,"checkpoint","Provide the suppliers commissioning report & all plant documentation to this checkpoint",,,,

,"checklist","Installation Stack & Vent","","Installation Stack & Vent",0,"9fda02f2-bfe5-4c3e-8c5b-df1f275f0a8b"
,"section","Details:",,,,
,"checkpoint","Mark this checkpoint as 'FAIL' if you think this task should be a variation or additional work. If not, mark as 'N/A'. You must still action all remaining checkpoints",,,,
,"checkpoint","Installation complies with latest revision of AS/NZS-3500 Parts 1 - 4 (Note: Installation photos to be taken only within this Checkpoint)",,,,
,"checkpoint","Installation complies with current drawings & specifications",,,,
,"checkpoint","All pipes, fittings, materials & associated systems were used in accordance to manufacturer instructions",,,,
,"checkpoint","Check for damage & leaks",,,,
,"checkpoint","Check materials & joining methods",,,,
,"checkpoint","Check alignments & levels",,,,
,"checkpoint","Check pipe clips, hangers & fixings (correct size, spacing & separation)",,,,
,"checkpoint","Check expansion joints and anchor points",,,,
,"checkpoint","Check inspection openings",,,,
,"checkpoint","Check pipework is clear of debris",,,,
,"checkpoint","Check open ends are sealed",,,,
,"checkpoint","Check acoustic insulation (if specified)",,,,
,"checkpoint","Check pipe labelling",,,,
,"checkpoint","Check floor/wall penetration fire proofing",,,,
,"checkpoint","Check vents are run to atmosphere and weather proofing is complete",,,,

,"checklist","Fit-off Bath & Tapware","","Fit-off Bath & Tapware",0,"a046225a-db24-4507-adc0-eb47efbc2ef9"
,"section","Details:",,,,
,"checkpoint","Mark this checkpoint as 'FAIL' if you think this task should be a variation or additional work. If not, mark as 'N/A'. You must still action all remaining checkpoints",,,,
,"checkpoint","Installation complies with latest revision of AS/NZS-3500 Parts 1 - 4 (Note: Fit-off photos to be taken only within this Checkpoint)",,,,
,"checkpoint","Installation complies with current drawings & specifications",,,,
,"checkpoint","All pipes, fittings, materials & associated systems were used in accordance to manufacturer instructions",,,,
,"checkpoint","Check for damage or leaks",,,,
,"checkpoint","Check fixing points are secure",,,,
,"checkpoint","Check level & alignment",,,,
,"checkpoint","Check wall plates, mixers & diversion valves",,,,
,"checkpoint","Check outlets, wall rails & hand showers",,,,
,"checkpoint","Check special DDA accessories (if applicable)",,,,
,"checkpoint","Check waste & trap connections",,,,
,"checkpoint","Check all functions & controls for correct operation",,,,
,"checkpoint","Check floor grate level & alignment",,,,
,"checkpoint","Check trap is clear of debris",,,,
,"checkpoint","Check caulking",,,,

,"checklist","Commission Water Pressure Pump Set","","Commission Water Pressure Pump Set",0,"a63989ca-3594-4287-ae7f-9b31e9df3efa"
,"section","Details:",,,,
,"checkpoint","Installation complies with latest revision of AS/NZS-3500 Parts 1 - 4 (Note: Commissioning photos to be taken only within this Checkpoint)",,,,
,"checkpoint","Installation complies with current drawings & specifications",,,,
,"checkpoint","All pipes, fittings, materials & associated systems were used in accordance to manufacturer instructions",,,,
,"checkpoint","Check water supply fault",,,,
,"checkpoint","Check pump motor rotation",,,,
,"checkpoint","Check dry pump fault",,,,
,"checkpoint","Check auto pump roll-over",,,,
,"checkpoint","Check pump package operational set points",,,,
,"checkpoint","Check control panel display & set points",,,,
,"checkpoint","Check fault warning alarms",,,,
,"checkpoint","Check BMS connection as specified",,,,
,"checkpoint","Provide the suppliers commissioning report & all plant documentation to this checkpoint",,,,

,"checklist","Testing Gas Pipework (7kPa or Less)","","Testing Gas Pipework (7kPa or Less)",0,"aaf66933-4ded-44d4-b87a-f448db361fff"
,"section","Details:",,,,
,"checkpoint","Installation complies with latest revision of AS/NZS 5601.1 (2022)",,,,
,"checkpoint","Installation complies with current drawings & specifications",,,,
,"checkpoint","All pipes, fittings, materials & associated systems were used in accordance to manufacturer instructions",,,,
,"checkpoint","Testing kit & equipment have current certification",,,,
,"checkpoint","Apply test as per latest revision of AS/NZS 5601.1 (2022) (Note: Start & Finish testing photos to be taken only within this Checkpoint)",,,,

,"checklist","Commission Drainage Pump Station","","Commission Drainage Pump Station",0,"ae822425-e27a-4d75-9ef1-8996bafa5686"
,"section","Details:",,,,
,"checkpoint","Installation complies with latest revision of AS/NZS-3500 Parts 1 - 4 (Note: Commissioning photos to be taken only within this Checkpoint)",,,,
,"checkpoint","Installation complies with current drawings & specifications",,,,
,"checkpoint","All pipes, fittings, materials & associated systems were used in accordance to manufacturer instructions",,,,
,"checkpoint","Check lifting rails & chains",,,,
,"checkpoint","Check water level sensor set points",,,,
,"checkpoint","Check pump motor rotation",,,,
,"checkpoint","Check dry pump fault",,,,
,"checkpoint","Check low water level fault",,,,
,"checkpoint","Check high water level fault",,,,
,"checkpoint","Check auto pump roll-over",,,,
,"checkpoint","Check pump package operational set points",,,,
,"checkpoint","Check control panel display & set points",,,,
,"checkpoint","Check fault warning alarms",,,,
,"checkpoint","Check BMS connection as specified",,,,
,"checkpoint","Provide the suppliers commissioning report & all plant documentation to this checkpoint",,,,

,"checklist","Installation Pump Station or Tank (In-ground)","","Installation Pump Station or Tank (In-ground)",0,"b20f6f43-1fc3-421d-98ea-b79e2301b0fe"
,"section","Details:",,,,
,"checkpoint","Mark this checkpoint as 'FAIL' if you think this task should be a variation or additional work. If not, mark as 'N/A'. You must still action all remaining checkpoints",,,,
,"checkpoint","Plant & Equipment Installation checked off as below",,,,
,"checkpoint","Installation complies with current AS/NZS-3500",,,,
,"checkpoint","Installation complies with current drawings & specifications",,,,
,"checkpoint","All pipes, fittings, materials & associated systems were used in accordance to manufacturer instructions",,,,
,"checkpoint","Check for damage & leaks",,,,
,"checkpoint","Check materials & joining methods",,,,
,"checkpoint","Check alignments & levels",,,,
,"checkpoint","Check bedding & clearances",,,,
,"checkpoint","Check connections to pits, tanks, & pump stations, etc",,,,
,"checkpoint","Check covers, venting, & electrical conduits, etc",,,,
,"checkpoint","Check pipework & traps are clear of debris",,,,
,"checkpoint","Check inspection openings",,,,
,"checkpoint","Check open ends are sealed",,,,
,"checkpoint","If trench is to be left open, make ensure pipe can not float",,,,
,"checkpoint","Check trench backfill & compaction",,,,
,"checkpoint","Must provide photo",,,,

,"checklist","Fit-off Hose Tap","","Fit-off Hose Tap",61,"b3dae27a-8647-47d9-a3a0-caba4c310e87"
,"section","Details:",,,,
,"checkpoint","Mark this checkpoint as 'FAIL' if you think this task should be a variation or additional work. If not, mark as 'N/A'. You must still action all remaining checkpoints",,,,
,"checkpoint","Installation complies with latest revision of AS/NZS-3500 Parts 1 - 4 (Note: Fit-off photos to be taken only within this Checkpoint)",,,,
,"checkpoint","Installation complies with current drawings & specifications",,,,
,"checkpoint","All pipes, fittings, materials & associated systems were used in accordance to manufacturer instructions",,,,
,"checkpoint","Check for damage or leaks",,,,
,"checkpoint","Vacuum breaker fitted",,,,
,"checkpoint","Check pipe colour coding",,,,

,"checklist","Fit-off Dishwasher","","Fit-off Dishwasher",61,"b6153fd2-620c-42d3-819c-222904941673"
,"section","Details:",,,,
,"checkpoint","Mark this checkpoint as 'FAIL' if you think this task should be a variation or additional work. If not, mark as 'N/A'. You must still action all remaining checkpoints",,,,
,"checkpoint","Installation complies with latest revision of AS/NZS-3500 Parts 1 - 4 (Note: Fit-off photos to be taken only within this Checkpoint)",,,,
,"checkpoint","Installation complies with current drawings & specifications",,,,
,"checkpoint","All pipes, fittings, materials & associated systems were used in accordance to manufacturer instructions",,,,
,"checkpoint","Check for damage or leaks",,,,
,"checkpoint","Check fixing points are secure",,,,
,"checkpoint","Check level & alignment",,,,
,"checkpoint","Check isolation valves & non-return valves",,,,
,"checkpoint","Check pressure reduction valve (if specified)",,,,
,"checkpoint","Check flexible waste & water hoses are not twisted or kinked",,,,
,"checkpoint","Check flexible waste hose height under cabinet",,,,
,"checkpoint","Check waste connection to trap",,,,
,"checkpoint","Check all functions & controls for correct operation",,,,

,"checklist","Fit-off Gas Appliance","","Fit-off Gas Appliance",0,"b6c66481-b555-4898-90a0-ea4d082da158"
,"section","Details:",,,,
,"checkpoint","Mark this checkpoint as 'FAIL' if you think this task should be a variation or additional work. If not, mark as 'N/A'. You must still action all remaining checkpoints",,,,
,"checkpoint","Installation complies with latest revision of AS/NZS 5601.1 (2022) (Note: Fit-off photos to be taken only within this Checkpoint)",,,,
,"checkpoint","Installation complies with current drawings & specifications",,,,
,"checkpoint","All pipes, fittings, materials & associated systems were used in accordance to manufacturer instructions",,,,
,"checkpoint","Check for damage or leaks",,,,
,"checkpoint","Check fixing points are secure",,,,
,"checkpoint","Check level & alignment is correct",,,,
,"checkpoint","Check surrounding wall material is fire rated",,,,
,"checkpoint","Check distance from cook-top to range hood complies with manufacturer specification",,,,
,"checkpoint","Check surrounding walls to closest burner distance complies with manufacturer specification",,,,
,"checkpoint","Check flexible connections are not twisted or kinked",,,,
,"checkpoint","Check gas isolation valve",,,,
,"checkpoint","Check gas pressure regulator",,,,
,"checkpoint","Check all functions & controls for correct operation",,,,

,"checklist","Installation Downpipe & Overflow","","Installation Downpipe & Overflow",0,"b9273607-1758-4cd4-8876-9c87ba4a9d80"
,"section","Details:",,,,
,"checkpoint","Mark this checkpoint as 'FAIL' if you think this task should be a variation or additional work. If not, mark as 'N/A'. You must still action all remaining checkpoints",,,,
,"checkpoint","Installation complies with latest revision of AS/NZS-3500 Parts 1 - 4 (Note: Installation photos to be taken only within this Checkpoint)",,,,
,"checkpoint","Installation complies with current drawings & specifications",,,,
,"checkpoint","All pipes, fittings, materials & associated systems were used in accordance to manufacturer instructions",,,,
,"checkpoint","Check for damage & leaks",,,,
,"checkpoint","Check materials & joining methods",,,,
,"checkpoint","Check alignments & levels",,,,
,"checkpoint","Check pipe clips, hangers & fixings (correct size, spacing & separation)",,,,
,"checkpoint","Check expansion joints and anchor points",,,,
,"checkpoint","Check connection to roof & floor outlets",,,,
,"checkpoint","Check inspection openings",,,,
,"checkpoint","Check pipework is clear of debris",,,,
,"checkpoint","Check open ends are sealed",,,,
,"checkpoint","Check acoustic insulation (if specified)",,,,
,"checkpoint","Check pipe labelling",,,,
,"checkpoint","Check floor/wall penetration fire proofing",,,,

,"checklist","Commission Fixture Group","","Commission Fixture Group",0,"c7bf1dc4-adf2-4f26-aa81-5a98e46c834c"
,"section","Details:",,,,
,"checkpoint","Installation complies with latest revision of AS/NZS-3500 Parts 1 - 4 &/or AS/NZS 5601.1 (2022) (Note: Commissioning photos to be taken only within this Checkpoint)",,,,
,"checkpoint","Installation complies with current drawings & specifications",,,,
,"checkpoint","All pipes, fittings, materials & associated systems were used in accordance to manufacturer instructions",,,,
,"checkpoint","Check for any damage, leaks or missing components",,,,
,"checkpoint","Check level & alignment of all fixtures",,,,
,"checkpoint","Check all fixtures, seats & covers are securely fastened",,,,
,"checkpoint","Check all valves are fully open",,,,
,"checkpoint","Check all flexible connections are not twisted or kinked",,,,
,"checkpoint","Check for water for cross connections",,,,
,"checkpoint","Check fixture wastes & connections",,,,
,"checkpoint","Check pipework & all traps are clear of debris",,,,
,"checkpoint","Check AAV is installed to correct height",,,,
,"checkpoint","Check future connection water valves are securely capped",,,,
,"checkpoint","Check TV do not exceed 50°C",,,,
,"checkpoint","Check TMV do not exceed 45°C",,,,
,"checkpoint","Check dishwasher function",,,,
,"checkpoint","Check gas valves & regulators",,,,
,"checkpoint","Check all gas burner functions",,,,
,"checkpoint","Check balcony hose tap",,,,
,"checkpoint","Check balcony floor grate & downpipe",,,,
,"checkpoint","Check all fixtures & tapware are operating as specified",,,,
,"checkpoint","Confirm area has been left clean",,,,

,"checklist","Installation Pump Station","","Installation Pump Station",0,"c9b5c128-9d56-46e1-9ef2-417860afc502"
,"section","Details:",,,,
,"checkpoint","Mark this checkpoint as 'FAIL' if you think this task should be a variation or additional work. If not, mark as 'N/A'. You must still action all remaining checkpoints",,,,
,"checkpoint","Pump Station Details:",,,,
"21fbf836-4d5d-5ba4-aad0-386cb8f69d1a","dropdown","Pump Station Type:","Sewer Above Ground,Stormwater Above Ground,Sewer In-ground,Stormwater In-ground,Other",,,
,"checkpoint","Installation complies with latest revision of AS/NZS-3500 Parts 1 - 4 (Note: Installation photos to be taken only within this Checkpoint)",,,,
,"checkpoint","Installation complies with current drawings & specifications",,,,
,"checkpoint","All pipes, fittings, materials & associated systems were used in accordance to manufacturer instructions",,,,
,"checkpoint","Check for damage & leaks",,,,
,"checkpoint","Check materials & joining methods",,,,
,"checkpoint","Check alignments & levels",,,,
,"checkpoint","Check bedding & clearances",,,,
,"checkpoint","Check inlet/outlet connections & vents",,,,
,"checkpoint","Check covers, venting, & electrical conduits, etc",,,,
,"checkpoint","Check pipework & traps are clear of debris",,,,
,"checkpoint","Check inspection openings",,,,
,"checkpoint","Check open ends are sealed",,,,
,"checkpoint","Check trench backfill & compaction",,,,

,"checklist","Fit-off Toilet & Cistern","","Fit-off Toilet & Cistern",61,"cc3d97de-4fb4-42f3-8bc6-805b3d4362f8"
,"section","Details:",,,,
,"checkpoint","Mark this checkpoint as 'FAIL' if you think this task should be a variation or additional work. If not, mark as 'N/A'. You must still action all remaining checkpoints",,,,
,"checkpoint","Installation complies with latest revision of AS/NZS-3500 Parts 1 - 4 (Note: Fit-off photos to be taken only within this Checkpoint)",,,,
,"checkpoint","Installation complies with current drawings & specifications",,,,
,"checkpoint","All pipes, fittings, materials & associated systems were used in accordance to manufacturer instructions",,,,
,"checkpoint","Check for damage or leaks",,,,
,"checkpoint","Check fixing points are secure",,,,
,"checkpoint","Check level & alignment",,,,
,"checkpoint","Check mini stops",,,,
,"checkpoint","Check flexible connections are not twisted or kinked",,,,
,"checkpoint","Check special DDA accessories (if applicable)",,,,
,"checkpoint","Check all functions, controls & remote sensors for correct operation",,,,
,"checkpoint","Check trap is clear of debris",,,,
,"checkpoint","Check caulking",,,,

,"checklist","Installation Pump Line","","Installation Pump Line",0,"cc45c0d0-7895-42cb-91f1-461373479105"
,"section","Details:",,,,
,"checkpoint","Mark this checkpoint as 'FAIL' if you think this task should be a variation or additional work. If not, mark as 'N/A'. You must still action all remaining checkpoints",,,,
,"checkpoint","Installation complies with latest revision of AS/NZS-3500 Parts 1 - 4 (Note: Installation photos to be taken only within this Checkpoint)",,,,
,"checkpoint","Installation complies with current drawings & specifications",,,,
,"checkpoint","All pipes, fittings, materials & associated systems were used in accordance to manufacturer instructions",,,,
,"checkpoint","Check for damage & leaks",,,,
,"checkpoint","Check materials & joining methods",,,,
,"checkpoint","Check alignments & levels",,,,
,"checkpoint","Check pipe clips, hangers & fixings (correct size, spacing & separation)",,,,
,"checkpoint","Check pipework is clear of debris",,,,
,"checkpoint","Check open ends are sealed",,,,
,"checkpoint","Check pipe labelling",,,,
,"checkpoint","Check floor/wall penetration fire proofing",,,,

,"checklist","Testing Potable Water Pipework","","Testing Potable Water Pipework",0,"cf1501ba-8925-4a18-b825-103f619430e2"
,"section","Details:",,,,
,"checkpoint","Installation complies with latest revision of AS/NZS-3500 Parts 1 - 4",,,,
,"checkpoint","Installation complies with current drawings & specifications",,,,
,"checkpoint","All pipes, fittings, materials & associated systems were used in accordance to manufacturer instructions",,,,
,"checkpoint","Check installation is clean and ready for testing",,,,
,"checkpoint","Check all valves, mixers, meters, etc , in the test zone are rated for the test pressure required",,,,
,"checkpoint","Testing kit & equipment have current certification",,,,
,"checkpoint","Apply test as per latest revision of AS/NZS-3500 Part 1 (Note: Start & Finish testing photos to be taken only within this Checkpoint)",,,,

,"checklist","Fit-off Laundry Trough & Tapware","","Fit-off Laundry Trough & Tapware",61,"d018fd7b-20fa-4762-b43e-31e8728fba8f"
,"section","Details:",,,,
,"checkpoint","Mark this checkpoint as 'FAIL' if you think this task should be a variation or additional work. If not, mark as 'N/A'. You must still action all remaining checkpoints",,,,
,"checkpoint","Installation complies with latest revision of AS/NZS-3500 Parts 1 - 4 (Note: Fit-off photos to be taken only within this Checkpoint)",,,,
,"checkpoint","Installation complies with current drawings & specifications",,,,
,"checkpoint","All pipes, fittings, materials & associated systems were used in accordance to manufacturer instructions",,,,
,"checkpoint","Check for damage or leaks",,,,
,"checkpoint","Check fixing points are secure",,,,
,"checkpoint","Check level & alignment",,,,
,"checkpoint","Check mini stops",,,,
,"checkpoint","Check flexible connections are not twisted or kinked",,,,
,"checkpoint","Check waste & water connections",,,,
,"checkpoint","Check stop valves for future connections are capped",,,,
,"checkpoint","Check all functions & controls for correct operation",,,,
,"checkpoint","Check trap is clear of debris",,,,
,"checkpoint","Check caulking",,,,

,"checklist","Installation Penetration","","Installation Penetration",0,"d6de911b-41bd-4bc5-b296-330c5ed25230"
,"section","Details:",,,,
,"checkpoint","Mark this checkpoint as 'FAIL' if you think this task should be a variation or additional work. If not, mark as 'N/A'. You must still action all remaining checkpoints",,,,
,"checkpoint","Installation complies with latest revision of AS/NZS-3500 Parts 1 - 4 (Note: Installation photos to be taken only within this Checkpoint)",,,,
,"checkpoint","Installation complies with current drawings & specifications",,,,
,"checkpoint","All pipes, fittings, materials & associated systems were used in accordance to manufacturer instructions",,,,
,"checkpoint","Check for damage & missing penos",,,,
,"checkpoint","Check penetration sizes, locations & finished levels are correct",,,,
,"checkpoint","Check fire collars types & ratings are correct",,,,
,"checkpoint","Check blank sleeves are correct",,,,
,"checkpoint","Check cast-in outlets location & finished levels are correct",,,,
,"checkpoint","Check open ends are sealed",,,,

,"checklist","Installation Water Service (Mains/Risers)","","Installation Water Service (Mains/Risers)",0,"d8784ba7-66f0-4777-8136-e22959cf8456"
,"section","Details:",,,,
,"checkpoint","Mark this checkpoint as 'FAIL' if you think this task should be a variation or additional work. If not, mark as 'N/A'. You must still action all remaining checkpoints",,,,
,"checkpoint","Installation complies with latest revision of AS/NZS-3500 Parts 1 - 4 (Note: Installation photos to be taken only within this Checkpoint)",,,,
,"checkpoint","Installation complies with current drawings & specifications",,,,
,"checkpoint","All pipes, fittings, materials & associated systems were used in accordance to manufacturer instructions",,,,
,"checkpoint","Check for damage & leaks",,,,
,"checkpoint","Check crimp fittings",,,,
,"checkpoint","Check materials & joining methods",,,,
,"checkpoint","Check alignments & levels",,,,
,"checkpoint","Check pipe clips, hangers & fixings (correct size, spacing & separation)",,,,
,"checkpoint","Check expansion joints and anchor points",,,,
,"checkpoint","Check isolation & pressure reduction valves & meter assemblies",,,,
,"checkpoint","Check hot water pipe clips & thermal insulation (if specified)",,,,
,"checkpoint","Check pipework is clear of debris",,,,
,"checkpoint","Check for cross connections",,,,
,"checkpoint","Check open ends are sealed",,,,
,"checkpoint","Check pipe labelling",,,,
,"checkpoint","Check pipe colour coding",,,,
,"checkpoint","Check floor/wall penetration fire proofing",,,,

,"checklist","Fit-off Shower & Tapware","","Fit-off Shower & Tapware",122,"dbd721fd-cacb-4ea4-ad56-8d68f4fca749"
,"section","Details:",,,,
,"checkpoint","Mark this checkpoint as 'FAIL' if you think this task should be a variation or additional work. If not, mark as 'N/A'. You must still action all remaining checkpoints",,,,
,"checkpoint","Installation complies with latest revision of AS/NZS-3500 Parts 1 - 4 (Note: Fit-off photos to be taken only within this Checkpoint)",,,,
,"checkpoint","Installation complies with current drawings & specifications",,,,
,"checkpoint","All pipes, fittings, materials & associated systems were used in accordance to manufacturer instructions",,,,
,"checkpoint","Check for damage or leaks",,,,
,"checkpoint","Check fixing points are secure",,,,
,"checkpoint","Check level & alignment",,,,
,"checkpoint","Check wall plates, mixers & diversion valves",,,,
,"checkpoint","Check outlets, wall rails & hand showers",,,,
,"checkpoint","Check special DDA accessories (if applicable)",,,,
,"checkpoint","Check waste & trap connections",,,,
,"checkpoint","Check all functions & controls for correct operation",,,,
,"checkpoint","Check floor grate level & alignment",,,,
,"checkpoint","Check trap is clear of debris",,,,
,"checkpoint","Check caulking",,,,

,"checklist","Commission Rain Water Diversion Valve","","Commission Rain Water Diversion Valve",0,"e1112d12-614d-44e9-bd85-3ca0d17c7b0a"
,"section","Details:",,,,
,"checkpoint","Installation complies with latest revision of AS/NZS-3500 Parts 1 - 4 (Note: Commissioning photos to be taken only within this Checkpoint)",,,,
,"checkpoint","Installation complies with current drawings & specifications",,,,
,"checkpoint","All pipes, fittings, materials & associated systems were used in accordance to manufacturer instructions",,,,
,"checkpoint","Check valve operation",,,,
,"checkpoint","Check valve defaults to storm-water if no power or tank full",,,,
,"checkpoint","Check control panel display & set points",,,,
,"checkpoint","Check BMS connection as specified",,,,
,"checkpoint","Provide the suppliers commissioning report & all plant documentation to this checkpoint",,,,

,"checklist","Testing Drainage Pipework (Air Test)","","Testing Drainage Pipework (Air Test)",0,"e167cbe3-2f78-4149-9957-420b502b75bc"
,"section","Details:",,,,
,"checkpoint","Installation complies with latest revision of AS/NZS-3500 Parts 1 - 4",,,,
,"checkpoint","Installation complies with current drawings & specifications",,,,
,"checkpoint","All pipes, fittings, materials & associated systems were used in accordance to manufacturer instructions",,,,
,"checkpoint","Testing kit & equipment have current certification",,,,
,"checkpoint","Apply test as per latest revision of AS/NZS-3500 Part 2 (Note: Start & Finish testing photos to be taken only within this Checkpoint)",,,,

,"checklist","Installation Waste Water Tank","","Installation Waste Water Tank",0,"e30ba22e-2191-498e-abe6-417a0c2bd545"
,"section","Details:",,,,
,"checkpoint","Mark this checkpoint as 'FAIL' if you think this task should be a variation or additional work. If not, mark as 'N/A'. You must still action all remaining checkpoints",,,,
,"checkpoint","Tank Details:",,,,
"a3e2d56c-ba15-58b5-8c8e-8177203a7cf3","dropdown","Tank Type:","Grease Interceptor,Neutralizing Pit,POI Interceptor,SW Detention Tank,SW Filtration Pit,Other",,,
,"checkpoint","Installation complies with latest revision of AS/NZS-3500 Parts 1 - 4 (Note: Installation photos to be taken only within this Checkpoint)",,,,
,"checkpoint","Installation complies with current drawings & specifications",,,,
,"checkpoint","All pipes, fittings, materials & associated systems were used in accordance to manufacturer instructions",,,,
,"checkpoint","Check for damage & leaks",,,,
,"checkpoint","Check materials & joining methods",,,,
,"checkpoint","Check alignments & levels",,,,
,"checkpoint","Check bedding & clearances",,,,
,"checkpoint","Check inlet/outlet connections & vents",,,,
,"checkpoint","Check covers, venting, & electrical conduits, etc",,,,
,"checkpoint","Check pipework & traps are clear of debris",,,,
,"checkpoint","Check inspection openings",,,,
,"checkpoint","Check open ends are sealed",,,,
,"checkpoint","Check trench backfill & compaction",,,,
,"checkpoint","Installation complies with latest revision of AS/NZS-3500 Parts 1 - 4",,,,
,"checkpoint","Installation complies with current drawings & specifications",,,,
,"checkpoint","All pipes, fittings, materials & associated systems were used in accordance to manufacturer instructions",,,,
,"checkpoint","Check installation is clean and ready for testing",,,,
,"checkpoint","Apply test as per latest revision of AS/NZS-3500 Part 2 (Note: Start & Finish testing photos to be taken only within this Checkpoint)",,,,

,"checklist","Cast-in Waste & Vent","","Cast-in Waste & Vent",0,"e7b8ad8d-224c-4864-9ac8-de44af55622e"
,"section","Details:",,,,
,"checkpoint","Mark this checkpoint as 'FAIL' if you think this task should be a variation or additional work. If not, mark as 'N/A'. You must still action all remaining checkpoints",,,,
,"checkpoint","Installation complies with latest revision of AS/NZS-3500 Parts 1 - 4 (Note: Installation photos to be taken only within this Checkpoint)",,,,
,"checkpoint","Installation complies with current drawings & specifications",,,,
,"checkpoint","All pipes, fittings, materials & associated systems were used in accordance to manufacturer instructions",,,,
,"checkpoint","Check for damage & leaks",,,,
,"checkpoint","Check materials & joining methods",,,,
,"checkpoint","Check alignments & levels",,,,
,"checkpoint","Check pipe clips, hangers & fixings (correct size, spacing & separation)",,,,
,"checkpoint","Check pipework & traps are clear of debris",,,,
,"checkpoint","Check pipe expansion lagging",,,,
,"checkpoint","Check open ends are sealed",,,,

,"checklist","Installation Hot Water Plant/Unit","","Installation Hot Water Plant/Unit",0,"ed552afd-b058-48fe-be33-40ebdf0e30fd"
,"section","Details:",,,,
,"checkpoint","Mark this checkpoint as 'FAIL' if you think this task should be a variation or additional work. If not, mark as 'N/A'. You must still action all remaining checkpoints",,,,
,"checkpoint","Installation complies with latest revision of AS/NZS-3500 Parts 1 - 4, &/or AS/NZS 5601.1 (2022) (Note: Installation photos to be taken only within this Checkpoint)",,,,
,"checkpoint","Installation complies with current drawings & specifications",,,,
,"checkpoint","All pipes, fittings, materials & associated systems were used in accordance to manufacturer instructions",,,,
,"checkpoint","Check for damage or leaks",,,,
,"checkpoint","Check level & alignment",,,,
,"checkpoint","Check safe tray (if specified)",,,,
,"checkpoint","Check isolation valves & non-return valves",,,,
,"checkpoint","Check pressure reduction valve (if specified)",,,,
,"checkpoint","Check flexible connections are not twisted or kinked",,,,
,"checkpoint","Check waste & water connections",,,,
,"checkpoint","Check all functions & controls for correct operation",,,,
,"checkpoint","Check water temperatures are as specified",,,,
,"checkpoint","Check electrical power is available",,,,
,"checkpoint","Check solar panels & mounting brackets",,,,
,"checkpoint","Check solar connecting pipework & fittings",,,,
,"checkpoint","Check solar pump operation",,,,

,"checklist","Fit-off Kitchen Sink & Tapware","","Fit-off Kitchen Sink & Tapware",61,"efc54511-c355-4602-8535-1bfa42bad3c8"
,"section","Details:",,,,
,"checkpoint","Mark this checkpoint as 'FAIL' if you think this task should be a variation or additional work. If not, mark as 'N/A'. You must still action all remaining checkpoints",,,,
,"checkpoint","Installation complies with latest revision of AS/NZS-3500 Parts 1 - 4 (Note: Fit-off photos to be taken only within this Checkpoint)",,,,
,"checkpoint","Installation complies with current drawings & specifications",,,,
,"checkpoint","All pipes, fittings, materials & associated systems were used in accordance to manufacturer instructions",,,,
,"checkpoint","Check for damage or leaks",,,,
,"checkpoint","Check fixing points are secure",,,,
,"checkpoint","Check level & alignment",,,,
,"checkpoint","Check mini stops",,,,
,"checkpoint","Check flexible connections are not twisted or kinked",,,,
,"checkpoint","Check waste & trap connections",,,,
,"checkpoint","Check dishwasher waste & water connections",,,,
,"checkpoint","Check stop valves for future connections are capped",,,,
,"checkpoint","Check all functions & controls for correct operation",,,,
,"checkpoint","Check trap is clear of debris",,,,
,"checkpoint","Check caulking",,,,

,"checklist","Testing Drainage Pipework (Hydrostatic Test)","","Testing Drainage Pipework (Hydrostatic Test)",74,"f3156ad0-2f49-458a-88e3-a6710b0b17a6"
,"section","Details:",,,,
,"checkpoint","Installation complies with current AS/NZS-3500",,,,
,"checkpoint","Installation complies with current drawings & specifications",,,,
,"checkpoint","All pipes, fittings, materials & associated systems were used in accordance to manufacturer instructions",,,,
,"checkpoint","Check installation is clean and ready for testing",,,,
,"checkpoint","Apply water pressure test as per AS/NZS-3500",,,,
,"checkpoint","Must provide test start & finish photos",,,,

,"checklist","Commission Reduced Pressure Zone Device","","Commission Reduced Pressure Zone Device",0,"f6d51b4e-29c9-44c2-8c13-3766a80c9f8e"
,"section","Details:",,,,
,"checkpoint","Installation complies with latest revision of AS/NZS-3500 Parts 1 - 4 (Note: Commissioning photos to be taken only within this Checkpoint)",,,,
,"checkpoint","Installation complies with current drawings & specifications",,,,
,"checkpoint","All pipes, fittings, materials & associated systems were used in accordance to manufacturer instructions",,,,
,"checkpoint","RPZD Details:",,,,
"d7ca90c7-008e-5369-a1a7-7c4540d72953","textbox","RPZD Serial Number:",,,,
"4b7cc0ea-c1b3-53c6-b662-3a63abc77882","textbox","RPZD Location:",,,,
"35e4ceff-f4cb-5455-8f15-31464e541550","dropdown","RPZD Size:","20mm,25mm,32mm,40mm,50mm,65mm,80mm,100mm,150mm,225mm,300mm",,,
,"checkpoint","Check valves are fully open",,,,
,"checkpoint","Check inlet water pressure does not exceed manufacturer specification",,,,
,"checkpoint","Check outlet water pressure is as per manufacturer specification",,,,
,"checkpoint","Check exhaust tundish drain sized to accept a full flush",,,,
,"checkpoint","Provide the commissioning report & all plant documentation to this checkpoint",,,,

,"checklist","Installation Water Service (In-ground)","","Installation Water Service (In-ground)",0,"f9a49558-0c5e-4511-81ff-522eb1bd5cf4"
,"section","Details:",,,,
,"checkpoint","Mark this checkpoint as 'FAIL' if you think this task should be a variation or additional work. If not, mark as 'N/A'. You must still action all remaining checkpoints",,,,
,"checkpoint","Installation complies with latest revision of AS/NZS-3500 Parts 1 - 4 (Note: Installation photos to be taken only within this Checkpoint)",,,,
,"checkpoint","Installation complies with current drawings & specifications",,,,
,"checkpoint","All pipes, fittings, materials & associated systems were used in accordance to manufacturer instructions",,,,
,"checkpoint","Check for damage & leaks",,,,
,"checkpoint","Check materials & joining methods",,,,
,"checkpoint","Check alignments & levels",,,,
,"checkpoint","Check bedding & clearances",,,,
,"checkpoint","Check valve connections",,,,
,"checkpoint","Check pipework is clear of debris",,,,
,"checkpoint","Check open ends are sealed",,,,
,"checkpoint","Check pipe colour coding",,,,
,"checkpoint","Check pipe trench marking tape (if specified)",,,,
,"checkpoint","Check trench backfill & compaction",,,,

,"checklist","Commission Hot Water Generating Plant","","Commission Hot Water Generating Plant",0,"fc397b60-fd8d-4880-924e-6d4959b69e93"
,"section","Details:",,,,
,"checkpoint","Installation complies with latest revision of AS/NZS-3500 Parts 1 - 4 &/or AS/NZS 5601.1 (2022) (Note: Commissioning photos to be taken only within this Checkpoint)",,,,
,"checkpoint","Installation complies with current drawings & specifications",,,,
,"checkpoint","All pipes, fittings, materials & associated systems were used in accordance to manufacturer instructions",,,,
,"checkpoint","Check valves are fully open",,,,
,"checkpoint","Check water filters are clean",,,,
,"checkpoint","Check gas supply",,,,
,"checkpoint","Check circulating pumps",,,,
,"checkpoint","Check flue operation",,,,
,"checkpoint","Check system auto start",,,,
,"checkpoint","Check flow & return temperatures",,,,
,"checkpoint","Check control panel display & set points",,,,
,"checkpoint","Check BMS connection (if specified)",,,,
,"checkpoint","Provide the suppliers commissioning report & all plant documentation to this checkpoint",,,,

,"checklist","","","",60,"aaaccb222565c4ec4e2391f65c7e7ae5a86006de637ff4ac2752bedff5d53228"
,"section","Details:",,,,
,"checkpoint","Mark this checkpoint as 'FAIL' if you think this task should be a variation or additional work. If not, mark as 'N/A'. You must still action all remaining checkpoints",,,,
,"checkpoint","Installation complies with latest revision of AS/NZS-5601 (Note: Installation photos to be taken only within this Checkpoint)",,,,
,"checkpoint","Installation complies with current drawings & specifications",,,,
,"checkpoint","All pipes, fittings, materials & associated systems were used in accordance to manufacturer instructions",,,,
,"checkpoint","Check for damage & leaks",,,,
,"checkpoint","Check pipework can not be holed by plaster screws",,,,
,"checkpoint","Check crimp fittings",,,,
,"checkpoint","Check for cross connections",,,,
,"checkpoint","Check alignment & levels",,,,
,"checkpoint","Check materials & joining methods",,,,
,"checkpoint","Check pipe clips, hangers & fixings (correct size, spacing & separation)",,,,
,"checkpoint","Check lugged elbows",,,,
,"checkpoint","Check noggings for future fixture",,,,
,"checkpoint","Check sharp edge pipe protection",,,,
,"checkpoint","Check pipe colour coding",,,,
,"checkpoint","Check floor/wall penetration fire proofing",,,,

,"checklist","","","",61,"85f8719d60ad41b98a5587b25184f5e446cd76b96c5346e09c4474473806b8a9"
,"section","Details:",,,,
,"checkpoint","Mark this checkpoint as 'FAIL' if you think this task should be a variation or additional work. If not, mark as 'N/A'. You must still action all remaining checkpoints",,,,
,"checkpoint","Installation complies with latest revision of AS/NZS-5601 (Note: Fit-off photos to be taken only within this Checkpoint)",,,,
,"checkpoint","Installation complies with current drawings & specifications",,,,
,"checkpoint","All pipes, fittings, materials & associated systems were used in accordance to manufacturer instructions",,,,
,"checkpoint","Check for damage or leaks",,,,
,"checkpoint","Check fixing points are secure",,,,
,"checkpoint","Check level & alignment is correct",,,,
,"checkpoint","Check surrounding wall material is fire rated",,,,
,"checkpoint","Check distance from cook-top to range hood complies with manufacturer specification",,,,
,"checkpoint","Check surrounding walls to closest burner distance complies with manufacturer specification",,,,
,"checkpoint","Check flexible connections are not twisted or kinked",,,,
,"checkpoint","Check gas isolation valve",,,,
,"checkpoint","Check gas pressure regulator",,,,
,"checkpoint","Check all functions & controls for correct operation",,,,

,"checklist","","","",61,"9c13593819d91d9f51eae26e5e84251fbec2d43fdb30b0a585eabe1606d736f8"
,"section","Details:",,,,
,"checkpoint","Installation complies with latest revision of AS/NZS-3500 Parts 1 - 4 &/or AS/NZS-5601 (Note: Commissioning photos to be taken only within this Checkpoint)",,,,
,"checkpoint","Installation complies with current drawings & specifications",,,,
,"checkpoint","All pipes, fittings, materials & associated systems were used in accordance to manufacturer instructions",,,,
,"checkpoint","Check for any damage, leaks or missing components",,,,
,"checkpoint","Check level & alignment of all fixtures",,,,
,"checkpoint","Check all fixtures, seats & covers are securely fastened",,,,
,"checkpoint","Check all valves are fully open",,,,
,"checkpoint","Check all flexible connections are not twisted or kinked",,,,
,"checkpoint","Check for water for cross connections",,,,
,"checkpoint","Check fixture wastes & connections",,,,
,"checkpoint","Check pipework & all traps are clear of debris",,,,
,"checkpoint","Check AAV is installed to correct height",,,,
,"checkpoint","Check future connection water valves are securely capped",,,,
,"checkpoint","Check TV do not exceed 50°C",,,,
,"checkpoint","Check TMV do not exceed 45°C",,,,
,"checkpoint","Check dishwasher function",,,,
,"checkpoint","Check gas valves & regulators",,,,
,"checkpoint","Check all gas burner functions",,,,
,"checkpoint","Check balcony hose tap",,,,
,"checkpoint","Check balcony floor grate & downpipe",,,,
,"checkpoint","Check all fixtures & tapware are operating as specified",,,,
,"checkpoint","Confirm area has been left clean",,,,

,"checklist-flat","","","",1,"b95aa39fd0ab90f07f2cc61f84a0de91942f8b88cb6422238b62ecd157d5ad23"
,"checkpoint","Mark this checkpoint as 'FAIL' if you think this task should be a variation. If no variation mark as 'N/A'. You must still proceed with the following checks",,,,
,"checkpoint","Installation complies with current AS/NZS-3500",,,,
,"checkpoint","Installation complies with current drawings & specifications",,,,
,"checkpoint","Installation & materials were used, comply with manufacturer requirements",,,,
,"checkpoint","Check for damage & leaks",,,,
,"checkpoint","Check materials & joining methods",,,,
,"checkpoint","Check alignments & levels",,,,
,"checkpoint","Check clip spacing & pipe separation",,,,
,"checkpoint","Check expansion joints and anchor points",,,,
,"checkpoint","Check in-wall fixture mounting brackets",,,,
,"checkpoint","Check in-wall waste pipes & vents",,,,
,"checkpoint","Check inspection openings",,,,
,"checkpoint","Check pipework & traps are clear of debris",,,,
,"checkpoint","Check open ends are sealed",,,,
,"checkpoint","Check acoustic insulation (if specified)",,,,
,"checkpoint","Check pipe labelling",,,,
,"checkpoint","Check floor/wall penetration fire proofing",,,,
,"checkpoint","Check roof vent pipes weather proofing is complete",,,,
,"checkpoint","Testing by approved method has been complete (must provide test photos)",,,,

,"checklist-flat","","","",1,"5c0bf70abe9900ee4a30d835da9120f83e05f9cbf9af54772bc4ffa3aaf74c1f"
,"checkpoint","Mark this checkpoint as 'FAIL' if you think this task should be a variation. If no variation mark as 'N/A'. You must still proceed with the following checks",,,,
,"checkpoint","Installation complies with current AS/NZS-3500",,,,
,"checkpoint","Installation complies with current drawings & specifications",,,,
,"checkpoint","Installation & materials were used, comply with manufacturer requirements",,,,
,"checkpoint","Check for damage & leaks",,,,
,"checkpoint","Check crimp fittings",,,,
,"checkpoint","Check for cross connections",,,,
,"checkpoint","Check alignment & levels",,,,
,"checkpoint","Check materials & joining methods",,,,
,"checkpoint","Check clip spacing & pipe separation",,,,
,"checkpoint","Check TMV/TV",,,,
,"checkpoint","Check mixer bodies & lugged elbows",,,,
,"checkpoint","Check in-wall pan & cistern brackets",,,,
,"checkpoint","Check noggings for future fixture",,,,
,"checkpoint","Check sharp edge pipe protection",,,,
,"checkpoint","Check heat trace (if specified)",,,,
,"checkpoint","Check hot water pipe clips & thermal insulation (if specified)",,,,
,"checkpoint","Check pipe colour coding",,,,
,"checkpoint","Check floor/wall penetration fire proofing",,,,
,"checkpoint","Testing by approved method has been complete (must provide test photos)",,,,

,"checklist-flat","","","",1,"6283b668b4b780ebaa6a324fc4f2a130decb1d127829274c9413806c9319143a"
,"checkpoint","Mark this checkpoint as 'FAIL' if you think this task should be a variation. If no variation mark as 'N/A'. You must still proceed with the following checks",,,,
,"checkpoint","Installation complies with current AS/NZS-3500",,,,
,"checkpoint","Installation complies with current drawings & specifications",,,,
,"checkpoint","Installation & materials were used, comply with manufacturer requirements",,,,
,"checkpoint","Check for damage & leaks",,,,
,"checkpoint","Check crimp fittings",,,,
,"checkpoint","Check for cross connections",,,,
,"checkpoint","Check alignment & levels",,,,
,"checkpoint","Check materials & joining methods",,,,
,"checkpoint","Check clip spacing & pipe separation",,,,
,"checkpoint","Check lugged elbows",,,,
,"checkpoint","Check noggings for future fixture",,,,
,"checkpoint","Check sharp edge pipe protection",,,,
,"checkpoint","Check pipe colour coding",,,,
,"checkpoint","Check floor/wall penetration fire proofing",,,,
,"checkpoint","Testing by approved method has been complete (must provide test photos)",,,,

