"Rich Type","Id","Warnings","type","name","values","prefix","postfix","Usage Count","User Addable","Template Name","Template Id"
"checklist-sectioned",,"","checklist","Consultant - Site Visit Report","",,,7,"Yes","PAM TEST - Consultant - Site Visit Report","01c03cbb-0d5b-43d3-a689-996abd656b25"
"checkpoint-group",,"","section","Details"
"checkpoint-status",,"","checkpoint","Site Visit Report received, attached, reviewed and approved"
"select","1d459594-425f-521a-a988-7916e39e2aa3","","dropdown","Project name","SP2A - EBH South, SP2A - EBH South L1 Retail area/ L2 Lounge Extension & Fire Egress Stairs, SP2B - EBH South Balance of the Ground Floor, SP2C - EBH South Balance of Works, SP3 - Power Centre 69 (PC69), SP4 - Stage 1 Infill - Pre-Stitch, SP5 - Stage 2 Infill - Stitch, SP6 - Check-in Back of House",,
"text","c7569b3a-e9d4-5412-86d5-db4cba6be4ca","","textbox","Purpose of visit",,,
"text","249e0a40-e23c-5391-a236-8cc234ff41c1","","textbox","Area of site visited",,,
"text","8bba0eb6-74ec-5a6e-aa5c-a6cfbba85bec","","textbox","Date/ Time of visit",,,
"text","115a9f51-25fb-54fb-aea1-6c46377b9957","","textbox","Consultant personnel attending",,,
"text","92cf3210-adf9-50c0-977f-fd7c5d0c6920","","textbox","Hawkins representative accompanying consultant",,,
"text","2354543b-a345-5318-ad35-742b3e57de48","","textbox","Comments made to/by contractor's representative",,,
"checkpoint-group",,"","section","Follow-up action/s required by Hawkins"
"checkpoint-status",,"","checkpoint","Any actions please list in the comments"
"checkpoint-status",,"","checkpoint","Hawkins Sign off"
"label","8cb22431-9474-5bdf-b17b-80b53a5c5b83","","note","Click on the paper clip to signoff",,,
"checkpoint-status",,"","checkpoint","Beca Sign off"
"label","170a30ec-d71f-5545-a3ff-1859f47293aa","","note","Click on the paper clip to signoff",,,

"checklist-sectioned",,"","checklist","SVR:","",,,3,"Yes","BECA Site Visit Report Checklist","0dd7873b-968c-427c-9842-765c3739c109"
"checkpoint-group",,"","section","Site Visit Report"
"checkpoint-status",,"","checkpoint","SVR Attached"
"folder-normal",,"Not allowed as a child of checklist-sectioned.","folder-normal","Follow-Up Action(s)"
"checkpoint-group",,"","section","Close-Out"
"checkpoint-status",,"","checkpoint","SVR Closed-Out"

"checklist-flat",,"","checklist","Potable Water Checklist","",,,0,"Yes","QA - Potable Water Checklist","0ecf5a40-1bba-4c30-a6d7-44bb06df39d6"
"checkpoint-status",,"","checkpoint","Location details and relevant mark ups attached"
"text","4833addb-5de4-5d68-9b06-cd8f5f49ea7f","","textbox","Location",,,
"checkpoint-status",,"","checkpoint","Consultant inspection"
"checkpoint-status",,"","checkpoint","Council Inspection"
"checkpoint-status",,"","checkpoint","Watercare Inspection"
"checkpoint-status",,"","checkpoint","Received QA from Subcontractor?"
"checkpoint-status",,"","checkpoint","As Built drawings received"
"checkpoint-status",,"","checkpoint","Certificates provided"
"checkpoint-status",,"","checkpoint","Installation record photos"
"checkpoint-status",,"","checkpoint","Potable Water Installation completed"

"checklist-flat",,"","checklist","Service Location / Isolation Checklist","",,,0,"Yes","QA - Service Location / Isolation Checklist","13dd6948-97e4-44e1-afb5-ca7d5812b480"
"checkpoint-status",,"","checkpoint","Power located/Isolated"
"checkpoint-status",,"","checkpoint","Hydraulic services located/isolated"
"checkpoint-status",,"","checkpoint","Gas located/isolated"
"checkpoint-status",,"","checkpoint","Telecommunication/Fibre located/isolated"
"checkpoint-status",,"","checkpoint","Any other relevant services located/ isolated"
"checkpoint-status",,"","checkpoint","All Services located/ isolated (Pass once all services are located/isolated)"

"checklist-flat",,"","checklist","Stormwater (Main Line) - Pipeline Installation Checklist","",,,0,"Yes","QA - Stormwater (Main Line) - Pipeline Installation Checklist","1401889a-d4f7-4bc2-863b-f985e94dea7e"
"checkpoint-status",,"","checkpoint","Latest construction drawings referenced and followed"
"text","b9d03955-8c28-5a2e-9aa0-5dc20b6b0eff","","textbox","Drawing & Revision Number",,,
"checkpoint-status",,"","checkpoint","Set Out & Excavation completed checked and accurate"
"checkpoint-status",,"","checkpoint","Ground conditions checked & acceptable"
"checkpoint-status",,"","checkpoint","Bedding depth and material correct (photo required)"
"checkpoint-status",,"","checkpoint","Correct pipe (size, material & class) laid to specified level, grade and jointed as specified"
"text","e2f9cb79-88dd-50ef-a024-c4ed960a8fe9","","textbox","Invert Level (upstream manhole)",,,
"text","f7d01279-ab7d-5435-b20c-f1973ced87bf","","textbox","Invert Level (downstream manhole)",,,
"text","e3dc48e1-96a1-5389-8a43-4089cbfa617a","","textbox","Design length of pipe (m)",,,
"text","2223cd71-e4a0-5c5a-a7b7-d43f06642f29","","textbox","Length of pipe installed (m)",,,
"text","e98c4ed7-c796-5a0f-9c39-10b8ec84b475","","textbox","Grade of Pipe-Line %",,,
"checkpoint-status",,"","checkpoint","Connections to manholes complete and approved (photo required)"
"checkpoint-status",,"","checkpoint","Backfill completed & compacted as specified (Photos during backfill required)"
"checkpoint-status",,"","checkpoint","Relevant tests, photos & as-built information provided"

"checklist-sectioned",,"","checklist","Concrete Pour Checklist (Self Perform)","",,,0,"Yes","QA - Concrete Pour Checklist (Self Perform)","184f4534-9b84-4b3a-97cd-8ac410cac50a"
"checkpoint-group",,"","section","Pour Details"
"checkpoint-no-status",,"","checkpoint","Pour Details"
"text","b29d425e-35ad-53b4-a666-b51958e6849c","","textbox","Area to be poured:",,,
"text","184331e7-636b-5d0d-af04-6832cc3696f9","","textbox","Date of pour:",,,
"checkpoint-status",,"","checkpoint","Latest drawings available, checked and referenced"
"checkpoint-group",,"","section","Formwork and Embedded Items"
"checkpoint-status",,"","checkpoint","Formwork - location, height, falls and dimensions checked and accurate"
"checkpoint-status",,"","checkpoint","Service penetrations formed correctly and locations checked/correct"
"checkpoint-status",,"","checkpoint","All surfaces correctly prepared (e.g. joints to existing concrete, release agent to formwork etc)"
"checkpoint-status",,"","checkpoint","Any control joints/ stop ends installed accurately and correctly braced"
"checkpoint-group",,"","section","reinforcement"
"checkpoint-status",,"","checkpoint","Trades QA received, attached, reviewed and approved"
"holdpoint",,"","signoff","Raise Remedial / Request trades QA / Sign Off"
"checkpoint-status",,"","checkpoint","Size and type correct to specification"
"checkpoint-status",,"","checkpoint","reinforcement spacing and location correct"
"checkpoint-status",,"","checkpoint","Specified covers checked/correct"
"checkpoint-status",,"","checkpoint","Splice laps checked/correct"
"checkpoint-status",,"","checkpoint","All couplers installed correctly (if reid bar couplers have been used, has epconC8 epoxy been used as specified)"
"checkpoint-status",,"","checkpoint","Any starter bars are installed correctly (location, size and spacing )"
"checkpoint-status",,"","checkpoint","Any additional items installed/ completed (trimmer bars etc) and excess reinforcement removed"
"checkpoint-status",,"","checkpoint","Welding certificates sited and attached"
"checkpoint-status",,"","checkpoint","Mill certificate reviewed, attached and approved"
"checkpoint-status",,"","checkpoint","reinforcement installed correctly to specification and ready for concrete to be placed"
"checkpoint-group",,"","section","Pre-Pour Completion (Approval to pour)"
"checkpoint-status",,"","checkpoint","Any waterproofing elements have been correctly installed and checked"
"checkpoint-status",,"","checkpoint","Any relevant service requirements completed (locations checked and accurate)"
"checkpoint-status",,"","checkpoint","Engineer inspection completed - any observations / remedial work documented and closed out"
"checkpoint-status",,"","checkpoint","All relevant inspections completed and attached"
"checkpoint-status",,"","checkpoint","Main contractor inspection completed - Approval given to pour concrete"
"checkpoint-group",,"","section","Concrete Supplier Specifics"
"checkpoint-no-status",,"","checkpoint","Concrete Supplier Specifics"
"text","09681cee-4cac-5ef3-8b28-ecbce6818ae9","","textbox","Supplier Name:",,,
"text","8f020f0e-f133-5840-92fd-fef6e390bb9f","","textbox","Specified concrete strength:",,,
"text","10af2bda-c3f5-5e2e-99bb-b0584b2fb806","","textbox","Concrete strength ordered:",,,
"text","2e123632-e722-5227-b3e2-c9e22cdc335c","","textbox","Concrete quantity ordered:",,,
"checkpoint-status",,"","checkpoint","Test blocks booked"
"checkpoint-status",,"","checkpoint","All concrete dockets photographed/ attached"
"checkpoint-status",,"","checkpoint","Concrete strength test reports attached and required concrete strength achieved"
"checkpoint-group",,"","section","Concrete Distribution"
"checkpoint-status",,"","checkpoint","General distribution photos, documents and observations attached"
"checkpoint-status",,"","checkpoint","All concrete distributed correctly (area left clean and tidy)"
"checkpoint-group",,"","section","Placement Method"
"checkpoint-status",,"","checkpoint","Placement methodology confirmed and necessary plant and equipment on site"
"checkpoint-status",,"","checkpoint","Heights and falls checked/confirmed before placement"
"button","29db3d55-e0ad-5968-b7b6-60c0cdb3fba5","","button","Is the cover correct to specification","Yes, No",,
"checkpoint-status",,"","checkpoint","Heights and falls checked/ confirmed after placement"
"checkpoint-status",,"","checkpoint","Any curing compound applied correctly"
"checkpoint-status",,"","checkpoint","Concrete placement completed - specified level of finish achieved"
"checkpoint-status",,"","checkpoint","Area left clean and tidy"
"checkpoint-group",,"","section","Post Pour Checks/Sign Off"
"checkpoint-status",,"","checkpoint","Any remedial work completed"
"checkpoint-status",,"","checkpoint","Concrete Pour completed - All final checks and documentation completed and attached"

"checklist-flat",,"","checklist","Council Inspection - ICA Cavity","",,,1,"Yes","Council Inspection - ICA Cavity","1af0a635-c65b-4188-a955-780c90a76238"
"checkpoint-status",,"","checkpoint","Inspection Details: To check cavity has been formed; cavity battens; cavity closers and flashings all in place"
"text","0b7f7361-9135-57d7-a39e-14db4964e4d0","","textbox","Date of Inspection & Name of inspector",,,
"checkpoint-status",,"","checkpoint","Inspection Outcome"
"checkpoint-status",,"","checkpoint","Council inspection report (attach)"
"checkpoint-status",,"","checkpoint","Any observations/ Failures requiring closeout? (select N/A if none)"
"checkpoint-status",,"","checkpoint","All Relevant Observation Closeout evidence attached below if applicable (Pass once completed)"
"checkpoint-status",,"","checkpoint","Council inspection completed, attached and any relevant observations closed out Note: PASS once all information is attached including Observations/Failed comments with evidence of closeout"

"checklist-flat",,"","checklist","Consultant - Site Visit Report","",,,0,"Yes","QA - Consultant - Site Visit Report","1c085cfc-8482-4a7a-ad0a-2996e093bc79"
"checkpoint-status",,"","checkpoint","Purpose of visit"
"select","db9d2656-f567-527c-9cb1-528b11e7f34b","","dropdown","Project name","SP2A - EBH South, SP2A - EBH South L1 Retail area/ L2 Lounge Extension & Fire Egress Stairs, SP2B - EBH South Balance of the Ground Floor, SP2C - EBH South Balance of Works, SP3 - Power Centre 69 (PC69), SP4 - Stage 1 Infill - Pre-Stitch, SP5 - Stage 2 Infill - Stitch, SP6 - Check-in Back of House",,
"text","d79d4d09-6d07-5633-aa83-3faac30c376a","","textbox","Area of site visited",,,
"text","c7968edd-99f7-5b91-bba6-b9fa06cfd054","","textbox","Date/ Time of visit",,,
"text","8446ffb4-d95a-55b5-b9eb-c2a06cbbc6c6","","textbox","Consultant personnel attending",,,
"text","f278395d-bf3a-545a-97d2-e0e477ea5067","","textbox","Hawkins representative accompanying consultant",,,
"text","e0c14bc0-ecfa-5707-919e-957f37c1044c","","textbox","Comments made to/by contractor's representative",,,
"text","0b0d395a-2785-5759-aee1-3ec4aaa32607","","textbox","Follow-up action/s required by Hawkins",,,

"checklist-flat",,"","checklist","Asbestos Removal Checklist","",,,1,"Yes","QA - Asbestos Removal Checklist","1fdd4337-81a9-41bb-8010-18ca19afb6d4"
"checkpoint-status",,"","checkpoint","Initial Environment/Planning Asbestos report attached"
"checkpoint-status",,"","checkpoint","Asbestos Removal approved to commence (all pre-commencement considerations allowed for)"
"checkpoint-status",,"","checkpoint","Attach relevant asbestos removal photos (Label all photos with relevant location)"
"checkpoint-status",,"","checkpoint","Independent asbestos report completed and attached"
"checkpoint-status",,"","checkpoint","Trade contractor QA received, attached, reviewed and approved"
"checkpoint-status",,"","checkpoint","Any remedial requirements actioned and completed / closed out"
"checkpoint-status",,"","checkpoint","All asbestos removed and approval given to progress with work"

"checklist-flat",,"","checklist","HV Ducts Checklist","",,,0,"Yes","QA - HV Ducts Checklist","213cd012-c98e-49e8-abfa-5805f1049020"
"checkpoint-status",,"","checkpoint","Location details and relevant mark ups attached"
"text","a642a676-66a5-592b-b628-4f51815a3f64","","textbox","Location",,,
"checkpoint-status",,"","checkpoint","Separation to other services"
"checkpoint-status",,"","checkpoint","Vector / North Power Review"
"checkpoint-status",,"","checkpoint","Consultant inspection"
"checkpoint-status",,"","checkpoint","Received QA from Subcontractor?"
"checkpoint-status",,"","checkpoint","As Built drawings received"
"checkpoint-status",,"","checkpoint","Installation record photos"
"checkpoint-status",,"","checkpoint","HV Ducts Installation completed"

"checklist-flat",,"","checklist","Underground Services Checklist (Audit)","",,,0,"Yes","QA - Audit - Underground Services Checklist","233f77dc-d2c1-424f-966a-f4fafa052ffd"
"checkpoint-status",,"","checkpoint","Electrical services/ conduits installed, fixed in correct location, backfilled and correct as per design"
"checkpoint-status",,"","checkpoint","Hydraulic services installed, fixed in correct location, backfilled and correct as per design"
"checkpoint-status",,"","checkpoint","Gas installed, fixed in correct location, backfilled and correct as per design"
"checkpoint-status",,"","checkpoint","Telecommunication/Fibre installed, fixed in correct location, backfilled and correct as per design"
"checkpoint-status",,"","checkpoint","Any other relevant services installed, fixed in correct location, backfilled and correct as per design"
"checkpoint-status",,"","checkpoint","Any additional observations / attachments"
"checkpoint-status",,"","checkpoint","Any relevant inspections carried out and attached - observations documented and closed out"
"checkpoint-status",,"","checkpoint","All subfloor services correctly installed to respective area"

"checklist-flat",,"","checklist","Timber Framing (Audit)","",,,0,"Yes","QA - Audit - Timber Framing","2466e241-815a-46e2-bb2f-bbaddcd636ee"
"checkpoint-status",,"","checkpoint","Approval given to install timber framing"
"checkpoint-status",,"","checkpoint","Dimensions / locations checked and accurate"
"checkpoint-status",,"","checkpoint","All frames are square"
"checkpoint-status",,"","checkpoint","Frames are straight and level"
"checkpoint-status",,"","checkpoint","Fixings are correct"
"checkpoint-status",,"","checkpoint","Any bracing requirements installed"
"checkpoint-status",,"","checkpoint","Any additional photos, comments and observations"
"checkpoint-status",,"","checkpoint","Trades QA received, attached, reviewed and approved"
"holdpoint",,"","signoff","Raise Remedial / Request trades QA / Sign Off"
"checkpoint-status",,"","checkpoint","All framing completed correctly within tolerance in respective area"

"checklist-flat",,"","checklist","Tanking / Waterproofing Checklist (Audit)","",,,0,"Yes","QA - Audit - Tanking / Waterproofing Checklist","253af164-f3aa-4c21-8952-cd250e4a2fcf"
"checkpoint-status",,"","checkpoint","Preparation / Substrate acceptable"
"checkpoint-status",,"","checkpoint","Correct product delivered and checked - approval given to install"
"checkpoint-status",,"","checkpoint","Any inspections / observations documented, reviewed and closed out"
"checkpoint-status",,"","checkpoint","Trades QA received & attached as applicable"
"checkpoint-status",,"","checkpoint","Waterproofing install completed, reviewed and approved to meet required specifications"

"checklist-flat",,"","checklist","Foul Checklist","",,,0,"Yes","QA - Foul Checklist","298a5d9f-2537-408c-a823-7b3820d3b429"
"checkpoint-status",,"","checkpoint","Location details and relevant mark ups attached"
"text","fd28b999-2478-576d-be53-5fca4c14d763","","textbox","Location",,,
"checkpoint-status",,"","checkpoint","Consultant inspection completed as required"
"checkpoint-status",,"","checkpoint","Council Inspection completed as required"
"checkpoint-status",,"","checkpoint","Watercare Inspection completed as required"
"checkpoint-status",,"","checkpoint","Invert levels recorded"
"checkpoint-status",,"","checkpoint","Invert levels as per design"
"text","7d493ca3-15a9-5716-96cc-1dd451df68b7","","textbox","Invert Levels",,,
"checkpoint-status",,"","checkpoint","Received QA from Subcontractor?"
"checkpoint-status",,"","checkpoint","As Built drawings received"
"checkpoint-status",,"","checkpoint","CCTV Survey"
"checkpoint-status",,"","checkpoint","Certificates provided"
"checkpoint-status",,"","checkpoint","Installation record photos"
"checkpoint-status",,"","checkpoint","Foul Installation completed"

"checklist-flat",,"","checklist","Council Inspection - IPB Insulation","",,,1,"Yes","Council Inspection - IPB Insulation","2af1974d-f257-4d61-ac94-e8bd83153503"
"checkpoint-status",,"","checkpoint","Inspection Details: To check the installation of all wall, ceiling and mid-floor insulation (thermal and acoustic) prior to installing interior linings"
"text","fdfe8a0c-c446-5af3-9878-4615180f57cb","","textbox","Date of Inspection & Name of inspector",,,
"checkpoint-status",,"","checkpoint","Inspection Outcome"
"checkpoint-status",,"","checkpoint","Council inspection report (attach)"
"checkpoint-status",,"","checkpoint","Any observations/ Failures requiring closeout? (select N/A if none)"
"checkpoint-status",,"","checkpoint","All Relevant Observation Closeout evidence attached below if applicable (Pass once completed)"
"checkpoint-status",,"","checkpoint","Council inspection completed, attached and any relevant observations closed out Note: PASS once all information is attached including Observations/Failed comments with evidence of closeout"
"checkpoint-status",,"","checkpoint","Note: This inspection may be included with the preline building inspection"

"checklist-flat",,"","checklist","BCO10356437- New foundations across 6330m2 to South East of existing ITB for future the East Terminal Building - SP2 EBH South","",,,1,"Yes","BCO10356437- New foundations","2c8e9ac9-64d7-482c-998d-fea022699538"
"checkpoint-status",,"","checkpoint","PS3 - Foundation, Ground beam and pile cap"
"checkpoint-status",,"","checkpoint","PS4 - All Structural elements"
"checkpoint-status",,"","checkpoint","Engineers Observation Report"

"checklist-flat",,"","checklist","Precast Panel Installation Checklist","",,,0,"Yes","QA - Precast Panel Installation Checklist","3046271e-28c1-4faa-a699-757ddc743a66"
"checkpoint-status",,"","checkpoint","Inspected on arrival and damage free"
"checkpoint-status",,"","checkpoint","Installed in correct location"
"checkpoint-status",,"","checkpoint","Adequately braced"
"checkpoint-status",,"","checkpoint","Grout sleeves correctly grouted"
"checkpoint-status",,"","checkpoint","Panel install complete (checked location & level)"

"checklist-flat",,"","checklist","Council Inspection - ICL Roof framing","",,,2,"Yes","Council Inspection - ICL Roof framing","308fe880-a870-4b6c-99f7-b89d5bdf3091"
"checkpoint-status",,"","checkpoint","Inspection Details: To check roof framing, fixings and the installation of flashings; safe access must be provided to enable an inspection of the roof"
"text","d7f9a985-0238-5f7b-81f2-a296b096cf12","","textbox","Date of Inspection & Name of inspector",,,
"checkpoint-status",,"","checkpoint","Inspection Outcome"
"checkpoint-status",,"","checkpoint","Council inspection report (attach)"
"checkpoint-status",,"","checkpoint","Any observations/ Failures requiring closeout? (select N/A if none)"
"checkpoint-status",,"","checkpoint","All Relevant Observation Closeout evidence attached below if applicable (Pass once completed)"
"checkpoint-status",,"","checkpoint","Council inspection completed, attached and any relevant observations closed out Note: PASS once all information is attached including Observations/Failed comments with evidence of closeout"
"checkpoint-status",,"","checkpoint","Note: LBP must be on site if restricted building work involved"

"checklist-flat",,"","checklist","Council Inspection - ICL Weatherboards and sheet claddings","",,,1,"Yes","Council Inspection - ICL Weatherboards and sheet claddings","34c900d9-1337-4aa9-9824-bcd6a25b642e"
"checkpoint-status",,"","checkpoint","Inspection Details: To check that the cladding has been correctly fixed; all soakers; scribers, box corners, and plugs have been fitted but only tacked in place to allow them to be removed at the request of the inspector to check correct cover has been achieved and all cuts have been primed."
"text","8d2eb6fa-318b-5803-9ccf-9ba26e868124","","textbox","Date of Inspection & Name of inspector",,,
"checkpoint-status",,"","checkpoint","Inspection Outcome"
"checkpoint-status",,"","checkpoint","Council inspection report (attach)"
"checkpoint-status",,"","checkpoint","Any observations/ Failures requiring closeout? (select N/A if none)"
"checkpoint-status",,"","checkpoint","All Relevant Observation Closeout evidence attached below if applicable (Pass once completed)"
"checkpoint-status",,"","checkpoint","Council inspection completed, attached and any relevant observations closed out Note: PASS once all information is attached including Observations/Failed comments with evidence of closeout"
"checkpoint-status",,"","checkpoint","Note: All control joints, apron, head and sill flashings to be installed"

"checklist-flat",,"","checklist","CFRP Strengthening","",,,0,"Yes","QA - CFRP Strengthening","36cbc989-700f-4a94-b847-f6abd1390a3f"
"checkpoint-status",,"","checkpoint","Has the concrete been prepared"
"checkpoint-status",,"","checkpoint","Has the product been installed as per manufacturers requirement"
"checkpoint-status",,"","checkpoint","Trades QA received, attached, reviewed and approved"
"button","19c21f5f-3bcc-5756-8a05-010f9210a537","","button","Is this an architectural area requiring attention","Yes, No",,

"checklist-flat",,"","checklist","Piling Pre-Start Checklist","",,,0,"Yes","QA - Piling Pre-Start Checklist","38198a88-2f27-456b-8ba7-f6a19b2267a2"
"checkpoint-status",,"","checkpoint","Piles Set Out, surveyed and clearly marked"
"checkpoint-status",,"","checkpoint","Accurate RL confirmed for piling reference"
"checkpoint-status",,"","checkpoint","Acceptable site conditions and access for piling rig"
"checkpoint-status",,"","checkpoint","Additional photos/ observations / reports attached"
"checkpoint-status",,"","checkpoint","Approval given to commence piling"
"boolean","dda32847-7c22-5e7e-8f56-ade98d3573c3","","tickbox","approval given to dig",,,
"boolean","55e40dd3-9bbb-5114-a1bc-0f3f8bd8dfa4","","tickbox","relevant services identified and isolated / clearly marked",,,
"boolean","97d22888-a811-5ceb-8bb6-5ac7fd80d53a","","tickbox","relevant information communicated to piling trade",,,
"boolean","60aae75d-a7de-5333-8193-3fe7cccab74c","","tickbox","any environmental requirements considered and enacted",,,

"checklist-sectioned",,"","checklist","Concrete Pour","",,,1,"Yes","QA - Concrete Pour","39d55f40-2863-45b6-ae1f-6133a021741c"
"checkpoint-group",,"","section","Formwork and Embedded Items"
"checkpoint-status",,"","checkpoint","Latest drawings available, checked and referenced"
"text","e5e16b1b-ae9f-5151-a1a6-eca983ba2482","","textbox","Grid Line",,,
"checkpoint-status",,"","checkpoint","Trades QA received, attached, reviewed and approved"
"checkpoint-status",,"","checkpoint","Grids and RLs clearly marked for reference"
"checkpoint-status",,"","checkpoint","Formwork - location, height, falls and dimensions checked and accurate"
"checkpoint-status",,"","checkpoint","Formwork sufficiently fixed and braced (incl any propping)"
"checkpoint-status",,"","checkpoint","Shear studs installed as-per shop drawings & check ring test"
"checkpoint-status",,"","checkpoint","Any rebates/ nibs / cast in items are correctly positioned, sized and appropriately fixed in place"
"checkpoint-status",,"","checkpoint","Service penetrations formed correctly and locations checked/correct"
"checkpoint-status",,"","checkpoint","All surfaces correctly prepared (e.g joints to existing concrete, release agent to formwork etc)"
"checkpoint-status",,"","checkpoint","Any control joints/ stop ends installed accurately and correctly braced"
"checkpoint-status",,"","checkpoint","Any additional formwork photos and observations"
"checkpoint-status",,"","checkpoint","All formwork elements completed and ready for concrete pour ( excess debris removed )"
"checkpoint-group",,"","section","reinforcement"
"checkpoint-status",,"","checkpoint","Trades QA received, attached, reviewed and approved"
"checkpoint-status",,"","checkpoint","Size and type correct to specification"
"checkpoint-status",,"","checkpoint","reinforcement spacing and location correct"
"checkpoint-status",,"","checkpoint","Specified covers checked/correct"
"checkpoint-status",,"","checkpoint","Splice laps checked/correct"
"checkpoint-status",,"","checkpoint","Any starter bars are installed correctly (location, size and spacing )"
"checkpoint-status",,"","checkpoint","Any additional items installed/ completed (trimmer bars etc) and excess reinforcement removed"
"checkpoint-status",,"","checkpoint","reinforcement installed correctly to specification and ready for concrete to be placed"
"checkpoint-group",,"","section","Pre-Pour Completion (Approval to pour)"
"checkpoint-status",,"","checkpoint","Engineer inspection completed - any observations / remedial work documented and closed out"
"checkpoint-status",,"","checkpoint","Council inspection completed and attached"
"checkpoint-status",,"","checkpoint","All relevant inspections completed and attached"
"checkpoint-status",,"","checkpoint","Main contractor inspection completed - Approval given to pour concrete"
"checkpoint-status",,"","checkpoint","Heights and falls checked/confirmed before placement"
"button","899e38a6-0924-5170-9c3e-1b4da0474594","","button","Is the cover correct to specification","Yes, No",,
"checkpoint-status",,"","checkpoint","General photos and observations of concrete placement attached"
"checkpoint-group",,"","section","Pour / Post-Pour Checks/Sign Off"
"checkpoint-status",,"","checkpoint","Concrete checked on arrival & correct (slump, MPa etc)"
"checkpoint-status",,"","checkpoint","Heights and falls checked/ confirmed after placement"
"checkpoint-status",,"","checkpoint","Any curing compound applied correctly"
"checkpoint-status",,"","checkpoint","Concrete surface to specifications"
"checkpoint-status",,"","checkpoint","Area left clean and tidy"
"checkpoint-status",,"","checkpoint","Any remedial work completed"
"checkpoint-status",,"","checkpoint","Concrete Pour completed - All final checks and documentation completed and attached"

"checklist-flat",,"","checklist","Lightning Protection Checklist","",,,0,"Yes","QA - Lightning Protection Checklist","3d718102-5309-412a-bcc6-fd9d2a9e6d26"
"checkpoint-status",,"","checkpoint","Location details and relevant mark ups attached"
"text","d2e8427b-3d36-5d3d-b052-cdf168b10123","","textbox","Location",,,
"checkpoint-status",,"","checkpoint","Separation to other services"
"checkpoint-status",,"","checkpoint","Consultant inspection"
"checkpoint-status",,"","checkpoint","Received QA from Subcontractor?"
"checkpoint-status",,"","checkpoint","Continuity test"
"checkpoint-status",,"","checkpoint","As Built drawings received"
"checkpoint-status",,"","checkpoint","Installation record photos"
"checkpoint-status",,"","checkpoint","Lightning Installation completed"

"checklist-flat",,"","checklist","Site Establishment Checklist","",,,0,"Yes","QA - Site Establishment Checklist","3db69edd-9106-442d-8b02-579a48b5ae9b"
"checkpoint-status",,"","checkpoint","Any relevant dilapidation requirements captured"
"checkpoint-status",,"","checkpoint","Attach relevant site establishment photos/ documents"
"checkpoint-status",,"","checkpoint","Appropriate isolation of site (hoardings / fencing)"
"checkpoint-status",,"","checkpoint","Sufficient & Appropriate site/H&S signage erected"
"checkpoint-status",,"","checkpoint","Site establishment completed"

"checklist-flat",,"","checklist","Council Inspection - IME Site Meeting","",,,6,"Yes","Council Inspection - IME Site Meeting","4182c799-45ca-4804-a7f0-abde99527f0c"
"checkpoint-status",,"","checkpoint","Inspection Details: To discuss any item of compliance relating to a building consent, Items recorded are: (1. Reason for meeting, What is being discussed, 3. Outcomes and responsibilities on various parties"
"text","dbf25ac8-1123-5ff0-987e-42de49f8c077","","textbox","Date of Inspection & Name of inspector",,,
"checkpoint-status",,"","checkpoint","Inspection Outcome"
"checkpoint-status",,"","checkpoint","Council inspection report (attach)"
"checkpoint-status",,"","checkpoint","Any observations/ Failures requiring closeout? (select N/A if none)"
"checkpoint-status",,"","checkpoint","All Relevant Observation Closeout evidence attached below if applicable (Pass once completed)"
"checkpoint-status",,"","checkpoint","Council inspection completed, attached and any relevant observations closed out Note: PASS once all information is attached including Observations/Failed comments with evidence of closeout"
"checkpoint-status",,"","checkpoint","Monitoring inspections to audit consultant’s inspections and uplift documentation."
"checkpoint-status",,"","checkpoint","Pre-construction meeting to discuss the project and proposed inspection regimes. For multi-unit developments of 4 or more units or complex commercial."
"checkpoint-status",,"","checkpoint","Pre-construction meeting to determine methodology for protecting excavations relating to any retaining walls proposed within 1m of the boundary."

"checklist-flat",,"","checklist","Detailed Excavation Checklist","",,,0,"Yes","QA - Detailed Excavation Checklist","4244cdf2-e498-4c3a-b9ab-5fff614d9da6"
"checkpoint-status",,"","checkpoint","Location accurate"
"checkpoint-status",,"","checkpoint","Depth correct (allow for site concrete if required)"
"checkpoint-status",,"","checkpoint","Width correct (allow for boxing if required)"
"checkpoint-status",,"","checkpoint","Any relevant excavation for services is completed and accurate"
"checkpoint-status",,"","checkpoint","Excess Material Cleaned up and removed as required"
"checkpoint-status",,"","checkpoint","Detailed excavation completed, reviewed and approved"

"checklist-flat",,"","checklist","BCO10350606 - New piling across 6330m2 of ground to become the new East Terminal Building at AIAL - SP2 - EBH South","",,,1,"Yes","BCO10350606 - New piling","49214a63-40e9-4690-8df3-0d50edba9f12"
"checkpoint-status",,"","checkpoint","PS3 - Pile driving"
"checkpoint-status",,"","checkpoint","PS4 - Pile Driving"
"checkpoint-status",,"","checkpoint","Pile driving log"
"checkpoint-status",,"","checkpoint","Engineer Observation Report"

"checklist-flat",,"","checklist","Council Inspection - IPB Preline Building","",,,3,"Yes","Council Inspection - IPB Preline Building","4a6eac0b-5a15-4424-88e0-0eb98b50cd8c"
"checkpoint-status",,"","checkpoint","Inspection Details: To check the building is weathertight (refer to description of cladding from cladding inspection), proprietary connections for bracing elements installed and moisture content below 18%; prior to fixing any internal linings"
"text","e93f2d33-fcaa-5cf3-8593-fa1411ce80b0","","textbox","Date of Inspection & Name of inspector",,,
"checkpoint-status",,"","checkpoint","Inspection Outcome"
"checkpoint-status",,"","checkpoint","Council inspection report (attach)"
"checkpoint-status",,"","checkpoint","Any observations/ Failures requiring closeout? (select N/A if none)"
"checkpoint-status",,"","checkpoint","All Relevant Observation Closeout evidence attached below if applicable (Pass once completed)"
"checkpoint-status",,"","checkpoint","Council inspection completed, attached and any relevant observations closed out Note: PASS once all information is attached including Observations/Failed comments with evidence of closeout"

"checklist-flat",,"","checklist","Council Inspection - ITK Membrane roof, deck and wet areas","",,,1,"Yes","Council Inspection - ITK Membrane roof, deck and wet areas","4b43c19c-4315-4e71-b79d-5f7745c1bc2d"
"checkpoint-status",,"","checkpoint","Inspection Details: To check the application of the membrane prior to completing decoration, floor coverings and roof claddings"
"text","cad0b2eb-f150-5e56-bda9-10d55bb1e4b0","","textbox","Date of Inspection & Name of inspector",,,
"checkpoint-status",,"","checkpoint","Inspection Outcome"
"checkpoint-status",,"","checkpoint","Council inspection report (attach)"
"checkpoint-status",,"","checkpoint","Any observations/ Failures requiring closeout? (select N/A if none)"
"checkpoint-status",,"","checkpoint","All Relevant Observation Closeout evidence attached below if applicable (Pass once completed)"
"checkpoint-status",,"","checkpoint","Council inspection completed, attached and any relevant observations closed out Note: PASS once all information is attached including Observations/Failed comments with evidence of closeout"

"checklist-flat",,"","checklist","Council Inspection - ISF Floor slab","",,,2,"Yes","Council Inspection - ISF Floor slab","4c3d32c5-f5d8-44f8-b5e2-ab7445e7428c"
"checkpoint-status",,"","checkpoint","Inspection Details: To check that hard fill has been compacted; DPM placed; reinforcement is tied and supported in chairs; and starter bars fitted"
"text","aa9681ed-e8f9-5770-bfbb-f9e4f3983757","","textbox","Date of Inspection & Name of inspector",,,
"checkpoint-status",,"","checkpoint","Inspection Outcome"
"checkpoint-status",,"","checkpoint","Council inspection report (attach)"
"checkpoint-status",,"","checkpoint","Any observations/ Failures requiring closeout? (select N/A if none)"
"checkpoint-status",,"","checkpoint","All Relevant Observation Closeout evidence attached below if applicable (Pass once completed)"
"checkpoint-status",,"","checkpoint","Council inspection completed, attached and any relevant observations closed out Note: PASS once all information is attached including Observations/Failed comments with evidence of closeout"
"checkpoint-status",,"","checkpoint","PS4 is required where hard fill exceeds 600m (select N/A if none)"
"checkpoint-status",,"","checkpoint","Note: Siting is checked at this inspection for raft floors; boundaries must be defined and string lines in place. If you are unable to locate survey pegs a registered Land Surveyor’s certificate maybe required"

"checklist-flat",,"","checklist","Council Inspection - IF2 Commercial Final","",,,5,"Yes","Council Inspection - IF2 Commercial Final","4d9207f9-115a-4504-b7c2-9ab2c80455f0"
"checkpoint-status",,"","checkpoint","Inspection Details: To check that all construction covered within the scope of the consent has been completed in accordance with the building code. As-built plans showing the location of all specified systems have been provided."
"text","05d4d9bc-7907-5eef-bf6d-084e17cf80ab","","textbox","Date of Inspection & Name of inspector",,,
"checkpoint-status",,"","checkpoint","Council inspection report (attach)"
"checkpoint-status",,"","checkpoint","Any observations/ Failures requiring closeout? (select N/A if none)"
"checkpoint-status",,"","checkpoint","All Relevant Observation Closeout evidence attached below if applicable (Pass once completed)"
"checkpoint-status",,"","checkpoint","Council inspection completed, attached and any relevant observations closed out Note: PASS once all information is attached including Observations/Failed comments with evidence of closeout"

"checklist-flat",,"","checklist","Daily Site Report -","",,,49,"Yes","Add - Daily Site Report (V1)","5006cc03-fc89-40f6-b8cc-7d16ebdfde9c"
"checkpoint-status",,"","checkpoint","Weather Conditions Recorded"
"select","f54433cf-63be-5c1a-b09e-30418efe0e23","","dropdown","Weather Conditions AM","Fine, Overcast, Wet",,
"select","ad7344b8-1538-50aa-8f83-0a2673714528","","dropdown","Weather Conditions PM","Fine, Overcast, Wet",,
"checkpoint-status",,"","checkpoint","Site Instructions, Variations & Verbal Instructions."
"text","127113a4-2c23-5062-ad75-8355a58bf962","","textbox","SP2 - EBH South",,,
"boolean","6404d9b6-bb73-5315-a50d-3fd5e376f079","","tickbox","Completed",,,
"text","039e9c79-85e0-58b4-a58b-103c6716d820","","textbox","SP2 - EBH South Level 1 Retail area/ Level 2 Lounge Extension & Fire Egress Stairs",,,
"boolean","b4f29630-69c5-5b41-b0aa-7cdd54bb982a","","tickbox","Completed",,,
"text","e51ec31d-066a-541e-95ea-b877392f918f","","textbox","SP3 – PC69",,,
"boolean","00ecf120-d6eb-5fa4-b0fc-6493c13b53c9","","tickbox","Completed",,,
"checkpoint-status",,"","checkpoint","Site Progress Photos"
"boolean","f1663249-e416-5bf6-a4c5-913582977e06","","tickbox","Photo or PDF of ""Daily Work Zones/ Pre Start"" attached",,,
"boolean","8a3db415-dce7-56ca-907e-9c722a3dc9dc","","tickbox","EBH South Photos Uploaded",,,
"boolean","e7366972-1340-517e-b3b2-08a3832c8c91","","tickbox","Level 1/ 2 & Fire Stairs Photos Uploaded",,,
"boolean","a9fadf8b-0698-5aa9-902f-0dd1c9d53426","","tickbox","PC69 Photos Uploaded",,,
"checkpoint-status",,"","checkpoint","Progress on-site"
"text","00edce21-863a-53a1-a562-736bbb058b62","","textbox","SP2 - EBH South",,,
"boolean","24ac29d8-fc5c-5aee-862d-116d19031ff8","","tickbox","Completed",,,
"text","0a343c9f-90f1-55be-8515-e5cf698cad5a","","textbox","SP2 - EBH South Level 1 Retail area/ Level 2 Lounge Extension & Fire Egress Stairs",,,
"boolean","59db5185-76b9-55d3-bbff-2d6f397f0591","","tickbox","Completed",,,
"text","dc56a454-c83a-5e79-bc6d-d8e31f115b21","","textbox","SP3 – PC69",,,
"boolean","1ba83217-5409-55d0-9b97-cf0ccd320445","","tickbox","Completed",,,
"checkpoint-status",,"","checkpoint","Hawkins Site Management"
"text","0df0a0fc-59e5-5375-9d13-f42e830eab30","","textbox","Site Operations Team:","Peter Hewitt - Project Manager, David Crampton - Site Manager, Jamie Fazal - Site Manager, Steve Smith - Project Manager, Tom Wilson - Site Manager, Kimi Peraviri - Site Foreman, Saul Wilson-Toalii - Site Foreman, Sean Ritchie - Site Foreman, Martin White - Sub-Foreman, Zeed Abu Jwaid - Cadet",,
"text","81ef6cf2-ff46-5b08-ba17-5e90350fe83e","","textbox","Site Commercial Team:","David Harris - Quantity Surveyor, Isalei Fuimaono - Cadet, John Foster - Senior Quantity Surveyor, Richard Pratt - Commercial Manager, Wade Puklowski - Quantity Surveyor",,
"text","238a7139-88b8-5a88-8868-d638b51b47bc","","textbox","Other Hawkins Staff, (ie Admin, BIM Manager etc.)","Chintan Shah - Design Coordinator, Graeme Cox - Services Engineer, Hariete Susada - VDC/ BIM Manager, Hassan Aldlimi - Services Engineer Lead, James Edge - Construction Planner, Jason Carnie - Project Director, Jason Holding - Design Manager, Luke Seeto - Senior Health & Safety Advisor, Nathan Aracena - Project Engineer, Pam Framhein - Quality Assurance Manager, Quintus Slabber - Project Lead, Sasha Belcher - Site Administrator, Vicki Lees - Reional Commercial Manager",,
"checkpoint-status",,"","checkpoint","Subcontractors on Site"
"text","834df713-7352-5b22-8cd6-4ee78e3fbb71","","textbox","SP2 - EBH South",,,
"boolean","8ce21ce3-27a4-5b40-9823-d4803e7f77f6","","tickbox","Completed",,,
"text","4e75dc41-8806-56b7-9e2a-d96892c94142","","textbox","SP2 - EBH South Level 1 Retail area/ Level 2 Lounge Extension & Fire Egress Stairs",,,
"boolean","49fbcfee-51f8-5131-8212-5ee320b28d6a","","tickbox","Completed",,,
"text","84e85a59-6893-56b5-8595-662c76b89bea","","textbox","SP3 – PC69",,,
"boolean","3189c38b-5ced-59b6-886b-662104f3cb6a","","tickbox","Completed",,,
"checkpoint-status",,"","checkpoint","Hawkins Hired Labour Recorded"
"text","75ab776c-cc03-555b-8ebf-ffa5773deacd","","textbox","Detail & Description of Hired Labour",,,
"checkpoint-status",,"","checkpoint","Health & Safety"
"button","4b636532-7cd6-5412-b985-217b590bf444","","button","Accidents / Incidents","Yes , None",,
"text","80a1e76e-d35f-5365-af5d-59ab3a4e6894","","textbox","Details of Incident",,,
"checkpoint-status",,"","checkpoint","Delays"
"text","1f7de587-ab58-57d0-a743-5b2ab893ddd2","","textbox","SP2 - EBH South",,,
"boolean","43660978-f952-5d64-a35f-22223ebd769a","","tickbox","Completed",,,
"text","20d013de-cfff-54a3-b893-5f36179f7919","","textbox","SP2 - EBH South Level 1 Retail area/ Level 2 Lounge Extension & Fire Egress Stairs",,,
"boolean","020be9df-23c5-521f-b9c3-0316d213d744","","tickbox","Completed",,,
"text","1b3e52fb-efe5-56c8-ad5a-0aae1d03c52f","","textbox","SP3 – PC69",,,
"boolean","c3bad764-cf2e-5de6-a7b1-02153259a1e1","","tickbox","Completed",,,
"checkpoint-status",,"","checkpoint","Contra Charges / Non Conformance"
"text","bb566323-3781-585a-bf88-6df5ab1f3b71","","textbox","SP2 - EBH South",,,
"boolean","410bcf5b-64d8-5c83-88b0-b301707fe547","","tickbox","Completed",,,
"text","acf70346-ca4e-57c3-af1f-b1fc7ddf825e","","textbox","SP2 - EBH South Level 1 Retail area/ Level 2 Lounge Extension & Fire Egress Stairs",,,
"boolean","a6885b8d-c223-5035-8901-a6f1f8c5c95e","","tickbox","Completed",,,
"text","282f7419-e457-54f1-a72e-023d6111b99a","","textbox","SP3 – PC69",,,
"boolean","342b8343-cd7e-5cd5-9da3-1dde88bf05b4","","tickbox","Completed",,,
"checkpoint-status",,"","checkpoint","Deliveries - Recorded & Photographed"
"boolean","8e31816c-c815-5e86-812e-88537387f36c","","tickbox","EBH Completed",,,
"boolean","5c1e97b9-5f44-5b2d-baaa-cf36ce13afca","","tickbox","Level 1/ 2 & Fire Egress Stairs Completed",,,
"boolean","b4b49a57-1cdf-53a3-9782-98ce6457e92f","","tickbox","PC69 Completed",,,
"checkpoint-status",,"","checkpoint","Hired Plant Recorded"
"text","53debaa3-3665-53c7-bd30-2817d5c7a446","","textbox","Description of hired plant on site",,,
"checkpoint-status",,"","checkpoint","Vehicle/ Plant Breakdowns"
"text","53114654-83c0-58ea-b5a5-52c1164a10c1","","textbox","SP2 - EBH South",,,
"boolean","2d43d70a-4741-5087-aa64-8cf3bbe7a50f","","tickbox","Completed",,,
"text","cd3c853a-3cd0-5bb9-afe9-de522909e170","","textbox","SP2 - EBH South Level 1 Retail area/ Level 2 Lounge Extension & Fire Egress Stairs",,,
"boolean","749819a1-a935-52b2-9dbb-b5d3bb24eb35","","tickbox","Completed",,,
"text","3f8aac94-ca40-503b-b75f-b04d8f808426","","textbox","SP3 – PC69",,,
"boolean","aeef988f-c323-531e-a43d-d548c3c1590c","","tickbox","Completed",,,

"checklist-flat",,"","checklist","Underslab Services Checklist (Audit)","",,,0,"Yes","QA - Audit - Underslab Services Checklist","52f067b5-ecad-4c60-ae1a-1c4aea552a3e"
"checkpoint-status",,"","checkpoint","Electrical services/ conduits installed, fixed in correct location, backfilled and correct as per design"
"holdpoint",,"","signoff","Raise Remedial / Request trades QA / Sign Off"
"checkpoint-status",,"","checkpoint","Hydraulic services installed, fixed in correct location, backfilled and correct as per design"
"boolean","7f73ebf8-0a11-5785-82e3-97400aca8e25","","tickbox","Storm Water",,,
"boolean","cd19fe33-2148-55c2-bdac-705e89d7efc0","","tickbox","Sewer",,,
"boolean","31a21b10-a9db-50d6-a9e1-f920249e7a48","","tickbox","Water Supply",,,
"holdpoint",,"","signoff","Raise Remedial / Request trades QA / Sign Off"
"checkpoint-status",,"","checkpoint","Gas installed, fixed in correct location, backfilled and correct as per design"
"holdpoint",,"","signoff","Raise Remedial / Request trades QA / Sign Off"
"checkpoint-status",,"","checkpoint","Telecommunication/Fibre installed, fixed in correct location, backfilled and correct as per design"
"holdpoint",,"","signoff","Raise Remedial / Request trades QA / Sign Off"
"checkpoint-status",,"","checkpoint","Any other relevant services installed, fixed in correct location, backfilled and correct as per design"
"holdpoint",,"","signoff","Raise Remedial / Request trades QA / Sign Off"
"checkpoint-status",,"","checkpoint","Any additional observations / attachments"
"checkpoint-status",,"","checkpoint","Any relevant inspections carried out and attached - observations documented and closed out"
"checkpoint-status",,"","checkpoint","All subfloor services correctly installed to respective area"

"checklist-flat",,"","checklist","Council Inspection - ICB Concrete reinforced columns and beams","",,,1,"Yes","Council Inspection - ICB Concrete reinforced columns and beams","53af8354-7ce3-462a-97c5-23b1b72e218e"
"checkpoint-status",,"","checkpoint","Inspection Details: To check all reinforcing steel tied; stirrups at appropriate centres; reinforcing laps appropriate; spacers in place to achieve clearances from form work"
"text","e3c96f89-d03a-5397-9929-ecd446425591","","textbox","Date of Inspection & Name of inspector",,,
"checkpoint-status",,"","checkpoint","Inspection Outcome"
"checkpoint-status",,"","checkpoint","Council inspection report (attach)"
"checkpoint-status",,"","checkpoint","Any observations/ Failures requiring closeout? (select N/A if none)"
"checkpoint-status",,"","checkpoint","All Relevant Observation Closeout evidence attached below if applicable (Pass once completed)"
"checkpoint-status",,"","checkpoint","Council inspection completed, attached and any relevant observations closed out Note: PASS once all information is attached including Observations/Failed comments with evidence of closeout"

"checklist-flat",,"","checklist","Weekly QA Progress - All trades sitewide","",,,10,"Yes","PAM TEST - Weekly QA Progress - All trades sitewide","55fcf55a-4fb7-4a63-9bdf-f653daec8ed2"
"checkpoint-status",,"","checkpoint","Trades QA progress report, reviewed and approved"
"checkpoint-status",,"","checkpoint","SP2 - EBH South - List subcontractors onsite"
"label","d3dc6b61-0df7-536a-a119-2dff58ff6264","","note","Attach QA progress report for each trade",,,
"checkpoint-status",,"","checkpoint","SP2 - EBH South Level 1 Retail area/ Level 2 Lounge Extension & Fire Egress Stairs - List subcontractors onsite"
"label","c05e7369-b657-5654-b4fe-50a5fd39b8b4","","note","Attach QA progress report for each trade",,,
"checkpoint-status",,"","checkpoint","SP3 – PC69 - List subcontractors onsite"
"label","76f80b23-a3da-5737-b1bc-959b5e1ff8d3","","note","Attach QA progress report for each trade",,,
"checkpoint-status",,"","checkpoint","General photos and comments (if any)"
"label","24f2bfe8-1ab5-5b26-a137-fb5f0914395c","","note","Attach QA progress report for each trade",,,

"checklist-sectioned",,"","checklist","Sewer - Pipeline Installation Checklist","",,,0,"Yes","QA - Sewer - Pipeline Installation Checklist","5b8eec28-7074-4a3f-bb8f-9c615c5e83c4"
"checkpoint-group",,"","section","Pipe Laying"
"checkpoint-status",,"","checkpoint","Latest consented drawings"
"text","bc903d1f-74d4-500e-af13-f9d962c304b9","","textbox","Drawing Ref No.",,,
"checkpoint-status",,"","checkpoint","Set Out completed checked and accurate"
"checkpoint-status",,"","checkpoint","Excavation Accurate - Location & Depth"
"checkpoint-status",,"","checkpoint","Ground Conditions Checked & Acceptable"
"checkpoint-status",,"","checkpoint","Bedding depth and material correct"
"checkpoint-status",,"","checkpoint","Correct pipe laid to specified level and grade (all joints sealed correctly as specified)"
"text","0ec3d5cc-fecf-5767-a2ba-82b64dbef522","","textbox","Start Invert",,,
"text","6862d53c-c00e-5a52-8307-b5a46b19a96a","","textbox","Finish Invert",,,
"text","f72f74f6-8009-5f3f-8c35-298574662e1e","","textbox","Grade of Pre-Line %",,,
"text","781179cc-6b3c-567d-80db-94f3db329416","","textbox","Product Type",,,
"checkpoint-status",,"","checkpoint","Install Tests completed, reviewed & approved"
"text","36926d9f-4bf3-54f6-a409-71ca3ba89c38","","textbox","Local Authority Inspection Passed",,,
"text","09d82f1c-e77b-5701-a231-466713e3c61c","","textbox","Name of inspector",,,
"text","df3894d7-d08d-530a-b353-8656f6649fa0","","textbox","Date",,,
"checkpoint-status",,"","checkpoint","Pipe Laying Completed"
"boolean","7b293ea5-0aea-53ff-99d9-94ef5ad4176a","","tickbox","Bedding Sound",,,
"boolean","5a6274ad-88a3-5901-b94c-1b50e2a1ea5d","","tickbox","Soil Removed",,,
"boolean","c2bbd939-76c8-519e-a7e0-df5bde29a307","","tickbox","Trench Compacted",,,
"boolean","adcd0178-b5c4-5ce4-b31d-d5270f93ed42","","tickbox","Hard Filled",,,
"checkpoint-status",,"","checkpoint","Connections to manholes complete and approved"
"checkpoint-status",,"","checkpoint","Air Test Complete"
"checkpoint-group",,"","section","Backfill"
"checkpoint-status",,"","checkpoint","Backfill methodology and material confirmed"
"checkpoint-status",,"","checkpoint","Any formwork/ debris removed from area"
"checkpoint-status",,"","checkpoint","Any waterproofing/ drainage / service requirements completed and inspected"
"checkpoint-status",,"","checkpoint","Approval given to commence backfill - attach any other relevant inspections and observations closed out"
"checkpoint-status",,"","checkpoint","General photos and observations during backfill"
"checkpoint-status",,"","checkpoint","Backfill completed correctly and heights checked/ correct"

"checklist-flat",,"","checklist","Envelope - Parapet","",,,0,"Yes","QA - Envelope - Parapet","5c3c9cc8-42d7-48b9-a7e5-53c6b08effae"
"checkpoint-status",,"","checkpoint","Structural steel level and in correct location"
"checkpoint-status",,"","checkpoint","Dry packing complete"
"checkpoint-status",,"","checkpoint","Timber/DPC adequately fixed to framing"
"checkpoint-status",,"","checkpoint","Timber framing @ 400 c/c"
"checkpoint-status",,"","checkpoint","Ply correctly fixed (21mm H3.2)"
"checkpoint-status",,"","checkpoint","Insulation correctly installed"
"checkpoint-status",,"","checkpoint","Curtain wall bracket checked"
"checkpoint-status",,"","checkpoint","Curtain wall checked"
"checkpoint-status",,"","checkpoint","Photograph curtain wall junctions"
"checkpoint-status",,"","checkpoint","Steel top plate (parapet build up)"
"checkpoint-status",,"","checkpoint","Parapet ply installed (21mm H3.2)"
"checkpoint-status",,"","checkpoint","EDPM installed to parapet"
"checkpoint-status",,"","checkpoint","Integrity of the EPDM airseals. All corner junctions must be photographed and signed off"
"checkpoint-status",,"","checkpoint","The connection between the EPDM airseal and the EQUUS SOPREMA DUOTHERM warm roof cap sheet requires sign off."
"checkpoint-status",,"","checkpoint","Membrane installed to EPDM (check laps and junctions 150mm to roofing)"
"checkpoint-status",,"","checkpoint","Integrity of the membrane to the EPDM. All corner junctions must be photographed and signed off"
"checkpoint-status",,"","checkpoint","Cap flashing installed"

"checklist-flat",,"","checklist","Flushing Water Checklist","",,,0,"Yes","QA - Flushing Water Checklist","63000990-2354-4e63-b4bc-0544fdddbc49"
"checkpoint-status",,"","checkpoint","Location details and relevant mark ups attached"
"text","42f5f9f6-2203-5dc6-badc-bcfa4e8f8d09","","textbox","Location",,,
"checkpoint-status",,"","checkpoint","Consultant inspection completed as required"
"checkpoint-status",,"","checkpoint","Council Inspection completed as required"
"checkpoint-status",,"","checkpoint","Watercare Inspection completed as required"
"checkpoint-status",,"","checkpoint","Invert levels recorded"
"checkpoint-status",,"","checkpoint","Invert levels as per design"
"text","b2a6c071-92d5-5eef-822c-fd48b12390f0","","textbox","Invert Levels",,,
"checkpoint-status",,"","checkpoint","Received QA from Subcontractor?"
"checkpoint-status",,"","checkpoint","As Built drawings received"
"checkpoint-status",,"","checkpoint","CCTV Survey"
"checkpoint-status",,"","checkpoint","Certificates provided"
"checkpoint-status",,"","checkpoint","Installation record photos"
"checkpoint-status",,"","checkpoint","Flushing Water Installation completed"

"checklist-flat",,"","checklist","Connection from Private - Public Checklist","",,,0,"Yes","QA - Connection from Private - Public Checklist","6408f2c7-d146-4700-9a6f-ef6470e5ebcb"
"checkpoint-status",,"","checkpoint","Approval to connect given by relevant Authority"
"text","ab446241-fb8a-56cf-ad1c-6eb324765748","","textbox","EPA number",,,
"text","635586af-dee5-5ea6-95b5-59123b6706b0","","textbox","Corridor Access Request",,,
"checkpoint-status",,"","checkpoint","Advice notice conditions from relevant Authority received"
"checkpoint-status",,"","checkpoint","Work done in accordance with requirements (photos required)"

"checklist-sectioned",,"","checklist","Aluminium Joinery / Glazing","",,,0,"Yes","QA - Aluminium Joinery / Glazing","667bbe8e-8d35-4301-8bb7-a9d57e478f5e"
"checkpoint-group",,"","section","Joinery Install"
"checkpoint-status",,"","checkpoint","Opening approved (ready for install)"
"checkpoint-status",,"","checkpoint","Joinery in correct location"
"checkpoint-status",,"","checkpoint","Appropriate fixings installed"
"checkpoint-status",,"","checkpoint","Any air/ weather seals completed"
"checkpoint-status",,"","checkpoint","Appropriate external flashings installed and sealed"
"checkpoint-status",,"","checkpoint","Trades QA received, reviewed, attached and approved"
"checkpoint-status",,"","checkpoint","Inspection completed and joinery install completed as per specification"
"checkpoint-group",,"","section","Final Inspection/Sign Off"
"checkpoint-status",,"","checkpoint","Install completed, reviewed and approved"
"checkpoint-status",,"","checkpoint","Item checked, functioning and damage free"

"checklist-flat",,"","checklist","Council Inspection - IPP Plumbing Slab - Under slab plumbing","",,,1,"Yes","Council Inspection - IPP Plumbing Slab - Under slab plumbing","68622fde-63fe-4322-9d5f-43fd7b521e61"
"checkpoint-status",,"","checkpoint","Inspection Details: To check all under slab drainage and plumbing; all pipes to be under test and exposed for inspection"
"text","7f0da047-304d-53f1-b149-82d97082f642","","textbox","Date of Inspection & Name of inspector",,,
"checkpoint-status",,"","checkpoint","Inspection Outcome"
"checkpoint-status",,"","checkpoint","Council inspection report (attach)"
"checkpoint-status",,"","checkpoint","Any observations/ Failures requiring closeout? (select N/A if none)"
"checkpoint-status",,"","checkpoint","All Relevant Observation Closeout evidence attached below if applicable (Pass once completed)"
"checkpoint-status",,"","checkpoint","Council inspection completed, attached and any relevant observations closed out Note: PASS once all information is attached including Observations/Failed comments with evidence of closeout"

"checklist-sectioned",,"","checklist","In Ground Water & Gas Mains Checklist","",,,0,"Yes","QA - In Ground Water & Gas Mains Checklist","6a44af3b-eed8-45dc-aa04-120e10b4341b"
"checkpoint-group",,"","section","Water mains"
"checkpoint-status",,"","checkpoint","All fittings scrapped correctly"
"checkpoint-status",,"","checkpoint","Iso used on fittings"
"checkpoint-status",,"","checkpoint","Valves fitted correctly"
"checkpoint-status",,"","checkpoint","Fittings welded & weld indicator has popped out"
"checkpoint-status",,"","checkpoint","Trace wire and ID tape installed"
"checkpoint-group",,"","section","Gas main"
"checkpoint-status",,"","checkpoint","All fittings scrapped correctly"
"checkpoint-status",,"","checkpoint","Iso used on fittings"
"checkpoint-status",,"","checkpoint","Valves fitted correctly"
"checkpoint-status",,"","checkpoint","Fittings welded & weld indicator has popped out"
"checkpoint-status",,"","checkpoint","Trace wire and ID tape installed"
"checkpoint-group",,"","section","General"
"checkpoint-status",,"","checkpoint","All open ends capped"
"checkpoint-status",,"","checkpoint","Pipework bedded correctly"
"checkpoint-status",,"","checkpoint","Tidy work areas"
"checkpoint-status",,"","checkpoint","Pressure test pipework"
"checkpoint-status",,"","checkpoint","Visual check (for leeks from valves, tees, saddles, etc)"
"checkpoint-status",,"","checkpoint","Backfill around pipework with fines"
"checkpoint-status",,"","checkpoint","as-built completed and photo"
"checkpoint-status",,"","checkpoint","Installers name & date works completed"
"text","d129500a-ccb1-55bd-b225-7a3c8e05e477","","textbox","Installers name",,,
"text","c5ec5590-0a29-56c8-808b-c7bda326008e","","textbox","Date:",,,
"checkpoint-status",,"","checkpoint","Tested by & date"
"text","47a9c72d-e98e-5037-91ac-16c995ee143f","","textbox","Tested by:",,,
"text","c3316809-3347-5bad-ac6e-605a43af99e4","","textbox","Date tested:",,,
"checkpoint-status",,"","checkpoint","Council inspector sign off and date"

"checklist-flat",,"","checklist","Envelope - Anchors","",,,0,"Yes","QA - Envelope - Anchors","6b97f4c9-956b-4ad4-9f0c-603c53bcc5e1"
"checkpoint-status",,"","checkpoint","Installed as per drwg"
"checkpoint-status",,"","checkpoint","sealed/waterproofed"
"checkpoint-status",,"","checkpoint","General photos, comments and observations during paint application"
"checkpoint-status",,"","checkpoint","Trades QA received, attached, reviewed and approved"

"checklist-flat",,"","checklist","Council Inspection - ICB Concrete block or concrete reinforced walls - Precast fixings","",,,0,"Yes","Council Inspection - ICB Concrete block or concrete reinforced walls - Precast fixings","6e7ec8ce-1e5b-482c-afc6-99528853b48c"
"checkpoint-status",,"","checkpoint","Inspection Details: To check brackets, bolts, washers and inserts are in place"
"text","4f507094-99b6-5a0b-acfd-ca966a194465","","textbox","Date of Inspection & Name of inspector",,,
"checkpoint-status",,"","checkpoint","Inspection Outcome"
"checkpoint-status",,"","checkpoint","Council inspection report (attach)"
"checkpoint-status",,"","checkpoint","Any observations/ Failures requiring closeout? (select N/A if none)"
"checkpoint-status",,"","checkpoint","All Relevant Observation Closeout evidence attached below if applicable (Pass once completed)"
"checkpoint-status",,"","checkpoint","Council inspection completed, attached and any relevant observations closed out Note: PASS once all information is attached including Observations/Failed comments with evidence of closeout"

"checklist-flat",,"","checklist","Council Inspection - ICA Wraps","",,,1,"Yes","Council Inspection - ICA Wraps","6ed02d6b-b8f8-45cd-98e5-9cfd261928f7"
"checkpoint-status",,"","checkpoint","Inspection Details: To check the wrap is correctly fixed; tapes, flashings, sealants, etc around all penetrations are installed, prior to the cladding or rigid backing being installed"
"text","17e1829c-74ec-5a5b-bc96-37701e55880f","","textbox","Date of Inspection & Name of inspector",,,
"checkpoint-status",,"","checkpoint","Inspection Outcome"
"checkpoint-status",,"","checkpoint","Council inspection report (attach)"
"checkpoint-status",,"","checkpoint","Any observations/ Failures requiring closeout? (select N/A if none)"
"checkpoint-status",,"","checkpoint","All Relevant Observation Closeout evidence attached below if applicable (Pass once completed)"
"checkpoint-status",,"","checkpoint","Council inspection completed, attached and any relevant observations closed out Note: PASS once all information is attached including Observations/Failed comments with evidence of closeout"
"checkpoint-status",,"","checkpoint","Note: All control joints, apron, head and sill flashings to be installed"

"checklist-sectioned",,"","checklist","Insitu Stitch Joints","",,,0,"Yes","QA - Insitu Stitch Joints","6fc3d617-47ee-4e8b-b6c4-118a0488287b"
"checkpoint-group",,"","section","Pour Details"
"checkpoint-no-status",,"","checkpoint","Pour Details"
"text","92dac74a-db02-516a-b78b-438ac3dc971c","","textbox","Area to be poured:",,,
"text","6dc1a59b-8307-59bd-8368-22a075662c76","","textbox","Date of pour:",,,
"checkpoint-group",,"","section","Formwork"
"checkpoint-status",,"","checkpoint","Formwork braced & fixed correctly"
"checkpoint-status",,"","checkpoint","All surfaces correctly prepared (e.g. joints to existing concrete, release agent to formwork etc)"
"checkpoint-group",,"","section","reinforcement"
"checkpoint-status",,"","checkpoint","Size and type correct to specification"
"checkpoint-group",,"","section","Pre-Pour Completion (Approval to pour)"
"checkpoint-status",,"","checkpoint","Engineer inspection completed - any observations / remedial work documented and closed out"
"checkpoint-status",,"","checkpoint","All relevant inspections completed and attached"
"checkpoint-status",,"","checkpoint","Main contractor inspection completed - Approval given to pour concrete"
"checkpoint-group",,"","section","Concrete Supplier Specifics"
"checkpoint-no-status",,"","checkpoint","Concrete Supplier Specifics"
"text","8b079fd3-13e0-5c07-a177-7a8e4d6d9a79","","textbox","Supplier Name:",,,
"text","af60ace3-dfc8-5fcb-8256-33e41987cf44","","textbox","Specified concrete strength:",,,
"text","b30a5e14-e510-5788-9223-e9c00fc3ef18","","textbox","Concrete strength ordered:",,,
"text","e71abdf1-01b6-5a4c-aa9d-c40f587279e5","","textbox","Concrete quantity ordered:",,,
"checkpoint-status",,"","checkpoint","Test blocks booked"
"checkpoint-status",,"","checkpoint","All concrete dockets photographed/ attached"
"checkpoint-group",,"","section","Post Pour Checks/Sign Off"
"checkpoint-status",,"","checkpoint","Any remedial work completed"
"checkpoint-status",,"","checkpoint","Concrete Pour completed - All final checks and documentation completed and attached"

"checklist-flat",,"","checklist","Slab Penetration(s) Checklist","",,,0,"Yes","QA - Slab Penetration(s) Checklist","710382f0-95ce-4159-a953-7aecd1fd3ef6"
"checkpoint-status",,"","checkpoint","Area clear and ready for work (accessible & acceptable)"
"boolean","a9cdf0a6-b1ce-58b5-b13f-00e0444b2b13","","tickbox","Grid lines marked out available",,,
"label","c717defa-c622-5b2f-82dc-d3107f5017a8","","note","Any issues ""Fail"" and send report to Kalmar",,,
"checkpoint-status",,"","checkpoint","Slab Penetration(s) Completed"
"label","0209f783-772c-54e7-a12f-4ea91fc36f31","","note","Select ""PASS"" once all slab penetrations are installed, double checked & mark up/photos attached",,,
"text","7e221007-052c-5cbe-9209-51af964ec163","","textbox","Drawing number used for set out",,,
"text","8f56f4d5-cce1-590a-9147-0bfcebb83e28","","textbox","Penetration sizes",,,
"text","67442857-add4-59d0-b1a7-f03c10c6b619","","textbox","Total number of penetrations installed",,,
"boolean","c3106233-b343-59e2-85c8-ef97d0f3e988","","tickbox","Measurements double checked",,,
"boolean","598548f5-612a-51c2-abc1-8c4c3c7b5f4b","","tickbox","Marked up drawing attached",,,

"checklist-flat",,"","checklist","Gas Checklist","",,,0,"Yes","QA - Gas Checklist","72829ea0-609d-4785-b69c-31865a4ec878"
"checkpoint-status",,"","checkpoint","Location details and relevant mark ups attached"
"text","90b6b105-47bb-5374-9162-4e7c58474945","","textbox","Location",,,
"checkpoint-status",,"","checkpoint","Separation to other services"
"checkpoint-status",,"","checkpoint","Consultant inspection completed as required"
"checkpoint-status",,"","checkpoint","Received QA from Subcontractor?"
"checkpoint-status",,"","checkpoint","As Built drawings received"
"checkpoint-status",,"","checkpoint","Certificates provided"
"checkpoint-status",,"","checkpoint","Installation record photos"
"checkpoint-status",,"","checkpoint","Gas Installation completed"

"checklist-flat",,"","checklist","Storm Checklist","",,,0,"Yes","QA - Storm Checklist","72bf7cb3-b894-447e-861f-fb87072a2e28"
"checkpoint-status",,"","checkpoint","Location details and relevant mark ups attached"
"text","d75cd807-d177-5ed6-8cf7-66c87f0eea1f","","textbox","Location",,,
"checkpoint-status",,"","checkpoint","Consultant inspection completed as required"
"checkpoint-status",,"","checkpoint","Council Inspection completed as required"
"checkpoint-status",,"","checkpoint","Watercare Inspection completed as required"
"checkpoint-status",,"","checkpoint","Invert levels recorded"
"checkpoint-status",,"","checkpoint","Invert levels as per design"
"text","000fb8dd-a9ea-58e9-904e-504c170d40bc","","textbox","Invert Levels",,,
"checkpoint-status",,"","checkpoint","Received QA from Subcontractor?"
"checkpoint-status",,"","checkpoint","As Built drawings received"
"checkpoint-status",,"","checkpoint","CCTV Survey"
"checkpoint-status",,"","checkpoint","Certificates provided"
"checkpoint-status",,"","checkpoint","Installation record photos"
"checkpoint-status",,"","checkpoint","Storm Installation completed"

"checklist-flat",,"","checklist","AIAL - Hawkins Checklist","",,,81,"Yes","AIAL - Hawkins Checklist","72cf2e62-30e1-4da5-a07f-c40fb7cbaaa5"
"checkpoint-status",,"","checkpoint","Trades QA approved and attached if applicable"
"checkpoint-status",,"","checkpoint","On site inspection of works if applicable"
"checkpoint-status",,"","checkpoint","General photos and observations if applicable"

"checklist-flat",,"","checklist","22kV Ducts Checklist","",,,0,"Yes","QA - 22kV Ducts Checklist","742d70a7-dde2-4ef3-8e1e-65618b4384f1"
"checkpoint-status",,"","checkpoint","Location details and relevant mark ups attached"
"text","730dc797-4553-5672-b817-3a6c1ed6042f","","textbox","Location",,,
"checkpoint-status",,"","checkpoint","Separation to other services"
"checkpoint-status",,"","checkpoint","Consultant inspection"
"checkpoint-status",,"","checkpoint","Received QA from Subcontractor?"
"checkpoint-status",,"","checkpoint","As Built drawings received"
"checkpoint-status",,"","checkpoint","Installation record photos"
"checkpoint-status",,"","checkpoint","22kV Ducts Installation completed"

"checklist-flat",,"","checklist","Bulk Excavation Checklist","",,,0,"Yes","QA - Bulk Excavation Checklist","7523c451-fde5-447f-9b7b-04de90fc8328"
"checkpoint-status",,"","checkpoint","Excavation depth determined using appropriate RL's"
"checkpoint-status",,"","checkpoint","Confirm location and isolation of relevant services"
"checkpoint-status",,"","checkpoint","General excavation documentation and photos attached"
"checkpoint-status",,"","checkpoint","Any batters formed correctly"
"checkpoint-status",,"","checkpoint","Any trenches/ pits / hazardous areas appropriately isolated"
"checkpoint-status",,"","checkpoint","Any soft spots identified and appropriate remedial completed"
"checkpoint-status",,"","checkpoint","Any hardfill/ blinding installed correctly to required specification"
"checkpoint-status",,"","checkpoint","Relevant inspections completed and attached and any observations recorded and closed out"
"checkpoint-status",,"","checkpoint","Trades QA received, attached, reviewed and approved"
"checkpoint-status",,"","checkpoint","Excavation completed - Correct locations and RL's achieved"

"checklist-flat",,"","checklist","Council Inspection - ISF Sub-grade before hard fill","",,,2,"Yes","Council Inspection - ISF Sub-grade before hard fill","7cb82d1d-bc8d-4060-a437-26022208c675"
"checkpoint-status",,"","checkpoint","Inspection Details: To check soil conditions for conventional and raft floors"
"text","9cfd70d2-8592-58ee-84bb-35a05fc9dc99","","textbox","Date of Inspection & Name of inspector",,,
"checkpoint-status",,"","checkpoint","Inspection Outcome"
"checkpoint-status",,"","checkpoint","Council inspection report (attach)"
"checkpoint-status",,"","checkpoint","Any observations/ Failures requiring closeout? (select N/A if none)"
"checkpoint-status",,"","checkpoint","All Relevant Observation Closeout evidence attached below if applicable (Pass once completed)"
"checkpoint-status",,"","checkpoint","Council inspection completed, attached and any relevant observations closed out Note: PASS once all information is attached including Observations/Failed comments with evidence of closeout"
"checkpoint-status",,"","checkpoint","Note: A PS4 may be required for cut, fill and compaction"

"checklist-flat",,"","checklist","Profile Metal Checklist","",,,0,"Yes","QA - Profile Metal Checklist","7cf78989-2cb8-4d44-856c-3ddefe195fad"
"checkpoint-status",,"","checkpoint","Product checked and correct as per specification"
"checkpoint-status",,"","checkpoint","All prestart checks completed and approval given to install"
"checkpoint-status",,"","checkpoint","General photos, comments and observations during install"
"checkpoint-status",,"","checkpoint","Relevant Services considered, checked and approved where applicable"
"checkpoint-status",,"","checkpoint","All cladding elements completed, checked and approved as per specifications"
"holdpoint",,"","signoff","Request Sign Off"

"checklist-sectioned",,"","checklist","Structure - Concrete Pour - Modified (NB: Only to be used upon Approval by PM)","",,,0,"Yes","QA - Structure - Concrete Pour - Modified (NB: Only to be used upon Approval by PM)","81d15b78-6613-4baf-9c29-0e0c2f4d9d56"
"checkpoint-group",,"","section","Formwork and Embedded Items"
"checkpoint-status",,"","checkpoint","Latest drawings available, checked and referenced"
"checkpoint-status",,"","checkpoint","Any additional formwork photos and observations"
"checkpoint-status",,"","checkpoint","All formwork elements completed and ready for concrete pour ( excess debris removed )"
"checkpoint-group",,"","section","reinforcement"
"checkpoint-status",,"","checkpoint","Trades QA received, attached, reviewed and approved"
"checkpoint-status",,"","checkpoint","Verified Size and type correct to specification"
"checkpoint-status",,"","checkpoint","Any additional photos and observations"
"checkpoint-group",,"","section","Pre-Pour Completion (Approval to pour)"
"checkpoint-status",,"","checkpoint","Heights and falls checked/confirmed before placement"
"button","6ee04f81-81d5-5f22-8426-6afda8e93e0f","","button","Is the cover correct to specification","Yes, No",,
"checkpoint-status",,"","checkpoint","Engineer inspection completed - any observations / remedial work documented and closed out"
"checkpoint-status",,"","checkpoint","Main contractor inspection completed - Approval given to pour concrete"
"checkpoint-status",,"","checkpoint","General photos and observations of concrete placement attached"
"checkpoint-group",,"","section","Pour / Post-Pour Checks/Sign Off"
"checkpoint-status",,"","checkpoint","Concrete checked on arrival & correct (slump, MPa, approved mix, etc)"
"checkpoint-status",,"","checkpoint","Concrete Pour completed - All final checks and documentation completed and attached"
"checkpoint-status",,"","checkpoint","Concrete surface to specifications"
"checkpoint-status",,"","checkpoint","Concrete results 7D & 28D Passed"
"checkpoint-status",,"","checkpoint","Trades QA received, attached, reviewed and approved"
"checkpoint-status",,"","checkpoint","Any remedial work completed"

"checklist-flat",,"","checklist","Ceiling Postline","",,,0,"Yes","QA - Ceiling Postline","82e824c9-76f5-48e6-93cb-33ae6a9c8957"
"checkpoint-status",,"","checkpoint","Correct linings installed as per linings plan"
"checkpoint-status",,"","checkpoint","Fixings as per specification including if glue required"
"checkpoint-status",,"","checkpoint","Service penetrations cut out as per architecture RCP"
"checkpoint-status",,"","checkpoint","Any ceiling hatches installed & fixed correctly"
"checkpoint-status",,"","checkpoint","Ceiling approved for stopping"
"checkpoint-status",,"","checkpoint","Stopping light check complete ready for paint"

"checklist-sectioned",,"","checklist","Envelope - Sills","",,,0,"Yes","QA - Envelope - Sills","880a88e5-3819-4d38-9241-1ef96a50ea84"
"checkpoint-group",,"","section","Sills"
"checkpoint-status",,"","checkpoint","No sharp edges"
"checkpoint-status",,"","checkpoint","Substrate applied (membrane applied)"
"checkpoint-status",,"","checkpoint","Sill try to be sealed (check for backing rod and sealant)"
"checkpoint-status",,"","checkpoint","Sill tray fixed at correct centres"
"checkpoint-status",,"","checkpoint","Check workmanship of junctions and seals"
"checkpoint-status",,"","checkpoint","Check lap of membrane"
"checkpoint-group",,"","section","Airtightness"
"checkpoint-status",,"","checkpoint","All unexposed caulking should use light colour caulk (eg, Light gray, or white)"
"checkpoint-status",,"","checkpoint","Check corner junctions for quality. (Typically, the lab test only covers typical panels.) Particularly without factory made corners."
"checkpoint-status",,"","checkpoint","Mounting brackets sealed to the slab with caulking, tolerance slots should also be sealed"

"checklist-sectioned",,"","checklist","BCO10355536-2 L2 Lounge Extension, Demo L2 roof & construction new L2 slab with egress route to replace fire egress stairs. Reconfig of L1 retail storage space to accom new egress route. Demo existing fire stair. Reinstate all services in the L1 retail and storage areas","",,,1,"Yes","BCO10355536-2 L2 Lounge Extension","88249a5c-cf2e-4dc8-8489-9664d883196b"
"checkpoint-group",,"","section","Electrical works and certificates"
"checkpoint-status",,"","checkpoint","Electrical Energy Works"
"checkpoint-status",,"","checkpoint","Energy Works Certificate"
"checkpoint-group",,"","section","Balustrades"
"checkpoint-status",,"","checkpoint","PS3 for Balustrades installation"
"checkpoint-group",,"","section","Structural Elements"
"checkpoint-status",,"","checkpoint","PS4 Construction Review"
"checkpoint-status",,"","checkpoint","Engineer Site Observation Report"
"checkpoint-group",,"","section","Fire Protection – Interior Surface Finishes, floor coverings and suspended flexible fabrics"
"checkpoint-status",,"","checkpoint","PS3 for Fire Protection – Interior Surface Finishes, floor coverings and suspended flexible fabrics"
"checkpoint-group",,"","section","Fire Protection - Intumescent Coatings to Structural Steel"
"checkpoint-status",,"","checkpoint","PS3 for Intumescent coatings to Structural Steel"
"checkpoint-status",,"","checkpoint","Full compliance with manufacturer's criteria?"
"button","88813036-2711-54ac-913e-658178e92d7d","","button","AS1530 Methods for fire tests on building materials and structures – Part 4: Fire resistance tests of elements of building construction; or","Yes, No",,
"button","f6e8f674-4cfe-512f-9f7d-7c1f344a795e","","button","NZBS/BS 476 Fire tests on building materials and structures - Parts 21 and 2","Yes, No",,
"checkpoint-status",,"","checkpoint","Supplier's material schedule"
"checkpoint-status",,"","checkpoint","As-Built to identifying location of steel with intumescent coatings"
"checkpoint-group",,"","section","Fire Safety Systems"
"checkpoint-status",,"","checkpoint","PS4 Construction Review"
"checkpoint-status",,"","checkpoint","Engineer Site Observation Report"
"checkpoint-group",,"","section","Fire Stopping of Fire Rated Walls, Floors & Ceilings"
"checkpoint-status",,"","checkpoint","PS3 for Passive Fire Protection Systems (e.g. fire stopping of penetrations and intersections or joints)"
"button","07d8531c-a10e-5cca-a99b-3185e3f3f337","","button","An inspection of each system has been carried out by the installer","Yes, No",,
"button","4affe8d6-4f05-5c2e-a97d-9abb854330a7","","button","Variations been approved by Council and certified in writing by an accredited fire protection specialist","Yes, No, N/A",,
"checkpoint-status",,"","checkpoint","Schedule for Passive Fire installed in accordance with the manufacturer’s installation instructions"
"boolean","67e40f07-e831-5d04-bcce-c9b2fb0cefbd","","tickbox","Project name and address",,,
"boolean","41dfd899-8e40-5cfc-b762-71dd75342217","","tickbox","Name, address and contact phone number of the installer / company",,,
"boolean","a35ebc0c-e5c3-59a7-aef4-e2a87fd88eb7","","tickbox","Date installation inspected",,,
"boolean","8de9c880-400b-5356-9c2c-19e251027e64","","tickbox","Description of service penetration or control joint",,,
"boolean","9c2577d4-993e-5525-9835-2630fba96bf9","","tickbox","Identification of the position of the installation (marked up plans)",,,
"boolean","af07df8e-cb92-5726-88a4-a8da9827fe4b","","tickbox","Description of the system used",,,
"boolean","a55079fe-92fa-521d-922e-d8ae16e492bc","","tickbox","FRR for each installation",,,
"boolean","b4d37ca3-7d10-52d1-bea8-ac68f7153e7d","","tickbox","A unique number for each fire protection measure installed",,,
"checkpoint-group",,"","section","External Cladding"
"checkpoint-status",,"","checkpoint","PS3 for Wall cladding installation"
"checkpoint-group",,"","section","Soprema Duo membrane"
"checkpoint-status",,"","checkpoint","PS3 for Soprema Duo membrane"
"checkpoint-group",,"","section","CM of External Facade"
"checkpoint-status",,"","checkpoint","PS4 Construction Review"
"checkpoint-status",,"","checkpoint","Engineer Site Observation Report - CM of facade installation and certification that the work complies with the design"
"checkpoint-group",,"","section","Structural works of SED/PS1 - all structural works"
"checkpoint-status",,"","checkpoint","PS4 Construction Review"
"checkpoint-status",,"","checkpoint","Engineer Site Observation Report for all related structural works"
"checkpoint-group",,"","section","Structural Steel"
"checkpoint-status",,"","checkpoint","PS4 Construction Review"
"checkpoint-status",,"","checkpoint","Engineer Site Observation Report - Installation of the structural steel"
"checkpoint-group",,"","section","Structural Steel: Manufacturers Report"
"checkpoint-status",,"","checkpoint","Manufacturing data report to be submitted to council for comment before any on site erection can proceed"
"button","9e0a9b8d-579d-5259-9b0a-47e9e12f9b9c","","button","Amendments relating to Structural Steel","Yes, No",,
"checkpoint-status",,"","checkpoint","If yes, attach amended document"
"checkpoint-group",,"","section","Geotechnical"
"checkpoint-status",,"","checkpoint","PS4 Construction Review"
"checkpoint-status",,"","checkpoint","Engineer Site Observation Report - e building platform, including site excavations, the installation of any sub-soil drainage and placement of compacted fill as necessary to form the building platform"
"checkpoint-group",,"","section","Proprietary Product"
"checkpoint-status",,"","checkpoint","PS3 for Proprietary Product Installation"
"checkpoint-group",,"","section","Seismic Performance"
"checkpoint-status",,"","checkpoint","PS4 Construction Review"
"checkpoint-status",,"","checkpoint","Engineer Site Observation Report - Installation of the structural steel"
"checkpoint-group",,"","section","Waterproof Membrane Warranty"
"checkpoint-status",,"","checkpoint","A warranty certificate from the waterproof membrane supplier or manufacturer for roofs, decks tanking and wet areas membranes is required confirming that the work complies with the design as approved in this building consent and any relevant New Zealand Building Code clauses."
"boolean","ad5fb9cf-9ac5-5034-90e1-b0b20926cc25","","tickbox","Please note: this document is requested to validate the type of membrane that was installed only. It is not used for any other purpose.",,,
"checkpoint-group",,"","section","SS1.1 Sprinkler Systems – Certification"
"checkpoint-status",,"","checkpoint","PS3 - automatic sprinkler system from a fire protection contractor confirming compliance with NZS4541:2013"
"checkpoint-status",,"","checkpoint","Accredited Inspection Company’s certification for automatic sprinkler system confirming compliance with NZS4541:2013 (altered, extended or new system)."
"checkpoint-status",,"","checkpoint","Sprinkler System Certifiers (AON) Certificate of Compliance for the automatic sprinkler system confirming compliance with NZS4541:2013 (new or extended system)"
"checkpoint-status",,"","checkpoint","As built plans"
"boolean","04ce5916-d761-51a2-8c4e-d561345699fc","","tickbox","Clear copy of sprinkler block plan",,,
"boolean","11529156-f6ae-5337-9a6e-4213bf05009c","","tickbox","Equipment manufacture register – if make of system not shown on plans",,,
"checkpoint-status",,"","checkpoint","Electrical work certificate for any prescribed electrical work"
"checkpoint-group",,"","section","SS2.1 Manual and automatic fire alarms – Certification"
"checkpoint-status",,"","checkpoint","PS3 - Manual / automatic fire alarm from a fire alarm installer confirming compliance with NZS4512:2010"
"checkpoint-status",,"","checkpoint","Accredited Inspection Bodies Certificate of Completion for manual / automatic fire alarm fire alarm confirming compliance with NZS4512:2010 (new system)"
"checkpoint-status",,"","checkpoint","Accredited Inspection Bodies (BFS or Aon Inspections) certification for the alerted manual / automatic fire alarm fire alarm confirming compliance with NZS4512:2010 (altered systems)"
"checkpoint-status",,"","checkpoint","As built plans"
"boolean","1f362cb6-f8cf-5b05-94fe-fbc54526f527","","tickbox","Zone index plan",,,
"checkpoint-status",,"","checkpoint","Operation and Maintenance manual"
"checkpoint-status",,"","checkpoint","Electrical work certificate for any prescribed electrical work"
"checkpoint-group",,"","section","SS4 Emergency lighting systems – Certification"
"checkpoint-status",,"","checkpoint","PS3 - Emergency Lighting from the electrical contractor confirming compliance with NZBC F6"
"checkpoint-status",,"","checkpoint","Duration test results for each emergency light fitting from the electrical contractor or IQP"
"checkpoint-status",,"","checkpoint","Lux test results for the emergency lighting system (if required by design)"
"checkpoint-status",,"","checkpoint","As Built plan including model of systems installed"
"checkpoint-status",,"","checkpoint","Electrical work certificate for any prescribed electrical work"
"checkpoint-group",,"","section","SS13.1 Mechanical smoke control systems – Certification"
"checkpoint-status",,"","checkpoint","PS3 - Mechanical smoke control system"
"checkpoint-status",,"","checkpoint","PS4 - Construction Review - Mechanical smoke control system (Mechanical Engineer)"
"checkpoint-status",,"","checkpoint","Copies of test/commissioning results verifying measured airflow rates meets design (including interface test with fire alarm system)"
"checkpoint-status",,"","checkpoint","As built plans"
"boolean","34d859ae-c59b-5bea-a250-f4cafbf47799","","tickbox","Equipment schedules noting make of systems installed",,,
"checkpoint-status",,"","checkpoint","Operation and Maintenance manual"

"checklist-flat",,"","checklist","Council Inspection - IFG Pre-wrap and pre-cladding","",,,1,"Yes","Council Inspection - IFG Pre-wrap and pre-cladding","8ae22b18-0542-4992-82be-834f5f8f8014"
"checkpoint-status",,"","checkpoint","Inspection Details: To check bracing; connecting plates; etc are in place"
"text","3b5b8c99-1919-5b0a-a742-aee0ef834240","","textbox","Date of Inspection & Name of inspector",,,
"checkpoint-status",,"","checkpoint","Inspection Outcome"
"checkpoint-status",,"","checkpoint","Council inspection report (attach)"
"checkpoint-status",,"","checkpoint","Any observations/ Failures requiring closeout? (select N/A if none)"
"checkpoint-status",,"","checkpoint","All Relevant Observation Closeout evidence attached below if applicable (Pass once completed)"
"checkpoint-status",,"","checkpoint","Council inspection completed, attached and any relevant observations closed out Note: PASS once all information is attached including Observations/Failed comments with evidence of closeout"

"checklist-flat",,"","checklist","Council Inspection - IFO Bored piles","",,,4,"Yes","Council Inspection - IFO Bored piles","8b65fe45-9d8b-4e22-a9eb-9689fcb2fd6e"
"checkpoint-status",,"","checkpoint","Inspection Details: To check soil conditions and the size and depth of footings; piles must be in place but prior to the placement of concrete"
"text","e7a9d47d-8f5d-52cd-88f3-3535e81a4faa","","textbox","Date of Inspection & Name of inspector",,,
"checkpoint-status",,"","checkpoint","Council inspection report (attach)"
"checkpoint-status",,"","checkpoint","Any observations/ Failures requiring closeout? (select N/A if none)"
"checkpoint-status",,"","checkpoint","All Relevant Observation Closeout evidence attached below if applicable (Pass once completed)"
"checkpoint-status",,"","checkpoint","Council inspection completed, attached and any relevant observations closed out Note: PASS once all information is attached including Observations/Failed comments with evidence of closeout"

"checklist-flat",,"","checklist","Waste Water (Main Line) - Pipeline Installation Checklist","",,,0,"Yes","QA - Waste Water (Main Line) - Pipeline Installation Checklist","902d6833-fa33-4bb9-835e-2a8f43229b2b"
"checkpoint-status",,"","checkpoint","Latest construction drawings referenced and followed"
"text","fd17a63e-61c5-5b05-8ad8-fd1e08f6cdcb","","textbox","Drawing & Revision Number",,,
"checkpoint-status",,"","checkpoint","Set Out & Excavation completed checked and accurate"
"checkpoint-status",,"","checkpoint","Ground Conditions Checked & Acceptable"
"checkpoint-status",,"","checkpoint","Bedding depth and material correct (photo required)"
"checkpoint-status",,"","checkpoint","Correct pipe (size, material & class) laid to specified level, grade and jointed as specified"
"text","f3872c0f-e01b-5fb0-9a78-dd9f3e74d3b0","","textbox","Invert Level (upstream manhole)",,,
"text","ad7163de-31eb-550f-9991-ab7f584e34d6","","textbox","Invert Level (downstream manhole)",,,
"text","569ef9ec-4182-5a8f-9113-97e52de11491","","textbox","Design length of pipe (m)",,,
"text","134faaf1-436a-564d-8439-d9c0e5068b8c","","textbox","Length of pipe installed (m)",,,
"text","ae7d5fa3-34dc-5023-bff0-337e7c0606b3","","textbox","Grade of Pipe-Line %",,,
"checkpoint-status",,"","checkpoint","Connections to manholes complete and approved (photo required)"
"checkpoint-status",,"","checkpoint","Air/water test completed (photo of pressure gauge taken at START & FINISH)"
"checkpoint-status",,"","checkpoint","Backfill completed & compacted as specified"
"checkpoint-status",,"","checkpoint","Relevant tests, photos & as-built information attached"

"checklist-flat",,"","checklist","Grouting Precast Panels","",,,0,"Yes","QA - Grouting Precast Panels","93aa27e2-f309-4556-a6ac-c8dfb9e3bb25"
"checkpoint-status",,"","checkpoint","Dry pack completed?"
"checkpoint-status",,"","checkpoint","Pumped used?"
"checkpoint-status",,"","checkpoint","Grout Used: Mapei SP (If different add in comments)"
"text","8da51c65-173c-5eef-aa19-26e77c97fa27","","textbox","Number of bags of grout used",,,
"checkpoint-status",,"","checkpoint","Is the grout mixed properly? (3.0 to 3.4 Litres of Water per bag)"
"text","0748264b-2e07-5e69-aec3-79d98e724720","","textbox","Number of grout tubes in panel",,,
"text","de5be79b-f96a-501d-bdf2-65751f2dd860","","textbox","Duration of pumping the whole panel",,,
"checkpoint-status",,"","checkpoint","Did grout came out of top of dross tube?"
"checkpoint-status",,"","checkpoint","No blow outs"

"checklist-flat",,"","checklist","Weekly QA Progress - All trades sitewide","",,,4,"Yes","QA - Trades - Weekly QA Progress (all trades sitewide)","96a79814-5c83-4ac4-9f45-de26818d2c4e"
"checkpoint-status",,"","checkpoint","Trades QA progress report, reviewed and approved"
"text","ad1d19a9-466e-5899-975c-8f13e2da54ff","","textbox","SP2 - EBH South - List subcontractors onsite",,,
"text","0c3aadc5-ca0f-5458-b602-ac137a2987c2","","textbox","SP2 - EBH South Level 1 Retail area/ Level 2 Lounge Extension & Fire Egress Stairs - List subcontractors onsite",,,
"text","a8a4e2f8-656e-564f-8fdf-c0e0fb9151c8","","textbox","SP3 – PC69 - List subcontractors onsite",,,
"checkpoint-status",,"","checkpoint","General photos and comments (if any)"

"checklist-flat",,"","checklist","Council Inspection - ICB Concrete block or concrete reinforcing foundation walls","",,,1,"Yes","Council Inspection - ICB Concrete block or concrete reinforcing foundation walls","9b9b0cbd-c91c-45e4-80b3-e8eda6ed317e"
"checkpoint-no-status",,"","checkpoint","Inspection Details"
"text","00013a61-dcc1-5c05-9988-67d8e5974d8d","","textbox","Date of Inspection & Name of inspector",,,
"checkpoint-status",,"","checkpoint","Inspection Outcome"
"checkpoint-status",,"","checkpoint","Council inspection report (attach)"
"checkpoint-status",,"","checkpoint","Any observations/ Failures requiring closeout? (select N/A if none)"
"checkpoint-status",,"","checkpoint","All Relevant Observation Closeout evidence attached below if applicable (Pass once completed)"
"checkpoint-status",,"","checkpoint","Council inspection completed, attached and any relevant observations closed out Note: PASS once all information is attached including Observations/Failed comments with evidence of closeout"

"checklist-flat",,"","checklist","Sub Soil Checklist","",,,0,"Yes","QA - Sub Soil Checklist","9c027bb2-78e4-4c91-a3a1-3da88752ea11"
"checkpoint-status",,"","checkpoint","Location details and relevant mark ups attached"
"text","e51a7cd3-c365-51a8-b3f1-45cd9cd0d538","","textbox","Location",,,
"checkpoint-status",,"","checkpoint","Consultant inspection completed as required"
"checkpoint-status",,"","checkpoint","Correct pipe used?"
"checkpoint-status",,"","checkpoint","Correct backfill used?"
"checkpoint-status",,"","checkpoint","Installation record photos"
"checkpoint-status",,"","checkpoint","Sub Soil Installation completed"

"checklist-flat",,"","checklist","Council Inspection - IFO Foundation - Strip Footings","",,,4,"Yes","Council Inspection - IFO Foundation - Strip Footings","9dd3ef7a-a069-40fc-ba6a-62de278164f4"
"checkpoint-status",,"","checkpoint","Inspection Details: To check soil conditions and the size and depth of footings and reinforcing steel. All reinforcing steel in place tied and supported; prior to the placement of concrete"
"text","6b19db9f-bbbf-5197-b46b-84c24b61e00b","","textbox","Date of Inspection & Name of inspector",,,
"checkpoint-status",,"","checkpoint","Council inspection report (attach)"
"checkpoint-status",,"","checkpoint","Any observations/ Failures requiring closeout? (select N/A if none)"
"checkpoint-status",,"","checkpoint","All Relevant Observation Closeout evidence attached below if applicable (Pass once completed)"
"checkpoint-status",,"","checkpoint","Council inspection completed, attached and any relevant observations closed out Note: PASS once all information is attached including Observations/Failed comments with evidence of closeout"

"checklist-flat",,"","checklist","Waterproofing Checklist","",,,0,"Yes","QA - Waterproofing Checklist","a089e74d-f140-485b-9b55-87567c428ec5"
"checkpoint-status",,"","checkpoint","Preparation / Substrate acceptable"
"checkpoint-status",,"","checkpoint","Correct product delivered and checked - approval given to install"
"checkpoint-status",,"","checkpoint","General photos/comments during install"
"checkpoint-status",,"","checkpoint","Any inspections / observations documented, reviewed and closed out"
"checkpoint-status",,"","checkpoint","Trades QA received, attached, reviewed and approved"
"checkpoint-status",,"","checkpoint","Waterproofing install completed, reviewed and approved to meet required specifications"

"checklist-flat",,"","checklist","Envelope - Warm roof","",,,0,"Yes","QA - Envelope - Warm roof","a3de2de9-6d19-40ca-8857-a29ba3d49e22"
"checkpoint-status",,"","checkpoint","Substrate clear of debris (no sharp edges/ air pockets)"
"checkpoint-status",,"","checkpoint","Vapour barrier installed (up parapet)"
"checkpoint-status",,"","checkpoint","PIR insulation (brick pattern, tight joint)"
"checkpoint-status",,"","checkpoint","Cement board (Perma base Dek correct fixing)"
"checkpoint-status",,"","checkpoint","Soprema Sopradere quick primer"
"checkpoint-status",,"","checkpoint","Membrane installed (80mm min lap)"
"checkpoint-status",,"","checkpoint","Duo Capsheet installed"
"checkpoint-status",,"","checkpoint","Internal gutters (ply installed, lap of membrane and capsheet into drain)"
"checkpoint-status",,"","checkpoint","Seal around drain"

"checklist-flat",,"","checklist","Civil - Sanitary Sewer","",,,0,"Yes","QA - Civil - Sanitary Sewer","a5fa6253-df93-4dd3-9e0f-8af7d2edfd37"
"checkpoint-status",,"","checkpoint","Location details and relevant mark ups attached"
"checkpoint-status",,"","checkpoint","Consultant inspection completed as required"
"checkpoint-status",,"","checkpoint","Council Inspection completed as required"
"checkpoint-status",,"","checkpoint","Watercare Inspection completed as required"
"checkpoint-status",,"","checkpoint","Invert levels recorded"
"checkpoint-status",,"","checkpoint","Invert levels as per design"
"checkpoint-status",,"","checkpoint","Received QA from Subcontractor?"
"checkpoint-status",,"","checkpoint","As Built drawings received"
"checkpoint-status",,"","checkpoint","CCTV Survey"
"checkpoint-status",,"","checkpoint","Certificates provided"
"checkpoint-status",,"","checkpoint","Installation record photos"
"checkpoint-status",,"","checkpoint","Foul Installation completed"
"checkpoint-status",,"","checkpoint","Any onsite changes documented (Attach marked up drawings, etc)"

"checklist-flat",,"","checklist","Water Main - Pipeline Installation Checklist","",,,0,"Yes","QA - Water Main - Pipeline Installation Checklist","a67f1307-5296-4924-a754-a24bb67d8a18"
"checkpoint-status",,"","checkpoint","Latest construction drawings referenced and followed"
"text","f685a00a-9f87-50b8-8bbd-fe9126bc21ea","","textbox","Drawing & Revision Number",,,
"checkpoint-status",,"","checkpoint","Set Out & Excavation completed checked and accurate"
"checkpoint-status",,"","checkpoint","Ground Conditions Checked & Acceptable"
"checkpoint-status",,"","checkpoint","Bedding depth and material correct (photo required)"
"checkpoint-status",,"","checkpoint","Correct pipe (size, material & class) laid to specified level, grade and jointed as specified"
"text","821ad0ac-1efe-58e9-9ca1-e203f3c1daad","","textbox","Design length of pipe (m)",,,
"text","593ecea1-32d9-5c1b-b313-b07ccbec3a32","","textbox","Length of pipe installed (m)",,,
"checkpoint-status",,"","checkpoint","Connections complete and approved (photo required)"
"checkpoint-status",,"","checkpoint","Relevant test completed (photos required)"
"checkpoint-status",,"","checkpoint","Backfill completed & compacted as specified"
"checkpoint-status",,"","checkpoint","Relevant tests, photos & as-built information attached"

"checklist-flat",,"","checklist","Backfill Checklist","",,,0,"Yes","QA - Backfill Checklist","ac961eb1-79d1-49a4-91f0-b97ad8038302"
"checkpoint-status",,"","checkpoint","Backfill methodology and material confirmed"
"checkpoint-status",,"","checkpoint","Any formwork/ debris removed from area"
"checkpoint-status",,"","checkpoint","Any waterproofing/ drainage / service requirements completed and inspected"
"checkpoint-status",,"","checkpoint","Approval given to commence backfill - attach any other relevant inspections and observations closed out"
"checkpoint-status",,"","checkpoint","General photos and observations during backfill"
"checkpoint-status",,"","checkpoint","Backfill completed correctly and heights checked/ correct"

"checklist-flat",,"","checklist","Earthing Protection Checklist","",,,0,"Yes","QA - Earthing Protection Checklist","acda1702-7543-4ab0-a802-b7b99e1d3c22"
"checkpoint-status",,"","checkpoint","Location details and relevant mark ups attached"
"text","9f8a443d-261b-5929-8b6a-ff425f9eb6da","","textbox","Location",,,
"checkpoint-status",,"","checkpoint","Separation to other services"
"checkpoint-status",,"","checkpoint","Consultant inspection"
"checkpoint-status",,"","checkpoint","Received QA from Subcontractor?"
"checkpoint-status",,"","checkpoint","Continuity test"
"checkpoint-status",,"","checkpoint","As Built drawings received"
"checkpoint-status",,"","checkpoint","Installation record photos"
"checkpoint-status",,"","checkpoint","Earthing Protection Installation completed"

"checklist-flat",,"","checklist","Council Inspection - ICB Concrete block or concrete reinforcing foundation walls and retaining walls","",,,0,"Yes","Council Inspection - ICB Concrete block or concrete reinforcing foundation walls and retaining walls","b1809415-94fa-4d90-884f-a1cdb99028cf"
"checkpoint-status",,"","checkpoint","Inspection Details: To check all reinforcing steel is in place and tied; all cells to be clean; washouts to be open for viewing; tanking and sub-soil drain in place, if applicable"
"text","8d3df1b6-a898-5388-a062-5168f87c0422","","textbox","Date of Inspection & Name of inspector",,,
"checkpoint-status",,"","checkpoint","Inspection Outcome"
"checkpoint-status",,"","checkpoint","Council inspection report (attach)"
"checkpoint-status",,"","checkpoint","Any observations/ Failures requiring closeout? (select N/A if none)"
"checkpoint-status",,"","checkpoint","All Relevant Observation Closeout evidence attached below if applicable (Pass once completed)"
"checkpoint-status",,"","checkpoint","Council inspection completed, attached and any relevant observations closed out Note: PASS once all information is attached including Observations/Failed comments with evidence of closeout"

"checklist-flat",,"","checklist","Flooring","",,,0,"Yes","QA - Flooring","b60ca1df-2e4f-481c-9121-0aa2dae0155f"
"checkpoint-status",,"","checkpoint","Floor substrate clean, dry, ready for finishes"
"checkpoint-status",,"","checkpoint","Finishes as per architectural plans"
"checkpoint-status",,"","checkpoint","Trim thresholds junction as per detail"
"checkpoint-status",,"","checkpoint","Any additional photos, comments and observations"

"checklist-flat",,"","checklist","Structural Steel","",,,1,"Yes","QA - Structural Steel","b77b4c93-793a-4b46-839e-7b402ab46141"
"checkpoint-status",,"","checkpoint","Steel inspected on arrival, checked and correct and no significant damage"
"checkpoint-status",,"","checkpoint","Trades QA received, attached, reviewed and approved"
"checkpoint-status",,"","checkpoint","Correct location and orientation"
"checkpoint-status",,"","checkpoint","All drypacking and grouting completed , reviewed and approved to meet required specifications"
"checkpoint-status",,"","checkpoint","General photos / comments / observations during install"

"checklist-flat",,"","checklist","Walls Postline","",,,0,"Yes","QA - Walls Postline","b7ea1ebe-9393-46e8-8263-7f0ffca37841"
"checkpoint-status",,"","checkpoint","Correct linings installed as per linings plan"
"checkpoint-status",,"","checkpoint","Bracing fixings installed correctly as per requirements"
"checkpoint-status",,"","checkpoint","Linings cut out for flush boxes neat and tidy"
"checkpoint-status",,"","checkpoint","All screws installed flush"
"checkpoint-status",,"","checkpoint","Wall approved for stopping"
"checkpoint-status",,"","checkpoint","Stopping light check complete ready for paint"

"checklist-flat",,"","checklist","IFG Subfloor Framing","",,,0,"Yes","QA - IFG Subfloor Framing","bad1d654-5767-4a9e-bec0-e32fe8b391d7"
"checkpoint-no-status",,"","checkpoint","Inspection Details"
"text","e621cc0c-c42e-5665-ab2d-611537d6eeea","","textbox","Date of Inspection & Name of inspector",,,
"checkpoint-status",,"","checkpoint","Inspection Outcome"
"checkpoint-status",,"","checkpoint","Council inspection report (attach)"
"checkpoint-status",,"","checkpoint","Any observations/ Failures requiring closeout? (select N/A if none)"
"checkpoint-status",,"","checkpoint","All Relevant Observation Closeout evidence attached below if applicable (Pass once completed)"
"checkpoint-status",,"","checkpoint","Council inspection completed, attached and any relevant observations closed out Note: PASS once all information is attached including Observations/Failed comments with evidence of closeout"

"checklist-flat",,"","checklist","Description/Number:","",,,0,"Yes","BECA Specific Follow-Up Action","c228fa42-becb-4c12-a5dc-d4a53ce87f05"
"checkpoint-status",,"","checkpoint","Follow-Up Action completed"
"text","ddf14301-8239-5b3b-951b-d5fa379a59cd","","textbox","Specific Location:",,,
"text","91c806c7-c985-559e-94d6-00a2b29bd0fd","","textbox","Detail:",,,
"text","f17daeb2-6b36-59f2-add1-159d86b7a239","","textbox","Action Required:",,,
"holdpoint",,"","signoff","Request Review"

"checklist-flat",,"","checklist","Council Inspection - IFO Siting","",,,3,"Yes","Council Inspection - IFO Siting","c46a40c8-94bb-415a-b696-4849f0339bb7"
"checkpoint-status",,"","checkpoint","Inspection Details: To check the set-out of the building; boundaries defined and string lines in place"
"text","9caef17d-8de1-5ae5-b433-be755f157d54","","textbox","Date of Inspection & Name of inspector",,,
"checkpoint-status",,"","checkpoint","Council inspection report (attach)"
"checkpoint-status",,"","checkpoint","Any observations/ Failures requiring closeout? (select N/A if none)"
"checkpoint-status",,"","checkpoint","All Relevant Observation Closeout evidence attached below if applicable (Pass once completed)"
"checkpoint-status",,"","checkpoint","Council inspection completed, attached and any relevant observations closed out Note: PASS once all information is attached including Observations/Failed comments with evidence of closeout"
"checkpoint-status",,"","checkpoint","Note: If you are unable to locate survey pegs a registered Land Surveyor’s certificate maybe required"

"checklist-flat",,"","checklist","Final Sign Off","",,,0,"Yes","QA - Final Sign Off","c55ea24b-4502-4e4b-b52e-15e9cf739f17"
"checkpoint-status",,"","checkpoint","Doors Installed including drop down seals if applicable"
"checkpoint-status",,"","checkpoint","Hardware as per approved schedule"
"checkpoint-status",,"","checkpoint","Architraves and skirtings installed"
"checkpoint-status",,"","checkpoint","Electrical Power/Lighting second fix installed"
"checkpoint-status",,"","checkpoint","Sprinkler/Alarm second fix installed"
"checkpoint-status",,"","checkpoint","Security second fix installed"
"checkpoint-status",,"","checkpoint","Data second fix installed"
"checkpoint-status",,"","checkpoint","HVAC second fix installed"
"checkpoint-status",,"","checkpoint","Floor finishes installed as per architectural plan"
"checkpoint-status",,"","checkpoint","Paint correct colour"
"checkpoint-status",,"","checkpoint","Door signage installed"
"checkpoint-status",,"","checkpoint","Manifestations on glazing"
"checkpoint-status",,"","checkpoint","Joinery installed correctly"

"checklist-flat",,"","checklist","Comms Checklist","",,,0,"Yes","QA - Comms Checklist","ca913dda-d960-480e-b1b8-7fadbfb8cdf7"
"checkpoint-status",,"","checkpoint","Location details and relevant mark ups attached"
"text","9aced85b-f0d6-57ae-b6bb-181a7d653131","","textbox","Location",,,
"checkpoint-status",,"","checkpoint","Consultant inspection"
"checkpoint-status",,"","checkpoint","Received QA from Subcontractor?"
"checkpoint-status",,"","checkpoint","As Built drawings received"
"checkpoint-status",,"","checkpoint","Certificates provided"
"checkpoint-status",,"","checkpoint","Installation record photos"
"checkpoint-status",,"","checkpoint","Comms Installation completed"

"checklist-sectioned",,"","checklist","Demolition Checklist","",,,0,"Yes","QA - Demolition Checklist","cb1eb466-bca0-499e-97d4-56321da7d92e"
"checkpoint-group",,"","section","Pre Demolition QA"
"checkpoint-status",,"","checkpoint","Traffic management in place (attach TMP)"
"checkpoint-status",,"","checkpoint","NVMP completed and attached"
"checkpoint-status",,"","checkpoint","Attach any other relevant pre start documentation"
"checkpoint-status",,"","checkpoint","All relevant services isolated"
"boolean","5e991b23-37eb-598d-9c50-64f55cd8b34c","","tickbox","Power isolated",,,
"boolean","a43ce4b6-8197-53fb-830c-d1425bbf2247","","tickbox","Waste/storm water isolated",,,
"boolean","66392db2-add1-5957-951a-eb222fdce80f","","tickbox","Gas isolated",,,
"boolean","33858d89-9b47-5773-8896-ffcdaf6a1c72","","tickbox","Telecommunication/Fibre isolated",,,
"boolean","19fb6830-49ba-5be2-9224-afd6b99471f6","","tickbox","Any other relevant services isolated",,,
"text","83e96f88-7727-5772-aa77-47fc56fc86fe","","textbox","Specify which other services were isolated",,,
"checkpoint-status",,"","checkpoint","General Photos of controls (attach and label)"
"checkpoint-status",,"","checkpoint","All pre demolition QA completed and approval given to commence demolition"
"checkpoint-group",,"","section","Demolition QA"
"checkpoint-status",,"","checkpoint","Prior to demolition, all pre start checks have been completed"
"checkpoint-status",,"","checkpoint","General photos and observations of demo (attached and labelled)"
"checkpoint-group",,"","section","Demolition Complete"
"checkpoint-status",,"","checkpoint","All rubbish/debris removed and area left clean and tidy"
"checkpoint-status",,"","checkpoint","Trade Contractor QA received, attached, reviewed and approved"
"checkpoint-status",,"","checkpoint","All demolition works completed, checked and approved"

"checklist-flat",,"","checklist","Site Concrete Checklist","",,,0,"Yes","QA - Site Concrete Checklist","d297031d-1dac-47c5-bca2-3103341c633f"
"checkpoint-status",,"","checkpoint","Excavation depth and location checked and correct"
"checkpoint-status",,"","checkpoint","Ground conditions acceptable"
"checkpoint-status",,"","checkpoint","Concrete specifications checked, correct and delivery docket photographed"
"checkpoint-status",,"","checkpoint","Site concrete placed"
"text","1bc404d5-73f7-53ad-acb4-a3f328536c64","","textbox","Placed by:",,,
"checkpoint-status",,"","checkpoint","Concrete placed to the correct height"
"checkpoint-status",,"","checkpoint","Site concrete pour completed and finish acceptable"

"checklist-sectioned",,"","checklist","Core Water Checklist","",,,0,"Yes","QA - Core Water Checklist","d7296a27-db4f-4ee5-911c-63681cfc70f8"
"checkpoint-group",,"","section","Cold water main"
"checkpoint-status",,"","checkpoint","Connections brazed correctly"
"checkpoint-status",,"","checkpoint","Clip Spacing to manufacturer's specs horizontal/ vertical"
"checkpoint-status",,"","checkpoint","Valves fitted correctly"
"checkpoint-group",,"","section","Hot water main"
"checkpoint-status",,"","checkpoint","Connections welded correctly"
"checkpoint-status",,"","checkpoint","Clip spacing to manufacturer's specs horizontal/ vertical"
"checkpoint-status",,"","checkpoint","Expansion allowed for"
"checkpoint-status",,"","checkpoint","Lagging installed and neat"
"checkpoint-status",,"","checkpoint","Valves fitted correctly"
"checkpoint-group",,"","section","General"
"checkpoint-status",,"","checkpoint","Open ends of riser capped for testing"
"checkpoint-status",,"","checkpoint","Checked for crossovers"
"checkpoint-status",,"","checkpoint","Tidy work areas"
"checkpoint-status",,"","checkpoint","Allowance for expansion"
"checkpoint-status",,"","checkpoint","Pressure test to 1500kpa for 30mins"
"checkpoint-status",,"","checkpoint","Visual check (for leeks from valves, tees, saddles, etc)"
"checkpoint-status",,"","checkpoint","Seismic bracing for pipework longitude and latitude"
"checkpoint-status",,"","checkpoint","Lateral labelling of pipework backflow devices fitted"
"checkpoint-status",,"","checkpoint","Pre Line Inspection Passed"
"checkpoint-status",,"","checkpoint","Installers name & date works completed"
"text","2eadee23-78c7-530a-afab-c8a41ae380e2","","textbox","Installers name",,,
"text","1402648b-5195-5432-a325-e1356d5579ed","","textbox","Date:",,,
"checkpoint-status",,"","checkpoint","Tested by & date"
"text","f3a926b8-5931-5278-9617-f2ddf8e3c864","","textbox","Tested by:",,,
"text","e05b132a-7e80-5217-b0c9-d29f7a2f08f0","","textbox","Date tested:",,,
"checkpoint-status",,"","checkpoint","Council inspector sign off and date"

"checklist-flat",,"","checklist","Manhole Install Checklist","",,,0,"Yes","QA - Manhole Install Checklist","d7dbe84b-d61f-464d-9026-f8f3f469c9f9"
"checkpoint-status",,"","checkpoint","Latest construction drawings referenced and followed"
"text","cc4797c1-db14-5f5a-b723-2d06dc170e9e","","textbox","Drawing & Revision Number",,,
"checkpoint-status",,"","checkpoint","Set Out & Excavation completed checked and accurate"
"checkpoint-status",,"","checkpoint","Ground Conditions Checked and Acceptable"
"checkpoint-status",,"","checkpoint","Bedding depth and material correct (photo required)"
"checkpoint-status",,"","checkpoint","Correct manhole size installed to specified Invert Level"
"checkpoint-status",,"","checkpoint","Manhole risers & steps installed and joints sealed as specified (photo required)"
"checkpoint-status",,"","checkpoint","Manhole benching completed and acceptable (photo required)"
"checkpoint-status",,"","checkpoint","Concrete manhole cover installed and sitting correctly with hole covered if required (photo required)"
"checkpoint-status",,"","checkpoint","Cast Iron Lid installed and fixed at correct height (photo required)"
"checkpoint-status",,"","checkpoint","CCTV test complete"
"checkpoint-status",,"","checkpoint","Manhole Installation reviewed and approved (photo required)"
"checkpoint-status",,"","checkpoint","Backfill completed & compacted as specified (Photos during backfill required)"

"checklist-flat",,"","checklist","Set Out / Surveying Checklist","",,,0,"Yes","QA - Set Out / Surveying Checklist","d7f3067a-5b91-4f7d-b480-25987046b603"
"checkpoint-status",,"","checkpoint","Any RL's Set Out are correct, labelled and photographed"
"checkpoint-status",,"","checkpoint","Any grid Set Out are correct, labelled and photographed"
"checkpoint-status",,"","checkpoint","Any other relevant Set Out/ survey documentation attached"
"checkpoint-status",,"","checkpoint","Survey work completed, checked and accurate"

"checklist-flat",,"","checklist","Envelope - Internal gutter","",,,0,"Yes","QA - Envelope - Internal gutter","d895f003-76c0-47c7-9fde-d9a5f16f86ca"
"checkpoint-status",,"","checkpoint","17mm C-D structural plywood"
"checkpoint-status",,"","checkpoint","minimum fall of 1:100 (0.57°)"
"checkpoint-status",,"","checkpoint","5 mm fillets"
"checkpoint-status",,"","checkpoint","Locations for outlets and sumps"
"checkpoint-status",,"","checkpoint","Correct width and level/depth"
"checkpoint-status",,"","checkpoint","General photos, comments and observations during paint application"
"checkpoint-status",,"","checkpoint","Trades QA received, attached, reviewed and approved"

"checklist-sectioned",,"","checklist","BCO10355536-1 - Temp enabling works to allow for separation of the Stage 2 construction area (358m2) from the public-facing L1 retail area in the ITP - SP2 - EBH South - L1 Retail","",,,1,"Yes","BCO10355536-1 - Temp enabling works","daea8cc3-cf5c-41c7-abba-7deed5db1728"
"checkpoint-group",,"","section","Energy Works Certificate - Electrical"
"checkpoint-status",,"","checkpoint","Energy Works Certificate - Electrical"
"checkpoint-group",,"","section","Structural elements"
"checkpoint-status",,"","checkpoint","PS4 Construction Review"
"checkpoint-status",,"","checkpoint","Engineer Site Observation Report"
"checkpoint-group",,"","section","SS1.1 Sprinkler Systems – Certification"
"checkpoint-status",,"","checkpoint","PS3 - automatic sprinkler system from a fire protection contractor confirming compliance with NZS4541:2013"
"checkpoint-status",,"","checkpoint","Accredited Inspection Company’s certification for automatic sprinkler system confirming compliance with NZS4541:2013 (altered, extended or new system)."
"checkpoint-status",,"","checkpoint","Sprinkler System Certifiers (AON) Certificate of Compliance for the automatic sprinkler system confirming compliance with NZS4541:2013 (new or extended system)"
"checkpoint-status",,"","checkpoint","As built plans"
"checkpoint-status",,"","checkpoint","Clear copy of sprinkler block plan"
"checkpoint-status",,"","checkpoint","Equipment manufacture register – if make of system not shown on plans"
"checkpoint-status",,"","checkpoint","Electrical work certificate for any prescribed electrical work"
"checkpoint-group",,"","section","SS2.1 Manual and automatic fire alarms – Certification"
"checkpoint-status",,"","checkpoint","PS3 - Manual / automatic fire alarm from a fire alarm installer confirming compliance with NZS4512:2010"
"checkpoint-status",,"","checkpoint","Accredited Inspection Bodies Certificate of Completion for manual / automatic fire alarm fire alarm confirming compliance with NZS4512:2010 (new system)"
"checkpoint-status",,"","checkpoint","Accredited Inspection Bodies (BFS or Aon Inspections) certification for the alerted manual / automatic fire alarm fire alarm confirming compliance with NZS4512:2010 (altered systems)"
"checkpoint-status",,"","checkpoint","As built plans"
"checkpoint-status",,"","checkpoint","Zone index plan"
"checkpoint-status",,"","checkpoint","Operation and Maintenance manual"
"checkpoint-status",,"","checkpoint","Electrical work certificate for any prescribed electrical work"
"checkpoint-group",,"","section","SS4 Emergency lighting systems – Certification"
"checkpoint-status",,"","checkpoint","PS3 - Emergency Lighting from the electrical contractor confirming compliance with NZBC F6"
"checkpoint-status",,"","checkpoint","Duration test results for each emergency light fitting from the electrical contractor or IQP"
"checkpoint-status",,"","checkpoint","Lux test results for the emergency lighting system (if required by design)"
"checkpoint-status",,"","checkpoint","As Built plan including model of systems installed"
"checkpoint-status",,"","checkpoint","Electrical work certificate for any prescribed electrical work"
"checkpoint-group",,"","section","SS9 Mechanical ventilation or air-conditioning system – Certification"
"checkpoint-status",,"","checkpoint","PS3 - Mechanical ventilation or air-conditioning system confirming compliance with NZBC G4"
"checkpoint-status",,"","checkpoint","Copies of test/commissioning results verifying measured airflow rates meets design (including any interface test with fire alarm system)"
"checkpoint-status",,"","checkpoint","As built plans"
"checkpoint-status",,"","checkpoint","Equipment schedules noting make of systems installed"
"checkpoint-status",,"","checkpoint","Operation and Maintenance manual"
"checkpoint-status",,"","checkpoint","Electrical work certificate"

"checklist-flat",,"","checklist","Intumescent Painting","",,,0,"Yes","QA - Intumescent Painting","de3591ed-2978-44c9-a49c-91e5e6fc2067"
"checkpoint-status",,"","checkpoint","Steel Erection completed and approval given to apply Intumescent Paint"
"checkpoint-status",,"","checkpoint","Paint specifications and product checked"
"checkpoint-status",,"","checkpoint","Paint applied using correct methodology"
"checkpoint-status",,"","checkpoint","Positector readings uploaded"
"checkpoint-status",,"","checkpoint","General photos, comments and observations during paint application"
"checkpoint-status",,"","checkpoint","Trades QA received, attached, reviewed and approved"
"checkpoint-status",,"","checkpoint","Paint application complete - area inspected, checked and correct to required specification"

"checklist-flat",,"","checklist","Council Inspection - IFG Subfloor Framing","",,,0,"Yes","Council - IFG Subfloor Framing","df9e49dc-d531-4ce7-8bb1-27a3adfa3b8f"
"checkpoint-status",,"","checkpoint","Inspection Details: To check subfloor bracing, piles, connections, brackets, fastenings, beams, floor-framing members, and floor insulation"
"text","69478daa-78e7-5a06-a420-e64370d3eae7","","textbox","Date of Inspection & Name of inspector",,,
"checkpoint-status",,"","checkpoint","Inspection Outcome"
"checkpoint-status",,"","checkpoint","Council inspection report (attach)"
"checkpoint-status",,"","checkpoint","Any observations/ Failures requiring closeout? (select N/A if none)"
"checkpoint-status",,"","checkpoint","All Relevant Observation Closeout evidence attached below if applicable (Pass once completed)"
"checkpoint-status",,"","checkpoint","Council inspection completed, attached and any relevant observations closed out Note: PASS once all information is attached including Observations/Failed comments with evidence of closeout"

"checklist-sectioned",,"","checklist","BCO10354772 - New single storey 98m2 plant building to house electrical plan (HV Switchgear) - SP3 - PC69","",,,1,"Yes","BCO10354772 - New single storey","e1679477-f7f5-43f5-9a77-7216c72a5d9f"
"checkpoint-group",,"","section","Energy Works Certificate - Electrical"
"checkpoint-status",,"","checkpoint","Energy Works Certificate - Electrical"
"checkpoint-group",,"","section","Structural elements"
"checkpoint-status",,"","checkpoint","PS4 Construction Review"
"checkpoint-status",,"","checkpoint","Engineer Site Observation Report"
"checkpoint-group",,"","section","Fire Stopping of Fire Rated Walls, Floors & Ceilings"
"checkpoint-status",,"","checkpoint","Attach PS3"
"checkpoint-group",,"","section","Building Platform, including site excavations, the installation of any sub-soil drainage and placement of compacted"
"checkpoint-status",,"","checkpoint","PS4 - Building Platform, including site excavations, the installation of any sub-soil drainage and placement of compacted fill as necessary to form the building platform"
"checkpoint-status",,"","checkpoint","Geotech Report"
"checkpoint-group",,"","section","Masonry"
"checkpoint-status",,"","checkpoint","PS4 - Type A or B Masonry"
"checkpoint-status",,"","checkpoint","Engineer Observation Report"
"checkpoint-group",,"","section","Waterproof Membrane"
"checkpoint-status",,"","checkpoint","Product Warranty - Waterproof Membrane"
"checkpoint-group",,"","section","Surveyor’s Certificates"
"checkpoint-status",,"","checkpoint","Surveyor’s Certificate - Floor Level"
"checkpoint-status",,"","checkpoint","Surveyor’s Certificate - Siting"
"checkpoint-group",,"","section","SS2.1 Manual and automatic fire alarms – Certification"
"checkpoint-status",,"","checkpoint","PS3 - Manual/ automatic fire alarm - NZ4512:2010"
"checkpoint-status",,"","checkpoint","Accredited Inspection Bodies Certificate of Completion for manual / automatic fire alarm fire alarm confirming compliance with NZS4512:2010 (new system)"
"checkpoint-status",,"","checkpoint","Accredited Inspection Bodies (BFS or Aon Inspections) certification for the alerted manual / automatic fire alarm fire alarm confirming compliance with NZS4512:2010 (altered systems)"
"checkpoint-status",,"","checkpoint","As built plans"
"checkpoint-status",,"","checkpoint","Zone index plan"
"checkpoint-status",,"","checkpoint","Operation and Maintenance manual"
"checkpoint-status",,"","checkpoint","Electrical work certificate for any prescribed electrical work"
"checkpoint-group",,"","section","SS2.2 Automatic gas detection systems – Certification"
"checkpoint-status",,"","checkpoint","PS3 - Fire Protection specialist for the automatic gas detection system confirming compliance with the approved design"
"checkpoint-status",,"","checkpoint","As built plans showing location of all systems"
"checkpoint-status",,"","checkpoint","Equipment schedules noting make of systems installed"
"checkpoint-status",,"","checkpoint","Operation and Maintenance manual"
"checkpoint-status",,"","checkpoint","Electrical work certificate"
"checkpoint-group",,"","section","SS3.2 Access controlled doors – Certification"
"checkpoint-status",,"","checkpoint","PS3 - Installation of access control to doors (confirming fail safe override)"
"checkpoint-status",,"","checkpoint","As built plans showing location of all systems"
"checkpoint-status",,"","checkpoint","Equipment schedules noting make of systems installed"
"checkpoint-status",,"","checkpoint","Operation and Maintenance manual"
"checkpoint-status",,"","checkpoint","Electrical work certificate"
"checkpoint-group",,"","section","SS4 Emergency lighting systems – Certification"
"checkpoint-status",,"","checkpoint","PS3 - Emergency Lighting from the electrical contractor confirming compliance with NZBC F6"
"checkpoint-status",,"","checkpoint","Duration test results for each emergency light fitting from the electrical contractor or IQP"
"checkpoint-status",,"","checkpoint","Lux test results for the emergency lighting system (if required by design)"
"checkpoint-status",,"","checkpoint","As Built plan including model of systems installed"
"checkpoint-status",,"","checkpoint","Electrical work certificate for any prescribed electrical work"
"checkpoint-group",,"","section","SS9 Mechanical ventilation or air-conditioning system – Certification"
"checkpoint-status",,"","checkpoint","PS3 - Mechanical ventilation or air-conditioning system confirming compliance with NZBC G4"
"checkpoint-status",,"","checkpoint","Copies of test/commissioning results verifying measured airflow rates meets design (including any interface test with fire alarm system)"
"checkpoint-status",,"","checkpoint","As built plans"
"checkpoint-status",,"","checkpoint","Equipment schedules noting make of systems installed"
"checkpoint-status",,"","checkpoint","Operation and Maintenance manual"
"checkpoint-status",,"","checkpoint","Electrical work certificate"

"checklist-sectioned",,"","checklist","Water Pump Commissioning","",,,0,"Yes","QA - Water Pump Commissioning","e1fd8270-b118-4cd9-80c2-603facc1d8c0"
"checkpoint-group",,"","section","Pumpset manifold"
"checkpoint-status",,"","checkpoint","Connections welded correctly"
"checkpoint-status",,"","checkpoint","Clip Spacing to manufacturer's specs horizontal/ vertical"
"checkpoint-status",,"","checkpoint","Valves fitted correctly"
"checkpoint-status",,"","checkpoint","Line strainer fitted between pump & tank"
"checkpoint-group",,"","section","Pumps"
"checkpoint-status",,"","checkpoint","Pump 1 Startup KPA"
"checkpoint-status",,"","checkpoint","Pump 1 kick out pressure KPA"
"checkpoint-status",,"","checkpoint","Pump 2 Startup KPA"
"checkpoint-status",,"","checkpoint","Pump 2 kick out pressure KPA"
"checkpoint-status",,"","checkpoint","Pressure vessel pressure"
"checkpoint-group",,"","section","General"
"checkpoint-status",,"","checkpoint","Mains water change over"
"checkpoint-status",,"","checkpoint","Flow test pump"
"checkpoint-status",,"","checkpoint","Pressure tests pipework"
"checkpoint-status",,"","checkpoint","Visual check (for leaks from valves, tees, saddles, etc)"
"checkpoint-status",,"","checkpoint","Non return valves fitted"
"checkpoint-status",,"","checkpoint","Installers name & date works completed"
"text","9fe10766-67a1-5d82-8f37-39b523cfd902","","textbox","Installers name",,,
"text","a110da58-f580-5cb5-9dfc-3ddf8ba5983e","","textbox","Date:",,,
"checkpoint-status",,"","checkpoint","Tested by & date"
"text","cc52073a-44f0-5d06-99c4-78189955a0aa","","textbox","Tested by:",,,
"text","76d55335-d12d-57bc-b909-146d27de780f","","textbox","Date tested:",,,
"checkpoint-status",,"","checkpoint","Council inspector sign off and date"

"checklist-sectioned",,"","checklist","Blockwork Checklist","",,,0,"Yes","QA - Blockwork Checklist","e511b05d-2323-4f99-b99c-b3997e8dcae3"
"checkpoint-group",,"","section","Blockwork Set Out/Pre Start QA"
"checkpoint-status",,"","checkpoint","Grids available for reference and base of wall marked accurately"
"checkpoint-status",,"","checkpoint","RL reference/TOW confirmed"
"checkpoint-status",,"","checkpoint","Starter bars correct (location, length and strength)"
"checkpoint-status",,"","checkpoint","Concrete/footing clean, tidy and level (ready for first course)"
"checkpoint-status",,"","checkpoint","Blockwork reinforcement steel delivered correct and accessible (Attach photos of respective reinforcement docket)"
"checkpoint-status",,"","checkpoint","Any additional pre start observations"
"checkpoint-status",,"","checkpoint","Correct blocks delivered, checked & accessible"
"checkpoint-status",,"","checkpoint","Latest drawings available, checked and referenced"
"text","ecf0dfc6-e52d-566d-a38c-ea3ef7436c63","","textbox","Relevant drawings & revisions for reference:",,,
"checkpoint-status",,"","checkpoint","Approval given to start laying blockwork"
"checkpoint-group",,"","section","Blockwall Pre Pour"
"checkpoint-status",,"","checkpoint","Base of wall in correct location"
"checkpoint-status",,"","checkpoint","Horizontal reinforcement installed correctly (centres/ size / splicing etc)"
"checkpoint-status",,"","checkpoint","Ties / Control joints installed as required"
"checkpoint-status",,"","checkpoint","Vertical reinforcement installed as required with appropriate splice laps & secure"
"checkpoint-status",,"","checkpoint","Openings checked and correct - location, height and width"
"checkpoint-status",,"","checkpoint","Washouts correct/openings covered correctly and wall braced adequately (if required)"
"checkpoint-status",,"","checkpoint","Any additional observations/ inspections attached"
"checkpoint-status",,"","checkpoint","Wall built within tolerance - straight, level and to the correct height (Approval to pour)"
"checkpoint-group",,"","section","Blockwall Pour"
"checkpoint-status",,"","checkpoint","Any remedial work completed/observations closed out and approval given to pour"
"checkpoint-status",,"","checkpoint","Concrete specifications checked and correct - delivery docket(s) photographed"
"checkpoint-status",,"","checkpoint","General photos and any additional observations"
"checkpoint-status",,"","checkpoint","All blocks filled to correct height"
"checkpoint-status",,"","checkpoint","Starter bars in centre of block if applicable"
"checkpoint-status",,"","checkpoint","Trades QA received, attached, reviewed and approved"
"checkpoint-status",,"","checkpoint","Any concrete spillage/splatter cleaned up"
"checkpoint-status",,"","checkpoint","Blockwork wall(s) complete to required specification"

"checklist-sectioned",,"","checklist","Wall Preline","",,,0,"Yes","QA - Wall Preline","e5c68c56-69e8-4cc1-bd7e-2934208ad8c3"
"checkpoint-group",,"","section","Interior Framing"
"checkpoint-status",,"","checkpoint","Reference Drawings ( add numbers and revisions)"
"checkpoint-status",,"","checkpoint","Trades QA received, reviewed, attached and approved"
"checkpoint-status",,"","checkpoint","All framing set out correctly & surveyed in respective area"
"boolean","bdd3b6f4-d1c1-5e64-9cd5-2da98179e308","","tickbox","Spot checks on frames for square",,,
"boolean","950934b2-09e6-5e27-b7da-602eb1251908","","tickbox","Spot checks on frame level",,,
"boolean","b3174d3e-4418-59c0-98b1-f3bd96be7cab","","tickbox","Fixings are correct including seismic requirements",,,
"boolean","56974d6c-e7e4-5a44-877e-bc32098768b1","","tickbox","Service Nogs installed",,,
"checkpoint-status",,"","checkpoint","Any additional photos, comments and observations"
"checkpoint-group",,"","section","Plumbing Walls First Fix"
"checkpoint-status",,"","checkpoint","Trades QA received, reviewed, attached and approved"
"checkpoint-status",,"","checkpoint","Plumbing install First fix complete - checks done based on elevations of current drawings"
"checkpoint-status",,"","checkpoint","Any additional photos, comments and observations"
"checkpoint-status",,"","checkpoint","Council inspection and testing complete and signed off"
"checkpoint-group",,"","section","Fire Protection Walls (Alarms) First Fix"
"checkpoint-status",,"","checkpoint","Trades QA received, reviewed, attached and approved"
"checkpoint-status",,"","checkpoint","First Fix checks with Subcontractor (alarms)"
"checkpoint-status",,"","checkpoint","All required 1st fix testing complete"
"checkpoint-status",,"","checkpoint","Any additional photos, comments and observations"
"checkpoint-group",,"","section","Mechanical Services Wall First Fix"
"checkpoint-status",,"","checkpoint","Trades QA received, reviewed, attached and approved"
"checkpoint-status",,"","checkpoint","First Fix checks with subcontractor"
"checkpoint-status",,"","checkpoint","Any additional photos, comments and observations"
"checkpoint-group",,"","section","Electrical Wall First Fix"
"checkpoint-status",,"","checkpoint","Trades QA received, reviewed, attached and approved"
"checkpoint-status",,"","checkpoint","First Fix checks with Subcontractor"
"checkpoint-status",,"","checkpoint","All required first fix testing complete"
"checkpoint-status",,"","checkpoint","Any additional photos, comments and observations"
"checkpoint-group",,"","section","Data Wall First Fix"
"checkpoint-status",,"","checkpoint","Trades QA received, reviewed, attached and approved"
"checkpoint-status",,"","checkpoint","All required first fix completed"
"checkpoint-status",,"","checkpoint","Any additional photos, comments and observations"
"checkpoint-group",,"","section","Security Wall First Fix"
"checkpoint-status",,"","checkpoint","Trades QA received, reviewed, attached and approved"
"checkpoint-status",,"","checkpoint","All required first fix completed"
"checkpoint-status",,"","checkpoint","Any additional photos, comments and observations"
"checkpoint-group",,"","section","AV Wall First Fix"
"checkpoint-status",,"","checkpoint","Trades QA received, reviewed, attached and approved"
"checkpoint-status",,"","checkpoint","All required first fix completed"
"checkpoint-status",,"","checkpoint","Any additional photos, comments and observations"
"checkpoint-group",,"","section","Insulation/Acoustic"
"checkpoint-status",,"","checkpoint","Trades QA received, reviewed, attached and approved"
"checkpoint-status",,"","checkpoint","Spot checks on correct product"
"checkpoint-status",,"","checkpoint","Spot checks on correct R value"
"checkpoint-status",,"","checkpoint","Fitting Snug"
"checkpoint-status",,"","checkpoint","Any additional photos, comments and observations"
"checkpoint-group",,"","section","Council Sign Off"
"checkpoint-status",,"","checkpoint","Council preline inspection passed"

"checklist-flat",,"","checklist","Council Inspection - ISU Substrate Inspection","",,,1,"Yes","Council Inspection - ISU Substrate Inspection","e631deb3-68f0-4a6c-871e-f3d3e8eef1ee"
"checkpoint-status",,"","checkpoint","Inspection Details: To check the deck, roof or gutter substrate before the membrane is applied"
"text","c0104c55-c094-55ce-b254-64898a6fee17","","textbox","Date of Inspection & Name of inspector",,,
"checkpoint-status",,"","checkpoint","Inspection Outcome"
"checkpoint-status",,"","checkpoint","Council inspection report (attach)"
"checkpoint-status",,"","checkpoint","Any observations/ Failures requiring closeout? (select N/A if none)"
"checkpoint-status",,"","checkpoint","All Relevant Observation Closeout evidence attached below if applicable (Pass once completed)"
"checkpoint-status",,"","checkpoint","Council inspection completed, attached and any relevant observations closed out Note: PASS once all information is attached including Observations/Failed comments with evidence of closeout"

"checklist-flat",,"","checklist","Drypacking and Grouting","",,,0,"Yes","QA - Drypacking and Grouting","e773fb26-e2f6-4355-a989-a9c87c1833f6"
"checkpoint-status",,"","checkpoint","Trades QA received, attached, reviewed and approved"
"checkpoint-status",,"","checkpoint","Preparation / Substrate acceptable"
"checkpoint-status",,"","checkpoint","Installed as per installation requirements"
"checkpoint-status",,"","checkpoint","General photos/comments during install"
"checkpoint-status",,"","checkpoint","Any inspections / observations documented, reviewed and closed out"
"checkpoint-status",,"","checkpoint","All drypacking and grouting completed , reviewed and approved to meet required specifications"

"checklist-sectioned",,"","checklist","Curtain Walls","",,,0,"Yes","QA - Curtain Walls","e8f2620d-e1b7-4c3d-ac32-f1c9ef2dbb45"
"checkpoint-group",,"","section","Pre-construction"
"checkpoint-status",,"","checkpoint","Inspected and accepted the work area and surfaces ready to commence work"
"checkpoint-status",,"","checkpoint","Confirmed site storage requirements, packaging and preservation"
"checkpoint-group",,"","section","Opening Handover"
"checkpoint-status",,"","checkpoint","Visual check of opening is completed"
"checkpoint-status",,"","checkpoint","Steel flat plates or sill have been installed correctly"
"checkpoint-status",,"","checkpoint","Trade inspected and opening handed over"
"checkpoint-group",,"","section","Installation"
"checkpoint-status",,"","checkpoint","Stud welds completed in the area"
"checkpoint-status",,"","checkpoint","Brackets installed and welded off"
"checkpoint-status",,"","checkpoint","Curtain wall panel installed correctly"
"checkpoint-status",,"","checkpoint","150mm depth rockwool fire insulation installed with 33% compression with 50mm LG zed clips at 600mm centers"
"checkpoint-status",,"","checkpoint","Hilti CFS-SP Sil silicone based joint sealant spray min 15mm overlap with 2mm min film thickness"
"checkpoint-status",,"","checkpoint","1.2mm THK continuous galvanised pressing on top of HILTI spray"
"checkpoint-status",,"","checkpoint","Aluminum flashing installed and sealed with silicone"
"checkpoint-group",,"","section","Airtightness"
"checkpoint-status",,"","checkpoint","Top and bottom of all mullions capped and sealed"
"checkpoint-status",,"","checkpoint","Smoke seals are sealed with a light coloured caulk"
"checkpoint-status",,"","checkpoint","Beware of smoke seals near columns where the installers are restricted in applying caulk"
"checkpoint-group",,"","section","Completion"
"checkpoint-status",,"","checkpoint","Removal of temporary fixings, spacers & packers"
"checkpoint-status",,"","checkpoint","Panel cleaned to remove installation marks"
"checkpoint-status",,"","checkpoint","Panel surface are defects free"
"checkpoint-group",,"","section","Final Inspection"
"checkpoint-status",,"","checkpoint","All defects complete and “signed off”"
"checkpoint-status",,"","checkpoint","Issued Façade Maintenance Manuals, service agreements & all warranties and guarantees"
"checkpoint-group",,"","section","Subcontractor Sign Off"
"checkpoint-status",,"","checkpoint","Subcontractor Sign Off"

"checklist-sectioned",,"","checklist","Piling","",,,0,"Yes","QA - Foundations - Piling Checklist","ec6ab73d-8c14-421a-81c3-aea12be1fd00"
"checkpoint-group",,"","section","Pile Construction"
"checkpoint-status",,"","checkpoint","Depth as per Design"
"text","83043416-fd22-5126-a5f7-9bf737800e88","","textbox","If not, note new depth and approval from Engineer",,,
"checkpoint-group",,"","section","Reinforcing"
"checkpoint-status",,"","checkpoint","Reinforcement checked prior to installation"
"checkpoint-status",,"","checkpoint","Cover to reinforcing achieved"
"checkpoint-status",,"","checkpoint","Alignment of cage correct"
"checkpoint-status",,"","checkpoint","RL to top of cage correct"
"checkpoint-group",,"","section","Inspections Completed"
"checkpoint-status",,"","checkpoint","Approved to pour"
"checkpoint-status",,"","checkpoint","Concrete checked on arrival and correct – slump, MPa etc."
"checkpoint-group",,"","section","Post Pour Checks:"
"checkpoint-status",,"","checkpoint","RL & location checked and correct"

"checklist-flat",,"","checklist","Council Inspection - IFG Wall/ Roof Framing","",,,3,"Yes","Council Inspection - IFG Wall/ Roof Framing","efdfc5df-68a1-41b7-bf68-52bb2fa5daf2"
"checkpoint-status",,"","checkpoint","Inspection Details: To check hold down straps, bolts, wall and roof framing members; bracing; tie downs; wall framing; beams and lintels; plywood substrates for membranes including falls and outlets"
"text","615d49e3-3f68-594d-af85-e53eda15e2f6","","textbox","Date of Inspection & Name of inspector",,,
"checkpoint-status",,"","checkpoint","Inspection Outcome"
"checkpoint-status",,"","checkpoint","Council inspection report (attach)"
"checkpoint-status",,"","checkpoint","Any observations/ Failures requiring closeout? (select N/A if none)"
"checkpoint-status",,"","checkpoint","All Relevant Observation Closeout evidence attached below if applicable (Pass once completed)"
"checkpoint-status",,"","checkpoint","Council inspection completed, attached and any relevant observations closed out Note: PASS once all information is attached including Observations/Failed comments with evidence of closeout"
"checkpoint-status",,"","checkpoint","Timber treatment and truss layout certificates required"

"checklist-flat",,"","checklist","Council Inspection - IDT Drainage","",,,4,"Yes","Council Inspection - IDT Drainage","f07fa50f-f4c6-4363-9da1-a08d3ad7c8a6"
"checkpoint-status",,"","checkpoint","Inspection Details: To check that all stormwater and sewer drains have been laid to the correct fall and are under test prior to backfilling trenches"
"text","ff98421b-071a-528f-91cc-b8c1bc53a6bd","","textbox","Date of Inspection & Name of inspector",,,
"checkpoint-status",,"","checkpoint","Council inspection report (attach)"
"checkpoint-status",,"","checkpoint","Any observations/ Failures requiring closeout? (select N/A if none)"
"checkpoint-status",,"","checkpoint","All Relevant Observation Closeout evidence attached below if applicable (Pass once completed)"
"checkpoint-status",,"","checkpoint","Council inspection completed, attached and any relevant observations closed out Note: PASS once all information is attached including Observations/Failed comments with evidence of closeout"
"checkpoint-status",,"","checkpoint","Note: An as-built plan is required at time of inspection"

"checklist-sectioned",,"","checklist","BCO10343425 - Demolition of EBH (baggage handling facility), single-story standalone building. OOG2 Baggage Fitout of 200m2 of existing truck dock undercroft, to be used as an extension to the West Bag Hall (adjacent) internal work - SP1","",,,1,"Yes","BCO10343425 - Demolition of EBH","f0e7f9d2-6a4e-4e48-8091-230894b207fc"
"checkpoint-group",,"","section","Energy Works Certificates"
"checkpoint-status",,"","checkpoint","Energy Works Certificate - Electrical"
"checkpoint-status",,"","checkpoint","Energy Works Certificate - Gas (if not, select N/A)"
"checkpoint-group",,"","section","Structural Elements"
"checkpoint-status",,"","checkpoint","PS4 Construction Review"
"checkpoint-status",,"","checkpoint","Engineer Site Observation Report"
"checkpoint-group",,"","section","PS3 - Fire Protection – Interior Surface Finishes, floor coverings and suspended flexible fabrics."
"checkpoint-status",,"","checkpoint","Attach PS3"
"checkpoint-group",,"","section","PS3 - Passive fire protection systems (if none, select N/A)"
"checkpoint-status",,"","checkpoint","Attach PS3"
"checkpoint-group",,"","section","PS3 - Overall work from Contractor"
"checkpoint-status",,"","checkpoint","Attach PS3"
"checkpoint-group",,"","section","SS1.1 Sprinkler Systems – Certification"
"checkpoint-status",,"","checkpoint","PS3 - automatic sprinkler system from a fire protection contractor confirming compliance with NZS4541:2013"
"checkpoint-status",,"","checkpoint","Accredited Inspection Company’s certification for automatic sprinkler system confirming compliance with NZS4541:2013 (altered, extended or new system)."
"checkpoint-status",,"","checkpoint","Sprinkler System Certifiers (AON) Certificate of Compliance for the automatic sprinkler system confirming compliance with NZS4541:2013 (new or extended system)"
"checkpoint-status",,"","checkpoint","As built plans"
"checkpoint-status",,"","checkpoint","Clear copy of sprinkler block plan"
"checkpoint-status",,"","checkpoint","Equipment manufacture register – if make of system not shown on plans"
"checkpoint-status",,"","checkpoint","Electrical work certificate for any prescribed electrical work"
"checkpoint-group",,"","section","SS2.1 Manual and automatic fire alarms – Certification"
"checkpoint-status",,"","checkpoint","PS3 - Manual / automatic fire alarm from a fire alarm installer confirming compliance with NZS4512:2010"
"checkpoint-status",,"","checkpoint","Accredited Inspection Bodies Certificate of Completion for manual / automatic fire alarm fire alarm confirming compliance with NZS4512:2010 (new system)"
"checkpoint-status",,"","checkpoint","Accredited Inspection Bodies (BFS or Aon Inspections) certification for the alerted manual / automatic fire alarm fire alarm confirming compliance with NZS4512:2010 (altered systems)"
"checkpoint-status",,"","checkpoint","As built plans"
"checkpoint-status",,"","checkpoint","Zone index plan"
"checkpoint-status",,"","checkpoint","Operation and Maintenance manual"
"checkpoint-status",,"","checkpoint","Electrical work certificate for any prescribed electrical work"
"checkpoint-group",,"","section","SS4 Emergency lighting systems – Certification"
"checkpoint-status",,"","checkpoint","PS3 - Emergency Lighting from the electrical contractor confirming compliance with NZBC F6"
"checkpoint-status",,"","checkpoint","Duration test results for each emergency light fitting from the electrical contractor or IQP"
"checkpoint-status",,"","checkpoint","Lux test results for the emergency lighting system (if required by design)"
"checkpoint-status",,"","checkpoint","As Built plan including model of systems installed"
"checkpoint-status",,"","checkpoint","Electrical work certificate for any prescribed electrical work"
"checkpoint-group",,"","section","SS13.1 Mechanical smoke control systems – Certification"
"checkpoint-status",,"","checkpoint","PS3 - Mechanical smoke control system"
"checkpoint-status",,"","checkpoint","PS4 - Mechanical smoke control system (Mechanical Engineer)"
"checkpoint-status",,"","checkpoint","Copies of test/commissioning results verifying measured airflow rates meets design (including interface test with fire alarm system)"
"checkpoint-status",,"","checkpoint","As built plans"
"checkpoint-status",,"","checkpoint","Equipment schedules noting make of systems installed"
"checkpoint-status",,"","checkpoint","Operation and Maintenance manual"

"checklist-flat",,"","checklist","Retaining Wall Checklist","",,,0,"Yes","QA - Retaining Wall Checklist","f777ed2e-171f-4fef-86bc-5d504a6ba30e"
"checkpoint-status",,"","checkpoint","Retaining wall(s) Set Out/heights confirmed"
"checkpoint-status",,"","checkpoint","Area prepared - Excavation depths and location of wall checked and correct"
"checkpoint-status",,"","checkpoint","General install photos and observations attached"
"checkpoint-status",,"","checkpoint","Correct materials used and installed using appropriate methodology"
"checkpoint-status",,"","checkpoint","All relevant services / waterproofing elements completed, checked and approved prior to backfill"
"checkpoint-status",,"","checkpoint","Backfill completed - correct materials and compaction methodology used - specified compaction achieved"
"checkpoint-status",,"","checkpoint","Trades QA received, attached, reviewed and approved"
"checkpoint-status",,"","checkpoint","Additional observations/ inspections attached and all remedial items closed out"
"checkpoint-status",,"","checkpoint","Retaining wall completed to required specifications"

"checklist-flat",,"","checklist","Timber Framing","",,,0,"Yes","QA - Timber Framing","fd45565c-33d1-4349-aa78-7f41cd32480f"
"checkpoint-status",,"","checkpoint","Dimensions / locations checked and accurate"
"checkpoint-status",,"","checkpoint","All frames are square"
"checkpoint-status",,"","checkpoint","Frames are straight and level"
"checkpoint-status",,"","checkpoint","Fixings are correct including seismic requirements"
"checkpoint-status",,"","checkpoint","Any additional photos, comments and observations"
"checkpoint-status",,"","checkpoint","Trades QA received, reviewed, attached and approved"
"checkpoint-status",,"","checkpoint","All framing completed correctly within tolerance in respective area"
"checkpoint-status",,"","checkpoint","Signed Off"

"checklist-flat",,"","checklist","Council Inspection - IPP Plumbing P/L - Preline plumbing","",,,4,"Yes","Council Inspection - IPP Plumbing P/L - Preline plumbing","fdb333bc-9c02-4d95-9f3a-bca7dc63e0f9"
"checkpoint-status",,"","checkpoint","Inspection Details: To check pipe work is under test (water supply and soil wastes)"
"text","63d1039e-f043-592c-98b5-841a77026e72","","textbox","Date of Inspection & Name of inspector",,,
"checkpoint-status",,"","checkpoint","Council inspection report (attach)"
"checkpoint-status",,"","checkpoint","Any observations/ Failures requiring closeout? (select N/A if none)"
"checkpoint-status",,"","checkpoint","All Relevant Observation Closeout evidence attached below if applicable (Pass once completed)"
"checkpoint-status",,"","checkpoint","Council inspection completed, attached and any relevant observations closed out Note: PASS once all information is attached including Observations/Failed comments with evidence of closeout"
"checkpoint-status",,"","checkpoint","Note: This inspection may be included with the preline building inspection"

"checklist-flat",,"","checklist","Service Penetrations to Rigid Air Barriers","",,,0,"Yes","QA - Service Penetrations to Rigid Air Barriers","fe7d6fbc-ef07-4424-844f-3d80f1ae14d8"
"checkpoint-status",,"","checkpoint","All pipes should be sealed with caulk, a gap between the pipe and air barrier should be between 3-8mm"
"checkpoint-status",,"","checkpoint","Ducts are sealed with caulking and backing rods for gaps under 35mm. Gaps over 35mm is sealed with rubber gaskets or flashing with caulking. All seals on duct penetrations require photographic evident particularly the top seal and be signed off."
"checkpoint-status",,"","checkpoint","Cables penetrations are sealed with caulking."
"boolean","87abdc09-8552-5e07-bd05-fe63142995de","","tickbox","Caulking material should be applied between cables before packing the bundle, a minimum of 2 cable ties should be tightly applied between 5 and 10mm apart to minimise movement where the caulking material is applied.",,,
"boolean","79ffb6bb-dba7-5a80-8e59-dbfd27ed0e3a","","tickbox","Bundling of cables should be limited to 8 cables.",,,
"boolean","e62ceb9f-2388-5854-a7fc-d9ead3b306bb","","tickbox","Spacer (backing rods) with a minimum size of 5mm should be placed between cable bundles.",,,
"checkpoint-status",,"","checkpoint","Cable trays are expected to be treated similar to fire/smoke penetration which the red highlighting the caulking material."

"checklist-flat",,"","checklist","Council Inspection - IPL Postline (Bracing) Inspection","",,,0,"Yes","Council Inspection - IPL Postline (Bracing) Inspection","ff416ee8-30d9-49bc-83c8-08d0f7a58e14"
"checkpoint-status",,"","checkpoint","Inspection Details: To check the nailing of all bracing elements nailed prior to installation of architraves, skirtings and cornices prior to any stopping"
"text","753fa876-6468-5eea-812c-d59f64747a47","","textbox","Date of Inspection & Name of inspector",,,
"checkpoint-status",,"","checkpoint","Inspection Outcome"
"checkpoint-status",,"","checkpoint","Council inspection report (attach)"
"checkpoint-status",,"","checkpoint","Any observations/ Failures requiring closeout? (select N/A if none)"
"checkpoint-status",,"","checkpoint","All Relevant Observation Closeout evidence attached below if applicable (Pass once completed)"
"checkpoint-status",,"","checkpoint","Council inspection completed, attached and any relevant observations closed out Note: PASS once all information is attached including Observations/Failed comments with evidence of closeout"
"checkpoint-status",,"","checkpoint","Note: includes nailing of diaphragm ceilings and floors"

"checklist-sectioned",,"","checklist","Ceiling Preline incl High Level Services","",,,0,"Yes","QA - Ceiling Preline incl High Level Services","ff9003f0-3cff-42cd-87ba-98d85938cd5b"
"checkpoint-group",,"","section","QA - Plumbing First Fix"
"checkpoint-status",,"","checkpoint","Reference Drawings ( add numbers and revisions)"
"checkpoint-status",,"","checkpoint","Trades QA received, reviewed, attached and approved"
"checkpoint-status",,"","checkpoint","Consultants Inspection sign off"
"checkpoint-status",,"","checkpoint","Any additional photos, comments and observations"
"checkpoint-status",,"","checkpoint","Council inspection and testing complete and signed off"
"checkpoint-status",,"","checkpoint","Engineer has signed off Seismic restraints"
"checkpoint-status",,"","checkpoint","Witness testing of pipework by Hawkins"
"checkpoint-group",,"","section","Fire Protection (Sprinklers & Alarms) First Fix"
"checkpoint-status",,"","checkpoint","Reference Drawings ( add numbers and revisions)"
"checkpoint-status",,"","checkpoint","Trades QA received, reviewed, attached and approved"
"checkpoint-status",,"","checkpoint","Consultant inspection sign off"
"checkpoint-status",,"","checkpoint","Any additional photos, comments and observations"
"checkpoint-status",,"","checkpoint","Engineer has signed off Seismic restraints"
"checkpoint-status",,"","checkpoint","Witness testing of pipework by Hawkins"
"checkpoint-group",,"","section","Mechanical Services First Fix"
"checkpoint-status",,"","checkpoint","Reference Drawings ( add numbers and revisions)"
"checkpoint-status",,"","checkpoint","Trades QA received, reviewed, attached and approved"
"checkpoint-status",,"","checkpoint","Any additional photos, comments and observations"
"checkpoint-status",,"","checkpoint","All required testing complete"
"checkpoint-status",,"","checkpoint","Engineer has signed off Seismic restraints"
"checkpoint-status",,"","checkpoint","Consultant sign off"
"checkpoint-status",,"","checkpoint","All ends covered/protected to reduce debris"
"checkpoint-status",,"","checkpoint","Witness testing of compliance check by Hawkins"
"checkpoint-group",,"","section","Electrical First Fix"
"checkpoint-status",,"","checkpoint","Trades QA received, reviewed, attached and approved"
"checkpoint-status",,"","checkpoint","All required testing complete"
"checkpoint-status",,"","checkpoint","Any additional photos, comments and observations"
"checkpoint-status",,"","checkpoint","Consultant sign off"
"checkpoint-status",,"","checkpoint","Engineer has signed off Seismic restraints"
"checkpoint-status",,"","checkpoint","Witness testing of compliance check by Hawkins"
"checkpoint-group",,"","section","Data First Fix"
"checkpoint-status",,"","checkpoint","Trades QA received, reviewed, attached and approved"
"checkpoint-status",,"","checkpoint","All required testing complete"
"checkpoint-status",,"","checkpoint","Any additional photos, comments and observations"
"checkpoint-status",,"","checkpoint","Consultant sign off"
"checkpoint-status",,"","checkpoint","Engineer has signed off Seismic restraints"
"checkpoint-status",,"","checkpoint","Witness testing of compliance check by Hawkins"
"checkpoint-group",,"","section","Security First Fix"
"checkpoint-status",,"","checkpoint","Trades QA received, reviewed, attached and approved"
"checkpoint-status",,"","checkpoint","All required testing complete"
"checkpoint-status",,"","checkpoint","Any additional photos, comments and observations"
"checkpoint-status",,"","checkpoint","Consultant sign off"
"checkpoint-status",,"","checkpoint","Engineer has signed off Seismic restraints"
"checkpoint-status",,"","checkpoint","Witness testing of compliance check by Hawkins"
"checkpoint-group",,"","section","Rondo Ceiling Grid Installation"
"checkpoint-status",,"","checkpoint","Service penetrations mark out completed, checked and acceptable (clashes considered)"
"checkpoint-status",,"","checkpoint","Ceiling Grid ( pass when all below ticked)"
"boolean","3ef236d5-85e4-518b-b5d4-e3f54d126e5e","","tickbox","Ceiling height correct",,,
"boolean","adb4afd2-ba03-56b4-9ac1-b5f8d388ff3d","","tickbox","Appropriate fixings used and installed as per required specification",,,
"boolean","37fe83ad-3853-5bfa-adc8-2c7ab15d93a2","","tickbox","Appropriate spacings for respective grid elements",,,
"boolean","774445ae-9daf-54c5-94e0-c7199de0aa2b","","tickbox","Perimeter channel/angle installed correctly",,,
"boolean","623c8c57-a300-5573-9caf-f2a25d3252f0","","tickbox","All strong backs installed where required to meet specification",,,
"checkpoint-status",,"","checkpoint","Trades QA received, reviewed, attached and approved"
"checkpoint-status",,"","checkpoint","Any additional photos, comments and observations"
"checkpoint-group",,"","section","Insulation Prior to Lining"
"checkpoint-status",,"","checkpoint","Trades QA received, reviewed, attached and approved"
"checkpoint-status",,"","checkpoint","Insulation pre lining works completed, checked & approved"
"boolean","6e64cf53-7496-5715-855d-39261de1c89d","","tickbox","Correct product & R value as per specification",,,
"boolean","14ce4ba4-b5a6-577a-b3e8-05646f8c22f9","","tickbox","Fitting Snug",,,
"checkpoint-status",,"","checkpoint","Any additional photos, comments and observations"
"checkpoint-group",,"","section","Council Sign Off"
"checkpoint-status",,"","checkpoint","Council preline inspection passed"

"checklist-flat",,"","checklist","","",,,97,"No",,"12982f2003f51b5e52e6056b6256a68024fd2bfa603f3561269c356dd2fe4a37"
"checkpoint-status",,"","checkpoint","Trades QA approved and attached if applicable"
"checkpoint-status",,"","checkpoint","On site inspecion of works if applicable"
"checkpoint-status",,"","checkpoint","General photos and observations if applicable"

"checklist-flat",,"","checklist","","",,,4,"No",,"dd5a7e1888ed9609e8e8608bf932a2032e26aede93577573b717025108ff556e"
"checkpoint-status",,"","checkpoint","Weather Conditions Recorded"
"select","654ffca0-6f26-5504-bc5f-8ada1daf6a1e","","dropdown","Weather Conditions AM","Fine, Overcast, Wet",,
"select","8b5c89c1-da37-59ef-acc6-bab99dc55cc8","","dropdown","Weather Conditions PM","Fine, Overcast, Wet",,
"label","825105ef-f293-5cca-a623-9c22e261ccb6","","note","Photos / evidence attached as relevant",,,
"checkpoint-status",,"","checkpoint","General progress photos - minimum of 3 attached"
"boolean","a6c28b00-a708-5b33-8cc8-d1081f7b66ca","","tickbox","Photo of ""Daily Work Zones"" attached",,,
"text","bcf14414-381b-57c1-85ed-0545cdd57c5c","","textbox","General progress on site today",,,
"text","b8723270-a49e-5858-9e90-39441c8dd67b","","textbox","Any obstructions encountered (attach relevant photos)",,,
"checkpoint-status",,"","checkpoint","Visitors to Site (Record name, company & purpose)"
"label","3e8662a5-5dc8-50bb-950a-4fc1471b3f04","","note","All visitors recorded below then ""PASS""",,,
"button","36c8e53b-5448-5c0a-b6c8-f894e5ce0fdb","","button","Structural Site Visit","Yes, No",,
"text","6d9e6993-ef54-5d4e-a0a3-8962e105d218","","textbox","Structural Visit Description",,,
"button","ad288a5c-e5ee-57fb-962e-a39169297ec3","","button","Architectural Site Visit","Yes, No",,
"text","2bc70383-d95c-5db8-bf19-8fd9db31feff","","textbox","Architectural Visit Description",,,
"button","c71891e1-1f83-54cf-b692-3dfc059a9f2c","","button","Geotech Site Visit","Yes, No",,
"text","32a76264-eb50-5c1a-8814-8a0055364ab5","","textbox","Geotech Visit Description",,,
"button","8df40d44-cbd2-5829-8f22-a4d6f01e0307","","button","Services Site Visit","Yes, No",,
"text","cfdc6e03-7c59-55c7-8b97-6127d1815acb","","textbox","Services Visit Description",,,
"button","e731b89a-1326-5b89-8567-4f962876823e","","button","Asbestos Site Visit","Yes, No",,
"text","8e3ec7cf-5d70-51e0-87c1-48132074f197","","textbox","Asbestos Visit Description",,,
"button","609b22af-9f78-52b7-9877-3dcd7debdd41","","button","Other - Heritage, Acoustic, Arborist, Archaeologist Site Visit","Yes, No",,
"text","755fe8d7-ecca-5a8e-a2a6-f1f6491aa866","","textbox","Other - 1 Visit Description",,,
"button","8a21546e-1fe9-57d6-8de5-f5b3c3a5d44f","","button","Other - Council, Resource Consent, Auckland Transport Site Visit","Yes, No",,
"text","6129b3bf-cd02-5dca-8014-3f89c2d4161d","","textbox","Other 2 - Visit Description",,,
"checkpoint-status",,"","checkpoint","Hawkins Site Management - Man Power Recorded"
"label","e4e7c176-c0a6-5c84-a563-6b2b2fce3e0d","","note","Confirm the number of people present on site from each of the below categories then ""PASS""",,,
"text","76223d2f-4648-5ca6-a1c9-bc14dd484049","","textbox","Hawkins PM's",,,
"text","c8a0a8be-3843-520b-a755-8751e6dabb76","","textbox","Hawkins SM's",,,
"text","3a0bc88a-e4f5-5274-a965-c0a66e1f74e2","","textbox","Hawkins Foreman's",,,
"text","9218e59e-e9c7-5329-9ba0-7b266b168462","","textbox","Hawkins Engineers",,,
"text","ff317eb8-3fc7-59c0-9187-9bb3d46be8b7","","textbox","Hawkins Service Engineers",,,
"text","a4ca1d09-a0d4-599f-8ecc-e204979a4827","","textbox","Hawkins Cadet",,,
"text","3be64419-6b60-5c56-9730-e6f6bbbc46a3","","textbox","Hawkins Carpentry",,,
"text","2f886781-4ed5-5a68-8a74-2bfb4d091bc2","","textbox","Hawkins Gateman",,,
"text","af79e474-6159-5583-839e-1c4d847593a5","","textbox","Hawkins Labourer",,,
"text","e2125d3c-a741-5080-af70-ccffa3cac4f8","","textbox","Hawkins Other",,,
"checkpoint-status",,"","checkpoint","Subcontractors on site - Recorded & Photographed"
"label","f824c94d-9ffa-569c-a458-d747ec5d7561","","note","Photo of manpower report attached then ""PASS""",,,
"checkpoint-status",,"","checkpoint","Hawkins Hired Labour Recorded"
"text","74da03eb-b8b0-5e8b-a0f8-d1f44c47add9","","textbox","Detail & Description of Hired Labour - Recorded then ""PASS"" or ""N/A""",,,
"label","19a9b285-97bf-5c69-892c-c9f9cccddb3e","","note","Man Power (Include Labourer & Company Names) & work completed",,,
"checkpoint-status",,"","checkpoint","Health & Safety"
"label","0da58c35-0227-565c-b5bd-c292256b5093","","note","Any relevant information recorded then ""PASS""",,,
"boolean","72cb588e-d31a-5787-998a-a00a94e8cb3d","","tickbox","Critical Risks - Photo Uploaded",,,
"button","1db4d096-bdc4-5fa2-bdd2-b4bdb8058309","","button","Accidents / Incidents","Yes (Photo & details attached below), N/A",,
"button","e7390b61-5a80-5ade-aea7-8c216aca7196","","button","Environmental","Yes (Photo & details attached below), N/A",,
"checkpoint-status",,"","checkpoint","Delays - Recorded and ""PASS"" or marked as N/A"
"label","f63b80c3-e952-5957-96f8-0b210216f440","","note","Any ""Delays"" or potential delays are recorded then select ""PASS""",,,
"label","5f8f8d91-ae52-5494-bc4c-aa996ec4eca0","","note","If there were no delays select ""N/A""",,,
"checkpoint-status",,"","checkpoint","Contra Charges / Non Conformance - Recorded and ""PASS"" or marked as N/A"
"label","7e5acb2d-8ef5-52cf-94db-e4824a825025","","note","Any ""Contra Charges / Non Conformance"" recorded then select ""PASS""",,,
"label","e2bed873-2c95-5a5b-af3c-77fb40757dae","","note","If there were no ""Contra Charges / Non Conformance"" select ""N/A""",,,
"checkpoint-status",,"","checkpoint","Deliveries - Recorded & Photographed"
"checkpoint-status",,"","checkpoint","Hired Plant Recorded"
"label","f629eac7-db30-5f5a-a2c6-0bdb56b4cd33","","note","Select ""N/A"" if there is none on site or detail below then ""PASS"" if there is hired plant on site",,,
"text","a251263b-187c-57ed-b444-d5b99d675e74","","textbox","Description of hired plant on site",,,

"checklist-flat",,"","checklist","","",,,1,"No",,"e192880bbb2fe9e7e49cdb61abfcb2f202d2a95fe0d96aee39bc1ecfc475c01c"
"checkpoint-status",,"","checkpoint","Weather Conditions Recorded"
"select","654ffca0-6f26-5504-bc5f-8ada1daf6a1e","","dropdown","Weather Conditions AM","Fine, Overcast, Wet",,
"select","8b5c89c1-da37-59ef-acc6-bab99dc55cc8","","dropdown","Weather Conditions PM","Fine, Overcast, Wet",,
"label","825105ef-f293-5cca-a623-9c22e261ccb6","","note","Photos / evidence attached as relevant",,,
"checkpoint-status",,"","checkpoint","General progress photos - minimum of 3 attached"
"boolean","a6c28b00-a708-5b33-8cc8-d1081f7b66ca","","tickbox","Photo of ""Daily Work Zones"" attached",,,
"text","bcf14414-381b-57c1-85ed-0545cdd57c5c","","textbox","General progress on site today",,,
"text","b8723270-a49e-5858-9e90-39441c8dd67b","","textbox","Any obstructions encountered (attach relevant photos)",,,
"checkpoint-status",,"","checkpoint","Visitors to Site"
"label","3e8662a5-5dc8-50bb-950a-4fc1471b3f04","","note","Record name, company & purpose, All visitors recorded below then ""PASS""",,,
"checkpoint-status",,"","checkpoint","Hawkins Site Management - Man Power Recorded"
"label","e4e7c176-c0a6-5c84-a563-6b2b2fce3e0d","","note","Confirm the number of people present on site from each of the below categories then ""PASS""",,,
"text","76223d2f-4648-5ca6-a1c9-bc14dd484049","","textbox","Hawkins PM's",,,
"text","c8a0a8be-3843-520b-a755-8751e6dabb76","","textbox","Hawkins SM's",,,
"text","3a0bc88a-e4f5-5274-a965-c0a66e1f74e2","","textbox","Hawkins Foreman's",,,
"text","9218e59e-e9c7-5329-9ba0-7b266b168462","","textbox","Hawkins Engineers",,,
"text","ff317eb8-3fc7-59c0-9187-9bb3d46be8b7","","textbox","Hawkins Service Engineers",,,
"text","a4ca1d09-a0d4-599f-8ecc-e204979a4827","","textbox","Hawkins Cadet",,,
"text","3be64419-6b60-5c56-9730-e6f6bbbc46a3","","textbox","Hawkins Carpentry",,,
"text","2f886781-4ed5-5a68-8a74-2bfb4d091bc2","","textbox","Hawkins Gateman",,,
"text","af79e474-6159-5583-839e-1c4d847593a5","","textbox","Hawkins Labourer",,,
"text","e2125d3c-a741-5080-af70-ccffa3cac4f8","","textbox","Hawkins Other",,,
"checkpoint-status",,"","checkpoint","Subcontractors on site - Recorded & Photographed"
"label","f824c94d-9ffa-569c-a458-d747ec5d7561","","note","Photo of manpower report attached then ""PASS""",,,
"checkpoint-status",,"","checkpoint","Hawkins Hired Labour Recorded"
"text","74da03eb-b8b0-5e8b-a0f8-d1f44c47add9","","textbox","Detail & Description of Hired Labour - Recorded then ""PASS"" or ""N/A""",,,
"label","19a9b285-97bf-5c69-892c-c9f9cccddb3e","","note","Man Power (Include Labourer & Company Names) & work completed",,,
"checkpoint-status",,"","checkpoint","Health & Safety"
"label","0da58c35-0227-565c-b5bd-c292256b5093","","note","Any relevant information recorded then ""PASS""",,,
"boolean","72cb588e-d31a-5787-998a-a00a94e8cb3d","","tickbox","Critical Risks - Photo Uploaded",,,
"button","1db4d096-bdc4-5fa2-bdd2-b4bdb8058309","","button","Accidents / Incidents","Yes (Photo & details attached below), N/A",,
"button","e7390b61-5a80-5ade-aea7-8c216aca7196","","button","Environmental","Yes (Photo & details attached below), N/A",,
"checkpoint-status",,"","checkpoint","Delays - Recorded and ""PASS"" or marked as N/A"
"label","f63b80c3-e952-5957-96f8-0b210216f440","","note","Any ""Delays"" or potential delays are recorded then select ""PASS""",,,
"label","5f8f8d91-ae52-5494-bc4c-aa996ec4eca0","","note","If there were no delays select ""N/A""",,,
"checkpoint-status",,"","checkpoint","Contra Charges / Non Conformance - Recorded and ""PASS"" or marked as N/A"
"label","7e5acb2d-8ef5-52cf-94db-e4824a825025","","note","Any ""Contra Charges / Non Conformance"" recorded then select ""PASS""",,,
"label","e2bed873-2c95-5a5b-af3c-77fb40757dae","","note","If there were no ""Contra Charges / Non Conformance"" select ""N/A""",,,
"checkpoint-status",,"","checkpoint","Deliveries - Recorded & Photographed"
"checkpoint-status",,"","checkpoint","Hired Plant Recorded"
"label","f629eac7-db30-5f5a-a2c6-0bdb56b4cd33","","note","Select ""N/A"" if there is none on site or detail below then ""PASS"" if there is hired plant on site",,,
"text","a251263b-187c-57ed-b444-d5b99d675e74","","textbox","Description of hired plant on site",,,

"checklist-flat",,"","checklist","","",,,26,"No",,"c3bb337a2df2bfd1a50ddc404fa36b161ed1ddbe4a410cb564f345d98346d4c7"
"checkpoint-status",,"","checkpoint","Weather Conditions Recorded"
"select","654ffca0-6f26-5504-bc5f-8ada1daf6a1e","","dropdown","Weather Conditions AM","Fine, Overcast, Wet",,
"select","8b5c89c1-da37-59ef-acc6-bab99dc55cc8","","dropdown","Weather Conditions PM","Fine, Overcast, Wet",,
"label","825105ef-f293-5cca-a623-9c22e261ccb6","","note","Photos / evidence attached as relevant",,,
"checkpoint-status",,"","checkpoint","General progress photos - minimum of 3 attached"
"boolean","a6c28b00-a708-5b33-8cc8-d1081f7b66ca","","tickbox","Photo of ""Daily Work Zones"" attached",,,
"text","bcf14414-381b-57c1-85ed-0545cdd57c5c","","textbox","General progress on site today",,,
"text","b8723270-a49e-5858-9e90-39441c8dd67b","","textbox","Any obstructions encountered (attach relevant photos)",,,
"checkpoint-status",,"","checkpoint","Visitors to Site"
"label","3e8662a5-5dc8-50bb-950a-4fc1471b3f04","","note","Record name, company & purpose, All visitors recorded below then ""PASS""",,,
"checkpoint-status",,"","checkpoint","Hawkins Site Management - Man Power Recorded"
"label","e4e7c176-c0a6-5c84-a563-6b2b2fce3e0d","","note","Confirm the number of people present on site from each of the below categories then ""PASS""",,,
"text","76223d2f-4648-5ca6-a1c9-bc14dd484049","","textbox","Description",,,
"checkpoint-status",,"","checkpoint","Subcontractors on site - Recorded & Photographed"
"label","f824c94d-9ffa-569c-a458-d747ec5d7561","","note","Photo of manpower report attached then ""PASS""",,,
"text","9063f62e-f37c-4233-9c13-80d49eb121bc","","textbox","Description",,,
"checkpoint-status",,"","checkpoint","Hawkins Hired Labour Recorded"
"text","74da03eb-b8b0-5e8b-a0f8-d1f44c47add9","","textbox","Detail & Description of Hired Labour - Recorded then ""PASS"" or ""N/A""",,,
"label","19a9b285-97bf-5c69-892c-c9f9cccddb3e","","note","Man Power (Include Labourer & Company Names) & work completed",,,
"checkpoint-status",,"","checkpoint","Health & Safety"
"label","0da58c35-0227-565c-b5bd-c292256b5093","","note","Any relevant information recorded then ""PASS""",,,
"boolean","72cb588e-d31a-5787-998a-a00a94e8cb3d","","tickbox","Critical Risks - Photo Uploaded",,,
"button","1db4d096-bdc4-5fa2-bdd2-b4bdb8058309","","button","Accidents / Incidents","Yes (Photo & details attached below), N/A",,
"button","e7390b61-5a80-5ade-aea7-8c216aca7196","","button","Environmental","Yes (Photo & details attached below), N/A",,
"checkpoint-status",,"","checkpoint","Delays - Recorded and ""PASS"" or marked as N/A"
"label","f63b80c3-e952-5957-96f8-0b210216f440","","note","Any ""Delays"" or potential delays are recorded then select ""PASS""",,,
"label","5f8f8d91-ae52-5494-bc4c-aa996ec4eca0","","note","If there were no delays select ""N/A""",,,
"checkpoint-status",,"","checkpoint","Contra Charges / Non Conformance - Recorded and ""PASS"" or marked as N/A"
"label","7e5acb2d-8ef5-52cf-94db-e4824a825025","","note","Any ""Contra Charges / Non Conformance"" recorded then select ""PASS""",,,
"label","e2bed873-2c95-5a5b-af3c-77fb40757dae","","note","If there were no ""Contra Charges / Non Conformance"" select ""N/A""",,,
"checkpoint-status",,"","checkpoint","Deliveries - Recorded & Photographed"
"checkpoint-status",,"","checkpoint","Hired Plant Recorded"
"label","f629eac7-db30-5f5a-a2c6-0bdb56b4cd33","","note","Select ""N/A"" if there is none on site or detail below then ""PASS"" if there is hired plant on site",,,
"text","a251263b-187c-57ed-b444-d5b99d675e74","","textbox","Description of hired plant on site",,,

"checklist-flat",,"","checklist","","",,,3,"No",,"95931c5f143ed27502386c733d2b666796a39504729da744725a79b70493f048"
"checkpoint-status",,"","checkpoint","Weather Conditions Recorded"
"select","d89daad5-85eb-5bfb-b667-ace995429130","","dropdown","Weather Conditions AM","Fine, Overcast, Wet",,
"select","95e42a00-55cd-5a5b-9790-c59a2eb23d6a","","dropdown","Weather Conditions PM","Fine, Overcast, Wet",,
"label","9a23ce96-3570-5286-b77e-28432ea8458c","","note","Photos / evidence attached as relevant",,,
"checkpoint-status",,"","checkpoint","General progress photos - minimum of 3 attached"
"boolean","f03b2f1a-a037-54e3-95c1-6b2192c0f91e","","tickbox","Photo of ""Daily Work Zones"" attached",,,
"text","c7fe062b-7cdf-58f2-b8eb-334f4de75c00","","textbox","General progress on site today",,,
"text","44a16b24-0ce1-5925-a3ef-3b2e6dee97f8","","textbox","Any obstructions encountered (attach relevant photos)",,,
"checkpoint-status",,"","checkpoint","Visitors to Site"
"label","f2f43272-ee52-523e-8239-b41e6c998a96","","note","Record name, company & purpose, All visitors recorded below then ""PASS""",,,
"text","6ddbe7b6-e5ed-58d7-86dc-3937a5a0eac6","","textbox","SP2 - EBH South",,,
"boolean","31afb6da-7a13-597b-8f6e-e74ab6043a38","","tickbox","Completed",,,
"text","511f2b7f-2546-59f0-bd52-31a535fd5e28","","textbox","SP2 - EBH South Level 1 Retail area",,,
"boolean","500ca196-7e64-5061-807d-bf940348e591","","tickbox","Completed",,,
"text","f0ff068a-ceda-55b1-84f4-1a7fc144522e","","textbox","SP2 - EBH South Level 2 Lounge Extension & Fire Egress Stairs",,,
"boolean","687af5e9-7b2f-5a6c-a84d-fe2c119eb845","","tickbox","Completed",,,
"text","a6613da0-8788-50c3-8fa9-1ed6e233283c","","textbox","SP3 – PC69",,,
"boolean","be58f7ca-420d-55be-a101-c6df4e3f8adc","","tickbox","Completed",,,
"checkpoint-status",,"","checkpoint","Hawkins Site Management - Man Power Recorded"
"label","bf9583ac-c079-5a41-b516-aa1261beb91c","","note","Confirm the number of people present on site from each of the below categories then ""PASS""",,,
"text","7f0b458c-94db-549b-be58-dc04fcce69dd","","textbox","SP2 - EBH South",,,
"boolean","fd9c4d9b-60e0-5f65-be6b-17bec5448da9","","tickbox","Completed",,,
"text","1bbd3c11-2608-5368-ab8c-9d09d407f5f5","","textbox","SP2 - EBH South Level 1 Retail area",,,
"boolean","40ec3322-9e3e-58ab-8694-ebcb4a92ff39","","tickbox","Completed",,,
"text","e3ec7b47-35c9-5e67-b94b-48c500dd5e80","","textbox","SP2 - EBH South Level 2 Lounge Extension & Fire Egress Stairs",,,
"boolean","eec05eb2-5811-5243-b0eb-9874c366cdc6","","tickbox","Completed",,,
"text","ed7c194d-a3bb-5d04-bb8e-0800843f9aa6","","textbox","SP3 – PC69",,,
"boolean","6619c3bc-7acb-5f37-b19b-ce8edf9d269c","","tickbox","Completed",,,
"checkpoint-status",,"","checkpoint","Subcontractors on site - Recorded & Photographed"
"label","4202eb21-59f2-5e66-acbf-ce61956c3c0a","","note","Photo of manpower report attached then ""PASS""",,,
"text","7273cb86-3f64-5fa9-983d-91127e94d63a","","textbox","SP2 - EBH South",,,
"boolean","f126a015-2e51-57eb-bf46-5d45a626f57f","","tickbox","Completed",,,
"text","c464da7c-a4f7-5c24-87ab-ffd7e33d8643","","textbox","SP2 - EBH South Level 1 Retail area",,,
"boolean","c4d8d54f-9323-5e6b-9648-d354367b4124","","tickbox","Completed",,,
"text","2c7c05f2-cc5b-5e42-a803-b7d638bfe26e","","textbox","SP2 - EBH South Level 2 Lounge Extension & Fire Egress Stairs",,,
"boolean","52627d83-0272-5ffe-89ce-58d9cd810b06","","tickbox","Completed",,,
"text","3eb1b27d-3db9-526d-9f94-5587401dd954","","textbox","SP3 – PC69",,,
"boolean","4bc48c98-a5b4-5268-87b0-e390b6c4a352","","tickbox","Completed",,,
"checkpoint-status",,"","checkpoint","Hawkins Hired Labour Recorded"
"text","df9ecd96-ed29-58ba-b167-b25852359519","","textbox","Detail & Description of Hired Labour - Recorded then ""PASS"" or ""N/A""",,,
"label","c7e6b1b4-c7ee-5174-86da-81699dd980dc","","note","Man Power (Include Labourer & Company Names) & work completed",,,
"text","06f6f11d-ebc8-57eb-a48e-6e5182ad45d9","","textbox","SP2 - EBH South",,,
"boolean","369307dc-61d6-5848-8069-49a5790ca739","","tickbox","Completed",,,
"text","de75d930-43c6-558d-8c4d-a3fbf88eef3f","","textbox","SP2 - EBH South Level 1 Retail area",,,
"boolean","d1914051-d84c-546a-abf4-d9431840610d","","tickbox","Completed",,,
"text","50b5a2f0-d2e5-5ad0-843f-a93df3cdbfe4","","textbox","SP2 - EBH South Level 2 Lounge Extension & Fire Egress Stairs",,,
"boolean","e30449f1-0b79-52c6-b1ab-1b458a7afcff","","tickbox","Completed",,,
"text","4f67844d-f6be-57c1-a256-a813e4268788","","textbox","SP3 – PC69",,,
"boolean","ad488e3b-f37a-5975-93e0-d7cdc367ed5b","","tickbox","Completed",,,
"checkpoint-status",,"","checkpoint","Health & Safety"
"label","c283d40e-bcb5-5a47-ad39-bd44bd8d8ec1","","note","Any relevant information recorded then ""PASS""",,,
"boolean","7b299b71-94a9-5125-a4d5-af9d63632034","","tickbox","Critical Risks - Photo Uploaded",,,
"button","f225f43d-01e0-59c7-9c86-b187ace87c3a","","button","Accidents / Incidents","Yes (Photo & details attached below), N/A",,
"text","e280a819-dfbd-562f-96e7-db0efcbb837d","","textbox","SP2 - EBH South",,,
"boolean","708f7c60-aeb6-5388-8f40-0ba2b35399e2","","tickbox","Completed",,,
"text","abc134b5-0bc6-53fe-958e-ad5b56d2bc76","","textbox","SP2 - EBH South Level 1 Retail area",,,
"boolean","0f577068-e3b6-5d3b-87d5-afafc0f4bee6","","tickbox","Completed",,,
"text","9d76c609-d69a-5d2f-a9c3-2c243844f854","","textbox","SP2 - EBH South Level 2 Lounge Extension & Fire Egress Stairs",,,
"boolean","54540813-84b0-57c0-b6c8-99c7aa5213b2","","tickbox","Completed",,,
"text","4904ab2e-c852-5b88-8c0c-1eb51fd359cd","","textbox","SP3 – PC69",,,
"boolean","b09bf22a-cc4f-54c7-8429-3d0d5015c799","","tickbox","Completed",,,
"checkpoint-status",,"","checkpoint","Delays - Recorded and ""PASS"" or marked as N/A"
"label","9d1c3d2a-0118-5bc7-addf-4b44c151961d","","note","Any ""Delays"" or potential delays are recorded then select ""PASS""",,,
"label","019e360e-24cc-5f7e-9229-a9dbc8e31024","","note","If there were no delays select ""N/A""",,,
"text","1a39db54-c253-55af-baff-de02e1bb9369","","textbox","SP2 - EBH South",,,
"boolean","0fb543c5-6074-58a1-803d-2a9f6c08b19e","","tickbox","Completed",,,
"text","de28dec1-6832-5b5b-ae54-90b8a84d7e66","","textbox","SP2 - EBH South Level 1 Retail area",,,
"boolean","8df14ec7-0c39-558e-bf9a-0f8b6add5ddb","","tickbox","Completed",,,
"text","2ef823dd-b9df-5b58-b6e6-ab9c29b6f72b","","textbox","SP2 - EBH South Level 2 Lounge Extension & Fire Egress Stairs",,,
"boolean","c1b54372-497e-5daa-9fe9-fe82e233c7e5","","tickbox","Completed",,,
"text","fcac7b10-bfd8-5129-8c5b-a1358a18ba48","","textbox","SP3 – PC69",,,
"boolean","49b84e83-f4bf-5153-befc-6086a0b122a9","","tickbox","Completed",,,
"checkpoint-status",,"","checkpoint","Contra Charges / Non Conformance - Recorded and ""PASS"" or marked as N/A"
"label","4e8a66c0-1efc-551a-8052-d925fd9b6cd7","","note","Any ""Contra Charges / Non Conformance"" recorded then select ""PASS""",,,
"label","1db379f9-a0f6-5f5a-883c-f1cfb363c3c4","","note","If there were no ""Contra Charges / Non Conformance"" select ""N/A""",,,
"text","5eb7f80d-f2c9-533f-848e-53cb07194fb1","","textbox","SP2 - EBH South",,,
"boolean","095ff24f-2495-53b2-aee0-5763f05556ce","","tickbox","Completed",,,
"text","49b07ada-f33b-558b-8250-747607d35f3c","","textbox","SP2 - EBH South Level 1 Retail area",,,
"boolean","31950964-c3fc-58a9-8d3d-bb3c5776ca88","","tickbox","Completed",,,
"text","b7a2b9d0-bcb2-57aa-bec0-97a2cd7fcb6a","","textbox","SP2 - EBH South Level 2 Lounge Extension & Fire Egress Stairs",,,
"boolean","387c0ac2-c73a-598c-8789-344398f6a8d1","","tickbox","Completed",,,
"text","2e49246c-fedc-56e1-aa01-690649860018","","textbox","SP3 – PC69",,,
"boolean","2ff90618-d2b2-57ef-b383-51f0722fd583","","tickbox","Completed",,,
"checkpoint-status",,"","checkpoint","Deliveries - Recorded & Photographed"
"text","df6f21ca-28cb-5f01-ad3b-3a6054c3090b","","textbox","SP2 - EBH South",,,
"boolean","7591476a-aecc-5d80-8ffc-2b8b43cc9ff4","","tickbox","Completed",,,
"text","b3d29d21-105f-5397-977d-0046e5b2c387","","textbox","SP2 - EBH South Level 1 Retail area",,,
"boolean","c39fa2f1-bb91-5aed-917d-e0c70a5d151a","","tickbox","Completed",,,
"text","1af02de1-7c19-5412-b441-6305a33109ee","","textbox","SP2 - EBH South Level 2 Lounge Extension & Fire Egress Stairs",,,
"boolean","8491401f-6d38-5598-b6ee-b927dd165698","","tickbox","Completed",,,
"text","ef0553ae-7a86-534d-9531-673324f91274","","textbox","SP3 – PC69",,,
"boolean","1a52c8e0-98f1-57e1-aee4-0d3d6dfc942a","","tickbox","Completed",,,
"checkpoint-status",,"","checkpoint","Hired Plant Recorded"
"label","291e212f-a5ff-5b8c-9128-2e4577a668ac","","note","Select ""N/A"" if there is none on site or detail below then ""PASS"" if there is hired plant on site",,,
"text","3dce3f78-2e2f-551b-a91d-e6e568b4efd8","","textbox","Description of hired plant on site",,,
"text","60b4c746-597a-5bf7-bdea-18a8ad7cb012","","textbox","SP2 - EBH South",,,
"boolean","b8bbf9f9-666e-592b-bf91-a862d9ca5c9d","","tickbox","Completed",,,
"text","4a31c795-9c9f-57c9-83ff-8c5812f2cab7","","textbox","SP2 - EBH South Level 1 Retail area",,,
"boolean","548ec6be-5dc4-5ec5-902e-8333cae9aacc","","tickbox","Completed",,,
"text","f0a85196-abaf-50e8-9236-08ee2ca95e77","","textbox","SP2 - EBH South Level 2 Lounge Extension & Fire Egress Stairs",,,
"boolean","abce5a89-00ef-5c2c-b784-da5ba85eb2ef","","tickbox","Completed",,,
"text","2782be31-3c45-5405-9c1c-6a1c6f7b152c","","textbox","SP3 – PC69",,,
"boolean","6bfbc85b-f505-5e8e-9acc-7166187cef88","","tickbox","Completed",,,

"checklist-flat",,"","checklist","","",,,17,"No",,"5dcabe62acc98d83386f08bb4c2fd36151dcf1a0d5e13c7827e01c2e31a86967"
"checkpoint-status",,"","checkpoint","Weather Conditions Recorded"
"select","f54433cf-63be-5c1a-b09e-30418efe0e23","","dropdown","Weather Conditions AM","Fine, Overcast, Wet",,
"select","ad7344b8-1538-50aa-8f83-0a2673714528","","dropdown","Weather Conditions PM","Fine, Overcast, Wet",,
"checkpoint-status",,"","checkpoint","Site Instructions, Variations & Verbal Instructions."
"text","127113a4-2c23-5062-ad75-8355a58bf962","","textbox","SP2 - EBH South",,,
"boolean","6404d9b6-bb73-5315-a50d-3fd5e376f079","","tickbox","Completed",,,
"text","039e9c79-85e0-58b4-a58b-103c6716d820","","textbox","SP2 - EBH South Level 1 Retail area/ Level 2 Lounge Extension & Fire Egress Stairs",,,
"boolean","b4f29630-69c5-5b41-b0aa-7cdd54bb982a","","tickbox","Completed",,,
"text","e51ec31d-066a-541e-95ea-b877392f918f","","textbox","SP3 – PC69",,,
"boolean","00ecf120-d6eb-5fa4-b0fc-6493c13b53c9","","tickbox","Completed",,,
"checkpoint-status",,"","checkpoint","Site Progress Photos"
"boolean","f1663249-e416-5bf6-a4c5-913582977e06","","tickbox","Photo or PDF of ""Daily Work Zones/ Pre Start"" attached",,,
"boolean","8a3db415-dce7-56ca-907e-9c722a3dc9dc","","tickbox","EBH South Photos Uploaded",,,
"boolean","e7366972-1340-517e-b3b2-08a3832c8c91","","tickbox","Level 1/ 2 & Fire Stairs Photos Uploaded",,,
"boolean","a9fadf8b-0698-5aa9-902f-0dd1c9d53426","","tickbox","PC69 Photos Uploaded",,,
"checkpoint-status",,"","checkpoint","Progress on-site"
"text","00edce21-863a-53a1-a562-736bbb058b62","","textbox","SP2 - EBH South",,,
"boolean","24ac29d8-fc5c-5aee-862d-116d19031ff8","","tickbox","Completed",,,
"text","0a343c9f-90f1-55be-8515-e5cf698cad5a","","textbox","SP2 - EBH South Level 1 Retail area/ Level 2 Lounge Extension & Fire Egress Stairs",,,
"boolean","59db5185-76b9-55d3-bbff-2d6f397f0591","","tickbox","Completed",,,
"text","dc56a454-c83a-5e79-bc6d-d8e31f115b21","","textbox","SP3 – PC69",,,
"boolean","1ba83217-5409-55d0-9b97-cf0ccd320445","","tickbox","Completed",,,
"checkpoint-status",,"","checkpoint","Hawkins Site Management"
"text","0df0a0fc-59e5-5375-9d13-f42e830eab30","","textbox","Site Operations Team:",,,
"text","81ef6cf2-ff46-5b08-ba17-5e90350fe83e","","textbox","Site Commercial Team:",,,
"text","238a7139-88b8-5a88-8868-d638b51b47bc","","textbox","Other Hawkins Staff, (ie Admin, BIM Manager etc.)",,,
"checkpoint-status",,"","checkpoint","Subcontractors on Site"
"text","834df713-7352-5b22-8cd6-4ee78e3fbb71","","textbox","SP2 - EBH South",,,
"boolean","8ce21ce3-27a4-5b40-9823-d4803e7f77f6","","tickbox","Completed",,,
"text","4e75dc41-8806-56b7-9e2a-d96892c94142","","textbox","SP2 - EBH South Level 1 Retail area/ Level 2 Lounge Extension & Fire Egress Stairs",,,
"boolean","49fbcfee-51f8-5131-8212-5ee320b28d6a","","tickbox","Completed",,,
"text","84e85a59-6893-56b5-8595-662c76b89bea","","textbox","SP3 – PC69",,,
"boolean","3189c38b-5ced-59b6-886b-662104f3cb6a","","tickbox","Completed",,,
"checkpoint-status",,"","checkpoint","Hawkins Hired Labour Recorded"
"text","75ab776c-cc03-555b-8ebf-ffa5773deacd","","textbox","Detail & Description of Hired Labour",,,
"checkpoint-status",,"","checkpoint","Health & Safety"
"button","4b636532-7cd6-5412-b985-217b590bf444","","button","Accidents / Incidents","Yes , None",,
"text","80a1e76e-d35f-5365-af5d-59ab3a4e6894","","textbox","Details of Incident",,,
"checkpoint-status",,"","checkpoint","Delays"
"text","1f7de587-ab58-57d0-a743-5b2ab893ddd2","","textbox","SP2 - EBH South",,,
"boolean","43660978-f952-5d64-a35f-22223ebd769a","","tickbox","Completed",,,
"text","20d013de-cfff-54a3-b893-5f36179f7919","","textbox","SP2 - EBH South Level 1 Retail area/ Level 2 Lounge Extension & Fire Egress Stairs",,,
"boolean","020be9df-23c5-521f-b9c3-0316d213d744","","tickbox","Completed",,,
"text","1b3e52fb-efe5-56c8-ad5a-0aae1d03c52f","","textbox","SP3 – PC69",,,
"boolean","c3bad764-cf2e-5de6-a7b1-02153259a1e1","","tickbox","Completed",,,
"checkpoint-status",,"","checkpoint","Contra Charges / Non Conformance"
"text","bb566323-3781-585a-bf88-6df5ab1f3b71","","textbox","SP2 - EBH South",,,
"boolean","410bcf5b-64d8-5c83-88b0-b301707fe547","","tickbox","Completed",,,
"text","acf70346-ca4e-57c3-af1f-b1fc7ddf825e","","textbox","SP2 - EBH South Level 1 Retail area/ Level 2 Lounge Extension & Fire Egress Stairs",,,
"boolean","a6885b8d-c223-5035-8901-a6f1f8c5c95e","","tickbox","Completed",,,
"text","282f7419-e457-54f1-a72e-023d6111b99a","","textbox","SP3 – PC69",,,
"boolean","342b8343-cd7e-5cd5-9da3-1dde88bf05b4","","tickbox","Completed",,,
"checkpoint-status",,"","checkpoint","Deliveries - Recorded & Photographed"
"boolean","8e31816c-c815-5e86-812e-88537387f36c","","tickbox","EBH Completed",,,
"boolean","5c1e97b9-5f44-5b2d-baaa-cf36ce13afca","","tickbox","Level 1/ 2 & Fire Egress Stairs Completed",,,
"boolean","b4b49a57-1cdf-53a3-9782-98ce6457e92f","","tickbox","PC69 Completed",,,
"checkpoint-status",,"","checkpoint","Hired Plant Recorded"
"text","53debaa3-3665-53c7-bd30-2817d5c7a446","","textbox","Description of hired plant on site",,,
"checkpoint-status",,"","checkpoint","Vehicle/ Plant Breakdowns"
"text","53114654-83c0-58ea-b5a5-52c1164a10c1","","textbox","SP2 - EBH South",,,
"boolean","2d43d70a-4741-5087-aa64-8cf3bbe7a50f","","tickbox","Completed",,,
"text","cd3c853a-3cd0-5bb9-afe9-de522909e170","","textbox","SP2 - EBH South Level 1 Retail area/ Level 2 Lounge Extension & Fire Egress Stairs",,,
"boolean","749819a1-a935-52b2-9dbb-b5d3bb24eb35","","tickbox","Completed",,,
"text","3f8aac94-ca40-503b-b75f-b04d8f808426","","textbox","SP3 – PC69",,,
"boolean","aeef988f-c323-531e-a43d-d548c3c1590c","","tickbox","Completed",,,

"checklist-flat",,"","checklist","","",,,1,"No","Council Inspection - ICB Concrete block or concrete reinforcing foundation walls","fcfbaae85bd766b1fb7d1d155ad9b456ccdf8545c876fe75ec51a6d4bca70baa"
"checkpoint-no-status",,"","checkpoint","Inspection Details"
"text","1c1f8a2f-c818-5cfc-982f-4a377b600883","","textbox","Date of Inspection & Name of inspector",,,
"checkpoint-status",,"","checkpoint","Inspection Outcome"
"checkpoint-status",,"","checkpoint","Council inspection report (attach)"
"checkpoint-status",,"","checkpoint","Any observations/ Failures requiring closeout? (select N/A if none)"
"checkpoint-status",,"","checkpoint","All Relevant Observation Closeout evidence attached below if applicable (Pass once completed)"
"checkpoint-status",,"","checkpoint","Council inspection completed, attached and any relevant observations closed out Note: PASS once all information is attached including Observations/Failed comments with evidence of closeout"

"checklist-flat",,"","checklist","","",,,1,"No","Council Inspection - ICB Concrete block or concrete reinforcing foundation walls","137fcc677076757ec5ed1e9dd3dbbefca21cd25da3aade0a1525a8b7d55a8f8b"
"checkpoint-no-status",,"","checkpoint","Inspection Details"
"text","3bb574e9-18ae-51f2-a980-82895800e905","","textbox","Date of Inspection & Name of inspector",,,
"checkpoint-status",,"","checkpoint","Inspection Outcome"
"checkpoint-status",,"","checkpoint","Council inspection report (attach)"
"checkpoint-status",,"","checkpoint","Any observations/ Failures requiring closeout? (select N/A if none)"
"checkpoint-status",,"","checkpoint","All Relevant Observation Closeout evidence attached below if applicable (Pass once completed)"
"checkpoint-status",,"","checkpoint","Council inspection completed, attached and any relevant observations closed out Note: PASS once all information is attached including Observations/Failed comments with evidence of closeout"

"checklist-flat",,"","checklist","","",,,1,"No","Council Inspection - ICB Concrete block or concrete reinforcing foundation walls","f1e91ca1e27ecf24bfab01737b886a2d2805fed214ab34a3fd13c688ef8bcf57"
"checkpoint-no-status",,"","checkpoint","Inspection Details"
"text","9de9694c-4c7b-5b82-8ce9-6d428b21c8be","","textbox","Date of Inspection & Name of inspector",,,
"checkpoint-status",,"","checkpoint","Inspection Outcome"
"checkpoint-status",,"","checkpoint","Council inspection report (attach)"
"checkpoint-status",,"","checkpoint","Any observations/ Failures requiring closeout? (select N/A if none)"
"checkpoint-status",,"","checkpoint","All Relevant Observation Closeout evidence attached below if applicable (Pass once completed)"
"checkpoint-status",,"","checkpoint","Council inspection completed, attached and any relevant observations closed out Note: PASS once all information is attached including Observations/Failed comments with evidence of closeout"

"checklist-sectioned",,"","checklist","","",,,1,"No",,"e5eaf78c2671590f3f7d770b6568898cd5120115c7f761c051bf1596f24afa6a"
"checkpoint-group",,"","section","Site Visit Report"
"checkpoint-status",,"","checkpoint","SVR Attached"
"folder-normal",,"Not allowed as a child of checklist-sectioned.","folder-normal","Follow-Up Action(s)"
"checkpoint-group",,"","section","Close-Out"
"checkpoint-status",,"","checkpoint","SVR Closed-Out"

"checklist-sectioned",,"","checklist","","",,,1,"No",,"df5eb047db0afdb3df11a6b421452a75cecdc2cf2e6083ef25bff498b099f8fa"
"checkpoint-group",,"","section","Site Visit Report"
"checkpoint-status",,"","checkpoint","SVR Attached"
"folder-normal",,"Not allowed as a child of checklist-sectioned.","folder-normal","Follow-Up Action(s)"
"checkpoint-group",,"","section","Close-Out"
"checkpoint-status",,"","checkpoint","SVR Closed-Out"

"checklist-sectioned",,"","checklist","","",,,1,"No",,"af506f2c8d3a035f153444c86b35bb070e36cc6c69f2bb04e53a20a0782bdf52"
"checkpoint-group",,"","section","Site Visit Report"
"checkpoint-status",,"","checkpoint","SVR Attached"
"folder-normal",,"Not allowed as a child of checklist-sectioned.","folder-normal","Follow-Up Action(s)"
"checkpoint-group",,"","section","Close-Out"
"checkpoint-status",,"","checkpoint","SVR Closed-Out"

"checklist-sectioned",,"","checklist","","",,,1,"No",,"fbd0c53fa585bb57501277f643e000ffd57f8d72c7a6f690f375d29239eac7c2"
"checkpoint-group",,"","section","Site Visit Report"
"checkpoint-status",,"","checkpoint","SVR Attached"
"folder-normal",,"Not allowed as a child of checklist-sectioned.","folder-normal","Follow-Up Action(s)"
"checkpoint-group",,"","section","Close-Out"
"checkpoint-status",,"","checkpoint","SVR Closed-Out"

"checklist-sectioned",,"","checklist","","",,,1,"No",,"497502ae87a51c62faf27fb3a3ced1bbb84aaefb830a764cc83eb1080992819d"
"checkpoint-group",,"","section","Site Visit Report"
"checkpoint-status",,"","checkpoint","SVR Attached"
"folder-normal",,"Not allowed as a child of checklist-sectioned.","folder-normal","Follow-Up Action(s)"
"checkpoint-group",,"","section","Close-Out"
"checkpoint-status",,"","checkpoint","SVR Closed-Out"

"checklist-sectioned",,"","checklist","","",,,2,"No",,"87f774c53bcfb9e4d7a6a058694ad129e77463763abebd79d42db238533ffd9b"
"checkpoint-group",,"","section","Site Visit Report"
"checkpoint-status",,"","checkpoint","SVR Attached"
"folder-normal",,"Not allowed as a child of checklist-sectioned.","folder-normal","Follow-Up Action(s)"
"checkpoint-group",,"","section","Close-Out"
"checkpoint-status",,"","checkpoint","SVR Closed-Out"

"checklist-sectioned",,"","checklist","","",,,1,"No",,"2024ea6313668dda8b025e2704d83aee2f0b841befd51ba86fd62b047128ab5b"
"checkpoint-group",,"","section","Site Visit Report"
"checkpoint-status",,"","checkpoint","SVR Attached"
"folder-normal",,"Not allowed as a child of checklist-sectioned.","folder-normal","Follow-Up Action(s)"
"checkpoint-group",,"","section","Close-Out"
"checkpoint-status",,"","checkpoint","SVR Closed-Out"

"checklist-sectioned",,"","checklist","","",,,6,"No",,"e1245164aa6dd84b2e6ef93a7d2124d5ce5bc8b6834e7f9cb65ff0f0907f3b78"
"checkpoint-group",,"","section","Site Visit Report"
"checkpoint-status",,"","checkpoint","SVR Attached"
"folder-normal",,"Not allowed as a child of checklist-sectioned.","folder-normal","Follow-Up Action(s)"
"checkpoint-group",,"","section","Close-Out"
"checkpoint-status",,"","checkpoint","SVR Closed-Out"

"checklist-sectioned",,"","checklist","","",,,1,"No",,"c2ed2a5becf5760064a779b9de4e92ac731e4947fb8203b0bc9c91aa4fde523d"
"checkpoint-group",,"","section","Site Visit Report"
"checkpoint-status",,"","checkpoint","SVR Attached"
"folder-normal",,"Not allowed as a child of checklist-sectioned.","folder-normal","Follow-Up Action(s)"
"checkpoint-group",,"","section","Close-Out"
"checkpoint-status",,"","checkpoint","SVR Closed-Out"

"checklist-sectioned",,"","checklist","","",,,1,"No",,"ce54eb398f1c9cf9e135cb0d5dc700c0226d56a9af68c77b2282fcff085beb03"
"checkpoint-group",,"","section","Site Visit Report"
"checkpoint-status",,"","checkpoint","SVR Attached"
"folder-normal",,"Not allowed as a child of checklist-sectioned.","folder-normal","Follow-Up Action(s)"
"checkpoint-group",,"","section","Close-Out"
"checkpoint-status",,"","checkpoint","SVR Closed-Out"

"checklist-sectioned",,"","checklist","","",,,1,"No",,"36d665fc28de2c3cdaf13019d890e6d2d4433711543f74ae1b8080479879c749"
"checkpoint-group",,"","section","Site Visit Report"
"checkpoint-status",,"","checkpoint","SVR Attached"
"folder-normal",,"Not allowed as a child of checklist-sectioned.","folder-normal","Follow-Up Action(s)"
"checkpoint-group",,"","section","Close-Out"
"checkpoint-status",,"","checkpoint","SVR Closed-Out"

