"Step Id","Warnings","Rich Type","State","resource","type","addStep","addPost","Tier 1","Tier 2","Tier 3","Tier 4"
"8694a193-97c7-4e80-ad0d-b54dd8d55f8f","","folder-normal","work-in-progress","","step","TRUE","FALSE","Site QA"
"17e49912-61b9-45dd-8ff5-9284172a5b6f","","folder-normal","not-started","","step","TRUE","FALSE","Site QA","Area Ready"
"edc13f3e-e97d-46a5-8888-4a96b8fb3f95","","folder-normal","not-started","","step","TRUE","FALSE","Site QA","Area Ready","WING A"
"b524576b-21ef-494d-8261-6b15496f72f4","","checklist-sectioned","not-started","Area Ready Checklist","checklist","FALSE","FALSE","Site QA","Area Ready","WING A","A.01 BED"
"7012f61f-16f5-5023-8a1d-3e90d1373bba","","checkpoint-group","not-started","","","FALSE","FALSE","Site QA","Area Ready","WING A","A.01 BED","Substrate"
"48787bd3-2170-5a31-b156-d5b400c9170b","","checkpoint-status","not-started","","","TRUE","TRUE","Site QA","Area Ready","WING A","A.01 BED","Substrate","Substrate Acceptable"
"1fc13151-5fce-5725-a469-5833ea8da038","","checkpoint-status","not-started","","","TRUE","TRUE","Site QA","Area Ready","WING A","A.01 BED","Substrate","Wet Area Screed Installed"
"9149e180-b81b-50d4-b8d4-a27dbb8099e3","","checkpoint-group","not-started","","","FALSE","FALSE","Site QA","Area Ready","WING A","A.01 BED","Walls / Ceiling"
"46a47ddb-78e5-54d1-a04c-e3f9b39b8f04","","checkpoint-status","not-started","","","TRUE","TRUE","Site QA","Area Ready","WING A","A.01 BED","Walls / Ceiling","Ceiling Installed"
"e1ae582e-fe86-5d42-8d49-5dff15f43fa2","","checkpoint-status","not-started","","","TRUE","TRUE","Site QA","Area Ready","WING A","A.01 BED","Walls / Ceiling","Gyprock"
"3c4511db-3c11-5a54-8c5d-c73a500c7008","","checkpoint-status","not-started","","","TRUE","TRUE","Site QA","Area Ready","WING A","A.01 BED","Walls / Ceiling","Plastered"
"4438a624-4c7a-5e61-bb55-30b84b36ed1f","","checkpoint-status","not-started","","","TRUE","TRUE","Site QA","Area Ready","WING A","A.01 BED","Walls / Ceiling","Plaster Sanded"
"f574fdd1-0d53-5bb6-bba2-7a0a02e72d12","","checkpoint-status","not-started","","","TRUE","TRUE","Site QA","Area Ready","WING A","A.01 BED","Walls / Ceiling","Painted"
"f55ab096-4e88-4358-8582-e099ca17561b","","checklist-sectioned","not-started","Area Ready Checklist","checklist","FALSE","FALSE","Site QA","Area Ready","WING A","A.016A ENSUITE"
"40fd2896-d105-55ce-80c5-5cf2f53be511","","checkpoint-group","not-started","","","FALSE","FALSE","Site QA","Area Ready","WING A","A.016A ENSUITE","Substrate"
"1fbffaf7-f4b1-5671-9ed8-5f17f3de0a23","","checkpoint-status","not-started","","","TRUE","TRUE","Site QA","Area Ready","WING A","A.016A ENSUITE","Substrate","Substrate Acceptable"
"42cade91-3498-58f8-867d-5eaae9884f65","","checkpoint-status","not-started","","","TRUE","TRUE","Site QA","Area Ready","WING A","A.016A ENSUITE","Substrate","Wet Area Screed Installed"
"ca2946d2-9d05-55cc-b0e9-545502f13256","","checkpoint-group","not-started","","","FALSE","FALSE","Site QA","Area Ready","WING A","A.016A ENSUITE","Walls / Ceiling"
"d8f701d0-b937-5f57-a43c-e0277863fe25","","checkpoint-status","not-started","","","TRUE","TRUE","Site QA","Area Ready","WING A","A.016A ENSUITE","Walls / Ceiling","Ceiling Installed"
"3d7d2bc5-c72e-5699-a767-3b312c2cb4d7","","checkpoint-status","not-started","","","TRUE","TRUE","Site QA","Area Ready","WING A","A.016A ENSUITE","Walls / Ceiling","Gyprock"
"af959a32-a1d4-540f-91b0-99767c2b6b99","","checkpoint-status","not-started","","","TRUE","TRUE","Site QA","Area Ready","WING A","A.016A ENSUITE","Walls / Ceiling","Plastered"
"fb3fe3d9-b406-5b42-a952-770304a9fe4c","","checkpoint-status","not-started","","","TRUE","TRUE","Site QA","Area Ready","WING A","A.016A ENSUITE","Walls / Ceiling","Plaster Sanded"
"85b7c76f-6af5-5774-abb9-86d67c2d53f3","","checkpoint-status","not-started","","","TRUE","TRUE","Site QA","Area Ready","WING A","A.016A ENSUITE","Walls / Ceiling","Painted"
"d895588f-297f-4e1a-8bc5-60ec9326a93f","","checklist-sectioned","not-started","Area Ready Checklist","checklist","FALSE","FALSE","Site QA","Area Ready","WING A","A.01A ENSUITE"
"4f83ac69-eb2f-578c-878c-32eb611b54c7","","checkpoint-group","not-started","","","FALSE","FALSE","Site QA","Area Ready","WING A","A.01A ENSUITE","Substrate"
"0cbefc98-d802-57dc-ab40-e17094473b74","","checkpoint-status","not-started","","","TRUE","TRUE","Site QA","Area Ready","WING A","A.01A ENSUITE","Substrate","Substrate Acceptable"
"d67a74ed-aae8-5abc-a15b-ea61a3a97c8a","","checkpoint-status","not-started","","","TRUE","TRUE","Site QA","Area Ready","WING A","A.01A ENSUITE","Substrate","Wet Area Screed Installed"
"fe25b215-88c9-5aa6-8dff-c3e51bf84dd7","","checkpoint-group","not-started","","","FALSE","FALSE","Site QA","Area Ready","WING A","A.01A ENSUITE","Walls / Ceiling"
"efff8561-59cc-5af4-a5e5-1c9326cbcfaf","","checkpoint-status","not-started","","","TRUE","TRUE","Site QA","Area Ready","WING A","A.01A ENSUITE","Walls / Ceiling","Ceiling Installed"
"a4aa2f90-0784-532d-8e54-496a10f51b5b","","checkpoint-status","not-started","","","TRUE","TRUE","Site QA","Area Ready","WING A","A.01A ENSUITE","Walls / Ceiling","Gyprock"
"93270b72-0df6-54c4-8324-04b139978651","","checkpoint-status","not-started","","","TRUE","TRUE","Site QA","Area Ready","WING A","A.01A ENSUITE","Walls / Ceiling","Plastered"
"8d70ccc8-5e06-5f77-b6b1-1de4d7181c98","","checkpoint-status","not-started","","","TRUE","TRUE","Site QA","Area Ready","WING A","A.01A ENSUITE","Walls / Ceiling","Plaster Sanded"
"237b4a4e-db7a-5141-b8ff-dc5351168c7b","","checkpoint-status","not-started","","","TRUE","TRUE","Site QA","Area Ready","WING A","A.01A ENSUITE","Walls / Ceiling","Painted"
"ff6c6284-b983-4f8e-9e51-0feb96c358a2","","checklist-sectioned","not-started","Area Ready Checklist","checklist","FALSE","FALSE","Site QA","Area Ready","WING A","A.02 ACCESS BED"
"2597dc64-69d4-59a9-8914-ce0637601e23","","checkpoint-group","not-started","","","FALSE","FALSE","Site QA","Area Ready","WING A","A.02 ACCESS BED","Substrate"
"0001a033-077d-5d7c-969e-774fe47538c1","","checkpoint-status","not-started","","","TRUE","TRUE","Site QA","Area Ready","WING A","A.02 ACCESS BED","Substrate","Substrate Acceptable"
"64a0461d-e161-5990-b35c-7e972ea8f07b","","checkpoint-status","not-started","","","TRUE","TRUE","Site QA","Area Ready","WING A","A.02 ACCESS BED","Substrate","Wet Area Screed Installed"
"f983a68c-c8b0-5faf-94ba-24b866b34b9f","","checkpoint-group","not-started","","","FALSE","FALSE","Site QA","Area Ready","WING A","A.02 ACCESS BED","Walls / Ceiling"
"1c4c377a-aa49-5b59-a44b-a4feea83a908","","checkpoint-status","not-started","","","TRUE","TRUE","Site QA","Area Ready","WING A","A.02 ACCESS BED","Walls / Ceiling","Ceiling Installed"
"c6e636da-351c-59f3-9dc6-0c6d4b8c31ae","","checkpoint-status","not-started","","","TRUE","TRUE","Site QA","Area Ready","WING A","A.02 ACCESS BED","Walls / Ceiling","Gyprock"
"3f378666-8047-5573-86c0-9f4a35be1501","","checkpoint-status","not-started","","","TRUE","TRUE","Site QA","Area Ready","WING A","A.02 ACCESS BED","Walls / Ceiling","Plastered"
"39eb43b1-0693-5a3d-a013-147becb45b3b","","checkpoint-status","not-started","","","TRUE","TRUE","Site QA","Area Ready","WING A","A.02 ACCESS BED","Walls / Ceiling","Plaster Sanded"
"06602321-0131-5ad0-bf0c-5a436bb319ad","","checkpoint-status","not-started","","","TRUE","TRUE","Site QA","Area Ready","WING A","A.02 ACCESS BED","Walls / Ceiling","Painted"
"fa43c23e-5081-441b-b2b9-ce069e4c8c25","","checklist-sectioned","not-started","Area Ready Checklist","checklist","FALSE","FALSE","Site QA","Area Ready","WING A","A.02A ENSUITE"
"79b480de-e52b-5332-b228-8dbd24e96838","","checkpoint-group","not-started","","","FALSE","FALSE","Site QA","Area Ready","WING A","A.02A ENSUITE","Substrate"
"eea82203-25bf-5742-b183-5f7e4f1ce1f2","","checkpoint-status","not-started","","","TRUE","TRUE","Site QA","Area Ready","WING A","A.02A ENSUITE","Substrate","Substrate Acceptable"
"7f5b385a-eb8c-5d22-9731-a529f6af6e29","","checkpoint-status","not-started","","","TRUE","TRUE","Site QA","Area Ready","WING A","A.02A ENSUITE","Substrate","Wet Area Screed Installed"
"b981ecb1-1ad0-5994-b403-29ff95fccf5f","","checkpoint-group","not-started","","","FALSE","FALSE","Site QA","Area Ready","WING A","A.02A ENSUITE","Walls / Ceiling"
"b27c8f26-03de-5535-839c-d1c9f5cc1682","","checkpoint-status","not-started","","","TRUE","TRUE","Site QA","Area Ready","WING A","A.02A ENSUITE","Walls / Ceiling","Ceiling Installed"
"02a8953e-0c3a-59f7-a3cc-6c032030d791","","checkpoint-status","not-started","","","TRUE","TRUE","Site QA","Area Ready","WING A","A.02A ENSUITE","Walls / Ceiling","Gyprock"
"ea3e06a1-e8d6-56b3-875c-bc6f72dab3cf","","checkpoint-status","not-started","","","TRUE","TRUE","Site QA","Area Ready","WING A","A.02A ENSUITE","Walls / Ceiling","Plastered"
"66c43395-4dbe-5ea2-a4c1-7a09a6cec187","","checkpoint-status","not-started","","","TRUE","TRUE","Site QA","Area Ready","WING A","A.02A ENSUITE","Walls / Ceiling","Plaster Sanded"
"0dd1f10f-3c33-54d6-b20a-b33d73ce4d7a","","checkpoint-status","not-started","","","TRUE","TRUE","Site QA","Area Ready","WING A","A.02A ENSUITE","Walls / Ceiling","Painted"
"8a0dde98-217b-4d3a-8e33-89e6bf1d4370","","checklist-sectioned","not-started","Area Ready Checklist","checklist","FALSE","FALSE","Site QA","Area Ready","WING A","A.03 BED"
"5b42fd8f-c613-592e-ab67-b44c5d89bdbe","","checkpoint-group","not-started","","","FALSE","FALSE","Site QA","Area Ready","WING A","A.03 BED","Substrate"
"d23a1425-1858-5bf3-abdd-6c59b63f2037","","checkpoint-status","not-started","","","TRUE","TRUE","Site QA","Area Ready","WING A","A.03 BED","Substrate","Substrate Acceptable"
"c529ada7-1b33-5352-9076-e891e7f2fe28","","checkpoint-status","not-started","","","TRUE","TRUE","Site QA","Area Ready","WING A","A.03 BED","Substrate","Wet Area Screed Installed"
"852f4d47-ec13-5e96-8cc4-f1c57dfa517b","","checkpoint-group","not-started","","","FALSE","FALSE","Site QA","Area Ready","WING A","A.03 BED","Walls / Ceiling"
"8eb5ae5d-79dc-54c5-90ed-f89066f7145d","","checkpoint-status","not-started","","","TRUE","TRUE","Site QA","Area Ready","WING A","A.03 BED","Walls / Ceiling","Ceiling Installed"
"6c0daf43-7c42-58cb-9b97-9ed99ebe7ab5","","checkpoint-status","not-started","","","TRUE","TRUE","Site QA","Area Ready","WING A","A.03 BED","Walls / Ceiling","Gyprock"
"7a99c6f7-b321-5a4b-b0de-5a7290704946","","checkpoint-status","not-started","","","TRUE","TRUE","Site QA","Area Ready","WING A","A.03 BED","Walls / Ceiling","Plastered"
"3624a332-8da0-5fdb-b858-1637ebc30a0d","","checkpoint-status","not-started","","","TRUE","TRUE","Site QA","Area Ready","WING A","A.03 BED","Walls / Ceiling","Plaster Sanded"
"765405b8-aa8e-54dd-ae34-faa4991fd3b0","","checkpoint-status","not-started","","","TRUE","TRUE","Site QA","Area Ready","WING A","A.03 BED","Walls / Ceiling","Painted"
"6b24b034-fcfe-44fa-ba55-3a613dc9c3f8","","checklist-sectioned","not-started","Area Ready Checklist","checklist","FALSE","FALSE","Site QA","Area Ready","WING A","A.03A ENSUITE"
"e9740f54-fce7-5c3d-a1d1-3d4d7daeed1f","","checkpoint-group","not-started","","","FALSE","FALSE","Site QA","Area Ready","WING A","A.03A ENSUITE","Substrate"
"c962a89b-5dd0-5b02-bd2f-466a4e91a9d5","","checkpoint-status","not-started","","","TRUE","TRUE","Site QA","Area Ready","WING A","A.03A ENSUITE","Substrate","Substrate Acceptable"
"75d0d7ff-1e3f-55e4-8a47-2f084b6c04d0","","checkpoint-status","not-started","","","TRUE","TRUE","Site QA","Area Ready","WING A","A.03A ENSUITE","Substrate","Wet Area Screed Installed"
"e223016d-0e3a-53b6-be2f-0cf3aad6c56b","","checkpoint-group","not-started","","","FALSE","FALSE","Site QA","Area Ready","WING A","A.03A ENSUITE","Walls / Ceiling"
"4fc8b325-a539-54c5-8f9c-f2f70f68ea35","","checkpoint-status","not-started","","","TRUE","TRUE","Site QA","Area Ready","WING A","A.03A ENSUITE","Walls / Ceiling","Ceiling Installed"
"dcb793ee-6e47-5cb7-8f5e-d71746186a81","","checkpoint-status","not-started","","","TRUE","TRUE","Site QA","Area Ready","WING A","A.03A ENSUITE","Walls / Ceiling","Gyprock"
"801b8d4a-7399-551d-bab4-a29b3239e977","","checkpoint-status","not-started","","","TRUE","TRUE","Site QA","Area Ready","WING A","A.03A ENSUITE","Walls / Ceiling","Plastered"
"ce729b34-f73d-5ae8-829b-9be494e7cedb","","checkpoint-status","not-started","","","TRUE","TRUE","Site QA","Area Ready","WING A","A.03A ENSUITE","Walls / Ceiling","Plaster Sanded"
"777cdb7b-efef-528a-a9b7-044123f6437c","","checkpoint-status","not-started","","","TRUE","TRUE","Site QA","Area Ready","WING A","A.03A ENSUITE","Walls / Ceiling","Painted"
"24cc29a0-aa5f-4f32-96f5-12c5e00d7e20","","checklist-sectioned","not-started","Area Ready Checklist","checklist","FALSE","FALSE","Site QA","Area Ready","WING A","A.04 BED"
"19d9a3df-7edc-5c3d-9aa6-29e041622c73","","checkpoint-group","not-started","","","FALSE","FALSE","Site QA","Area Ready","WING A","A.04 BED","Substrate"
"2ab2d18a-cd5f-55b6-9d2c-dc32bbcc09c9","","checkpoint-status","not-started","","","TRUE","TRUE","Site QA","Area Ready","WING A","A.04 BED","Substrate","Substrate Acceptable"
"f30174c0-b696-575b-a568-9a9f502c094a","","checkpoint-status","not-started","","","TRUE","TRUE","Site QA","Area Ready","WING A","A.04 BED","Substrate","Wet Area Screed Installed"
"2ceaece7-e3c8-56f0-af20-de5344725083","","checkpoint-group","not-started","","","FALSE","FALSE","Site QA","Area Ready","WING A","A.04 BED","Walls / Ceiling"
"5ed6388e-b1fb-5761-8b68-3d625c75cd14","","checkpoint-status","not-started","","","TRUE","TRUE","Site QA","Area Ready","WING A","A.04 BED","Walls / Ceiling","Ceiling Installed"
"d0bf1268-fbdd-5529-a8ef-0e638f272922","","checkpoint-status","not-started","","","TRUE","TRUE","Site QA","Area Ready","WING A","A.04 BED","Walls / Ceiling","Gyprock"
"659f2578-b772-512c-bdfd-cfc7a534dbca","","checkpoint-status","not-started","","","TRUE","TRUE","Site QA","Area Ready","WING A","A.04 BED","Walls / Ceiling","Plastered"
"f2138cf6-ea1f-5dfc-9602-7154f79e91e5","","checkpoint-status","not-started","","","TRUE","TRUE","Site QA","Area Ready","WING A","A.04 BED","Walls / Ceiling","Plaster Sanded"
"c9d002d3-6342-5261-8fef-46ef5cf9b13d","","checkpoint-status","not-started","","","TRUE","TRUE","Site QA","Area Ready","WING A","A.04 BED","Walls / Ceiling","Painted"
"34be7a9e-fccb-4f1c-a779-265f81221925","","checklist-sectioned","not-started","Area Ready Checklist","checklist","FALSE","FALSE","Site QA","Area Ready","WING A","A.04A ENSUITE"
"43d39ed8-e8cd-55ba-9ad2-cf969ab486c5","","checkpoint-group","not-started","","","FALSE","FALSE","Site QA","Area Ready","WING A","A.04A ENSUITE","Substrate"
"69dce190-dc0a-5334-9890-fd8bbca00e54","","checkpoint-status","not-started","","","TRUE","TRUE","Site QA","Area Ready","WING A","A.04A ENSUITE","Substrate","Substrate Acceptable"
"436c3dee-65b7-55b9-bdc2-d544bb46a46f","","checkpoint-status","not-started","","","TRUE","TRUE","Site QA","Area Ready","WING A","A.04A ENSUITE","Substrate","Wet Area Screed Installed"
"95f32323-6e44-5842-ba5b-b985d5f6d872","","checkpoint-group","not-started","","","FALSE","FALSE","Site QA","Area Ready","WING A","A.04A ENSUITE","Walls / Ceiling"
"b7d92fe9-12a2-52e4-8920-818268df9eec","","checkpoint-status","not-started","","","TRUE","TRUE","Site QA","Area Ready","WING A","A.04A ENSUITE","Walls / Ceiling","Ceiling Installed"
"5eb4c9d7-3243-50ae-a755-f2ccd538921e","","checkpoint-status","not-started","","","TRUE","TRUE","Site QA","Area Ready","WING A","A.04A ENSUITE","Walls / Ceiling","Gyprock"
"1a78d653-c6f7-5f38-9ad9-539cdc36cf04","","checkpoint-status","not-started","","","TRUE","TRUE","Site QA","Area Ready","WING A","A.04A ENSUITE","Walls / Ceiling","Plastered"
"e29ab3f6-506f-5cba-a402-afb18108482c","","checkpoint-status","not-started","","","TRUE","TRUE","Site QA","Area Ready","WING A","A.04A ENSUITE","Walls / Ceiling","Plaster Sanded"
"dd9e3b63-cdde-59d4-8ac7-c3d5e9ae32fc","","checkpoint-status","not-started","","","TRUE","TRUE","Site QA","Area Ready","WING A","A.04A ENSUITE","Walls / Ceiling","Painted"
"a27223a7-501f-4d11-b2c7-8d81a208c922","","checklist-sectioned","not-started","Area Ready Checklist","checklist","FALSE","FALSE","Site QA","Area Ready","WING A","A.05A ENSUITE"
"87af6178-e891-5a7a-b906-71a62187bb3e","","checkpoint-group","not-started","","","FALSE","FALSE","Site QA","Area Ready","WING A","A.05A ENSUITE","Substrate"
"e8cc9535-ad28-5c29-9e55-edc3a681ca5d","","checkpoint-status","not-started","","","TRUE","TRUE","Site QA","Area Ready","WING A","A.05A ENSUITE","Substrate","Substrate Acceptable"
"f90b2027-de44-51f0-b852-081a0825ee15","","checkpoint-status","not-started","","","TRUE","TRUE","Site QA","Area Ready","WING A","A.05A ENSUITE","Substrate","Wet Area Screed Installed"
"cf877602-46f1-502f-b7b1-484235847f57","","checkpoint-group","not-started","","","FALSE","FALSE","Site QA","Area Ready","WING A","A.05A ENSUITE","Walls / Ceiling"
"a4b6e3e9-3f33-5fea-b682-a6fbe3900323","","checkpoint-status","not-started","","","TRUE","TRUE","Site QA","Area Ready","WING A","A.05A ENSUITE","Walls / Ceiling","Ceiling Installed"
"71f91baa-8098-57df-9eda-08716cbbbc16","","checkpoint-status","not-started","","","TRUE","TRUE","Site QA","Area Ready","WING A","A.05A ENSUITE","Walls / Ceiling","Gyprock"
"dfe562cd-9654-5a14-9729-5644ad4ef529","","checkpoint-status","not-started","","","TRUE","TRUE","Site QA","Area Ready","WING A","A.05A ENSUITE","Walls / Ceiling","Plastered"
"a8c07f0c-b3aa-5eb3-a605-2828b1f6fce6","","checkpoint-status","not-started","","","TRUE","TRUE","Site QA","Area Ready","WING A","A.05A ENSUITE","Walls / Ceiling","Plaster Sanded"
"d4a72f35-161a-59b4-8b0d-7d3432ad27e7","","checkpoint-status","not-started","","","TRUE","TRUE","Site QA","Area Ready","WING A","A.05A ENSUITE","Walls / Ceiling","Painted"
"56233fb5-4b58-498c-a999-35984ee464ec","","checklist-sectioned","not-started","Area Ready Checklist","checklist","FALSE","FALSE","Site QA","Area Ready","WING A","A.06 BED"
"9b93bfc5-36af-5d31-90ef-b45ab3dfe853","","checkpoint-group","not-started","","","FALSE","FALSE","Site QA","Area Ready","WING A","A.06 BED","Substrate"
"5f5971bb-bc5b-5dfb-8ee5-c972e359fc9f","","checkpoint-status","not-started","","","TRUE","TRUE","Site QA","Area Ready","WING A","A.06 BED","Substrate","Substrate Acceptable"
"dcf91b97-22ad-5bc6-9650-97bac61b6636","","checkpoint-status","not-started","","","TRUE","TRUE","Site QA","Area Ready","WING A","A.06 BED","Substrate","Wet Area Screed Installed"
"b08d0d24-c10c-511e-860c-2edbb2103492","","checkpoint-group","not-started","","","FALSE","FALSE","Site QA","Area Ready","WING A","A.06 BED","Walls / Ceiling"
"ca67a2eb-e81d-5418-bcfa-042333331480","","checkpoint-status","not-started","","","TRUE","TRUE","Site QA","Area Ready","WING A","A.06 BED","Walls / Ceiling","Ceiling Installed"
"9d45a803-1444-5772-ac9e-d1d272f3a00f","","checkpoint-status","not-started","","","TRUE","TRUE","Site QA","Area Ready","WING A","A.06 BED","Walls / Ceiling","Gyprock"
"4e5e632e-6141-50d8-bf75-2863e399c9bf","","checkpoint-status","not-started","","","TRUE","TRUE","Site QA","Area Ready","WING A","A.06 BED","Walls / Ceiling","Plastered"
"a0e39899-8e59-53a7-aee8-c58dfcd47145","","checkpoint-status","not-started","","","TRUE","TRUE","Site QA","Area Ready","WING A","A.06 BED","Walls / Ceiling","Plaster Sanded"
"2ec9dd5d-e940-5446-b34c-c20ed0c606ca","","checkpoint-status","not-started","","","TRUE","TRUE","Site QA","Area Ready","WING A","A.06 BED","Walls / Ceiling","Painted"
"2ff52a8c-6c45-4924-9f25-8fa693555d45","","checklist-sectioned","not-started","Area Ready Checklist","checklist","FALSE","FALSE","Site QA","Area Ready","WING A","A.07 BED"
"2ebb483d-1741-5108-b77c-20e9c5a0a2bf","","checkpoint-group","not-started","","","FALSE","FALSE","Site QA","Area Ready","WING A","A.07 BED","Substrate"
"74149ebf-bcac-5194-bd3e-b4761bebb460","","checkpoint-status","not-started","","","TRUE","TRUE","Site QA","Area Ready","WING A","A.07 BED","Substrate","Substrate Acceptable"
"3da190c7-f6f6-5a3b-9928-d0c567d59215","","checkpoint-status","not-started","","","TRUE","TRUE","Site QA","Area Ready","WING A","A.07 BED","Substrate","Wet Area Screed Installed"
"09e3f103-4cd3-57fb-9996-d711837afbd4","","checkpoint-group","not-started","","","FALSE","FALSE","Site QA","Area Ready","WING A","A.07 BED","Walls / Ceiling"
"e4df9e8d-8ff7-540d-a259-7211332771e0","","checkpoint-status","not-started","","","TRUE","TRUE","Site QA","Area Ready","WING A","A.07 BED","Walls / Ceiling","Ceiling Installed"
"8ebe0f87-939b-5a56-87b9-6f5e855fb4db","","checkpoint-status","not-started","","","TRUE","TRUE","Site QA","Area Ready","WING A","A.07 BED","Walls / Ceiling","Gyprock"
"bba9767e-53d2-5699-a7a1-2418a3bf368e","","checkpoint-status","not-started","","","TRUE","TRUE","Site QA","Area Ready","WING A","A.07 BED","Walls / Ceiling","Plastered"
"10683324-0fbd-5200-9b5f-c34b05b6c773","","checkpoint-status","not-started","","","TRUE","TRUE","Site QA","Area Ready","WING A","A.07 BED","Walls / Ceiling","Plaster Sanded"
"7806510e-96cd-535c-b782-f2f514e27e08","","checkpoint-status","not-started","","","TRUE","TRUE","Site QA","Area Ready","WING A","A.07 BED","Walls / Ceiling","Painted"
"1edf1aad-13c5-4c92-a96a-2761efbba64e","","checklist-sectioned","not-started","Area Ready Checklist","checklist","FALSE","FALSE","Site QA","Area Ready","WING A","A.07A ENSUITE"
"090f11e8-ac89-5ff6-9a10-76b88b38cc89","","checkpoint-group","not-started","","","FALSE","FALSE","Site QA","Area Ready","WING A","A.07A ENSUITE","Substrate"
"17170cca-a5e4-5e71-9eea-a7aca66ebe49","","checkpoint-status","not-started","","","TRUE","TRUE","Site QA","Area Ready","WING A","A.07A ENSUITE","Substrate","Substrate Acceptable"
"304e5e7d-cb4d-5fa4-a72c-802f3e7f9eec","","checkpoint-status","not-started","","","TRUE","TRUE","Site QA","Area Ready","WING A","A.07A ENSUITE","Substrate","Wet Area Screed Installed"
"3af398bb-f701-543f-b631-b0f0116040ed","","checkpoint-group","not-started","","","FALSE","FALSE","Site QA","Area Ready","WING A","A.07A ENSUITE","Walls / Ceiling"
"ad7eb499-5a5c-5be9-acdd-17c4978b6a08","","checkpoint-status","not-started","","","TRUE","TRUE","Site QA","Area Ready","WING A","A.07A ENSUITE","Walls / Ceiling","Ceiling Installed"
"6685e5fc-fb23-5414-a08c-d6a7e9f4eb97","","checkpoint-status","not-started","","","TRUE","TRUE","Site QA","Area Ready","WING A","A.07A ENSUITE","Walls / Ceiling","Gyprock"
"9074d6d5-0a20-5e5d-b6ec-ea551729a3d1","","checkpoint-status","not-started","","","TRUE","TRUE","Site QA","Area Ready","WING A","A.07A ENSUITE","Walls / Ceiling","Plastered"
"e170d4bf-efc2-5bbc-be39-66f17e20a344","","checkpoint-status","not-started","","","TRUE","TRUE","Site QA","Area Ready","WING A","A.07A ENSUITE","Walls / Ceiling","Plaster Sanded"
"e8c1dc43-bde6-5149-9abc-8e97693b68d2","","checkpoint-status","not-started","","","TRUE","TRUE","Site QA","Area Ready","WING A","A.07A ENSUITE","Walls / Ceiling","Painted"
"ff4e3e6d-9759-4b35-a230-c77e5a946320","","checklist-sectioned","not-started","Area Ready Checklist","checklist","FALSE","FALSE","Site QA","Area Ready","WING A","A.08 BED"
"fb297fe2-69c4-5967-991a-4352998ff39e","","checkpoint-group","not-started","","","FALSE","FALSE","Site QA","Area Ready","WING A","A.08 BED","Substrate"
"e34a2e52-fb0e-55fd-a5ee-ff592964346f","","checkpoint-status","not-started","","","TRUE","TRUE","Site QA","Area Ready","WING A","A.08 BED","Substrate","Substrate Acceptable"
"7df7bbe8-07e5-5ec9-94ac-4fcdf983bef6","","checkpoint-status","not-started","","","TRUE","TRUE","Site QA","Area Ready","WING A","A.08 BED","Substrate","Wet Area Screed Installed"
"6b0ff1ac-43e2-58c1-8059-7fdfdf3483ae","","checkpoint-group","not-started","","","FALSE","FALSE","Site QA","Area Ready","WING A","A.08 BED","Walls / Ceiling"
"dbb6acf8-b96f-5041-a8eb-6879868e4d0e","","checkpoint-status","not-started","","","TRUE","TRUE","Site QA","Area Ready","WING A","A.08 BED","Walls / Ceiling","Ceiling Installed"
"66c1f722-7b78-5a4a-ab07-5c69993ba123","","checkpoint-status","not-started","","","TRUE","TRUE","Site QA","Area Ready","WING A","A.08 BED","Walls / Ceiling","Gyprock"
"491cb350-4a21-5f1a-8d64-a1960783d783","","checkpoint-status","not-started","","","TRUE","TRUE","Site QA","Area Ready","WING A","A.08 BED","Walls / Ceiling","Plastered"
"ab8dd613-8575-51b5-a044-9cfeea67fee9","","checkpoint-status","not-started","","","TRUE","TRUE","Site QA","Area Ready","WING A","A.08 BED","Walls / Ceiling","Plaster Sanded"
"9e62cee6-7884-53c2-adb8-71c173b7316e","","checkpoint-status","not-started","","","TRUE","TRUE","Site QA","Area Ready","WING A","A.08 BED","Walls / Ceiling","Painted"
"327c3264-e449-4d57-8a54-8bde62cca80d","","checklist-sectioned","not-started","Area Ready Checklist","checklist","FALSE","FALSE","Site QA","Area Ready","WING A","A.08A ENSUITE"
"130bd602-458e-5a11-ae71-25ffe349edef","","checkpoint-group","not-started","","","FALSE","FALSE","Site QA","Area Ready","WING A","A.08A ENSUITE","Substrate"
"3e0dc987-b3cd-54ad-9548-ca2a9181bdc0","","checkpoint-status","not-started","","","TRUE","TRUE","Site QA","Area Ready","WING A","A.08A ENSUITE","Substrate","Substrate Acceptable"
"ca4a05d9-a166-5d12-8f88-08fa7dbb97e0","","checkpoint-status","not-started","","","TRUE","TRUE","Site QA","Area Ready","WING A","A.08A ENSUITE","Substrate","Wet Area Screed Installed"
"dd10f61b-9a94-5b2a-a168-5414ab2466c1","","checkpoint-group","not-started","","","FALSE","FALSE","Site QA","Area Ready","WING A","A.08A ENSUITE","Walls / Ceiling"
"828e8002-1f90-580d-9efe-fb8dd55448a1","","checkpoint-status","not-started","","","TRUE","TRUE","Site QA","Area Ready","WING A","A.08A ENSUITE","Walls / Ceiling","Ceiling Installed"
"b9666ce2-b78f-588e-ab3a-cecfe66540b4","","checkpoint-status","not-started","","","TRUE","TRUE","Site QA","Area Ready","WING A","A.08A ENSUITE","Walls / Ceiling","Gyprock"
"81e6bad3-4285-53e9-b844-6ef6a95ee105","","checkpoint-status","not-started","","","TRUE","TRUE","Site QA","Area Ready","WING A","A.08A ENSUITE","Walls / Ceiling","Plastered"
"7f485207-bde0-5f7d-9995-d743f4055f42","","checkpoint-status","not-started","","","TRUE","TRUE","Site QA","Area Ready","WING A","A.08A ENSUITE","Walls / Ceiling","Plaster Sanded"
"bd77b6d3-971a-54fb-b68a-f9705655353f","","checkpoint-status","not-started","","","TRUE","TRUE","Site QA","Area Ready","WING A","A.08A ENSUITE","Walls / Ceiling","Painted"
"50a976e9-5fdf-49c9-b2ca-8b4a24ff036c","","checklist-sectioned","not-started","Area Ready Checklist","checklist","FALSE","FALSE","Site QA","Area Ready","WING A","A.12 UNISEX DISABLED WC"
"7bc9708f-c822-5418-bb25-9d3fdb5f2094","","checkpoint-group","not-started","","","FALSE","FALSE","Site QA","Area Ready","WING A","A.12 UNISEX DISABLED WC","Substrate"
"040cd7bb-139a-5e53-a662-bd94eb87391e","","checkpoint-status","not-started","","","TRUE","TRUE","Site QA","Area Ready","WING A","A.12 UNISEX DISABLED WC","Substrate","Substrate Acceptable"
"e0dcc94e-fc01-50c6-9092-25f0f7955083","","checkpoint-status","not-started","","","TRUE","TRUE","Site QA","Area Ready","WING A","A.12 UNISEX DISABLED WC","Substrate","Wet Area Screed Installed"
"82616441-159c-5d9c-9f0b-0a235ccf018c","","checkpoint-group","not-started","","","FALSE","FALSE","Site QA","Area Ready","WING A","A.12 UNISEX DISABLED WC","Walls / Ceiling"
"d0ea7d3e-f5cd-5839-8f00-16c8e129ac0d","","checkpoint-status","not-started","","","TRUE","TRUE","Site QA","Area Ready","WING A","A.12 UNISEX DISABLED WC","Walls / Ceiling","Ceiling Installed"
"a5677008-3315-5c30-9bda-e6960e717e27","","checkpoint-status","not-started","","","TRUE","TRUE","Site QA","Area Ready","WING A","A.12 UNISEX DISABLED WC","Walls / Ceiling","Gyprock"
"66267ea3-387b-551f-a08b-220e8bbe15b5","","checkpoint-status","not-started","","","TRUE","TRUE","Site QA","Area Ready","WING A","A.12 UNISEX DISABLED WC","Walls / Ceiling","Plastered"
"46dbe729-a073-5f12-8eef-bf3b12f6384a","","checkpoint-status","not-started","","","TRUE","TRUE","Site QA","Area Ready","WING A","A.12 UNISEX DISABLED WC","Walls / Ceiling","Plaster Sanded"
"508a52d4-a1f1-57b2-950c-bd70ca2a8b5b","","checkpoint-status","not-started","","","TRUE","TRUE","Site QA","Area Ready","WING A","A.12 UNISEX DISABLED WC","Walls / Ceiling","Painted"
"45d90399-8478-4408-b3a1-f7c03fc64cc0","","checklist-sectioned","not-started","Area Ready Checklist","checklist","FALSE","FALSE","Site QA","Area Ready","WING A","A.13 CLEAN UTILITY"
"33d54871-7c84-588f-a35e-920ab10d047d","","checkpoint-group","not-started","","","FALSE","FALSE","Site QA","Area Ready","WING A","A.13 CLEAN UTILITY","Substrate"
"751c4b9b-7661-5aed-8972-a7adfea8895a","","checkpoint-status","not-started","","","TRUE","TRUE","Site QA","Area Ready","WING A","A.13 CLEAN UTILITY","Substrate","Substrate Acceptable"
"61721c0c-badb-599c-b2c9-f10120f49a08","","checkpoint-status","not-started","","","TRUE","TRUE","Site QA","Area Ready","WING A","A.13 CLEAN UTILITY","Substrate","Wet Area Screed Installed"
"14d2b855-ed34-5527-92e6-d15f5f7e658b","","checkpoint-group","not-started","","","FALSE","FALSE","Site QA","Area Ready","WING A","A.13 CLEAN UTILITY","Walls / Ceiling"
"94daba56-1271-53fa-aa20-6a3c6da89edc","","checkpoint-status","not-started","","","TRUE","TRUE","Site QA","Area Ready","WING A","A.13 CLEAN UTILITY","Walls / Ceiling","Ceiling Installed"
"a45f0d2c-381a-5e28-b928-305d654e071c","","checkpoint-status","not-started","","","TRUE","TRUE","Site QA","Area Ready","WING A","A.13 CLEAN UTILITY","Walls / Ceiling","Gyprock"
"1671326d-e1a3-54fd-873e-1e890892d78f","","checkpoint-status","not-started","","","TRUE","TRUE","Site QA","Area Ready","WING A","A.13 CLEAN UTILITY","Walls / Ceiling","Plastered"
"6ab8fb7f-53dd-5fca-9850-f79a3d10529f","","checkpoint-status","not-started","","","TRUE","TRUE","Site QA","Area Ready","WING A","A.13 CLEAN UTILITY","Walls / Ceiling","Plaster Sanded"
"218c2308-3cdf-530d-9e63-94d34bd51a49","","checkpoint-status","not-started","","","TRUE","TRUE","Site QA","Area Ready","WING A","A.13 CLEAN UTILITY","Walls / Ceiling","Painted"
"4731de8f-bd49-450d-baef-029d0d4f8c36","","checklist-sectioned","not-started","Area Ready Checklist","checklist","FALSE","FALSE","Site QA","Area Ready","WING A","A.14 NURSES STATION"
"26ec8d1e-ad78-55e2-a133-0e735024a0b1","","checkpoint-group","not-started","","","FALSE","FALSE","Site QA","Area Ready","WING A","A.14 NURSES STATION","Substrate"
"21629d42-d525-5609-bb0f-e7a807dc20f9","","checkpoint-status","not-started","","","TRUE","TRUE","Site QA","Area Ready","WING A","A.14 NURSES STATION","Substrate","Substrate Acceptable"
"6096d627-cfa0-5828-abc8-486afb95c687","","checkpoint-status","not-started","","","TRUE","TRUE","Site QA","Area Ready","WING A","A.14 NURSES STATION","Substrate","Wet Area Screed Installed"
"7c52a6ff-f838-56da-a216-cdfdfbfa32da","","checkpoint-group","not-started","","","FALSE","FALSE","Site QA","Area Ready","WING A","A.14 NURSES STATION","Walls / Ceiling"
"ba564c7a-9cd6-5a10-8f3b-b5039d8091b0","","checkpoint-status","not-started","","","TRUE","TRUE","Site QA","Area Ready","WING A","A.14 NURSES STATION","Walls / Ceiling","Ceiling Installed"
"1cb0687c-2fcc-5c07-86b9-76465380b70f","","checkpoint-status","not-started","","","TRUE","TRUE","Site QA","Area Ready","WING A","A.14 NURSES STATION","Walls / Ceiling","Gyprock"
"a94bb72b-f420-51ca-8ddd-4a8bf39a03e0","","checkpoint-status","not-started","","","TRUE","TRUE","Site QA","Area Ready","WING A","A.14 NURSES STATION","Walls / Ceiling","Plastered"
"8eaf9e31-397c-57f1-af61-475515c96432","","checkpoint-status","not-started","","","TRUE","TRUE","Site QA","Area Ready","WING A","A.14 NURSES STATION","Walls / Ceiling","Plaster Sanded"
"828c67d6-d3f7-53cf-8daa-f104a9158579","","checkpoint-status","not-started","","","TRUE","TRUE","Site QA","Area Ready","WING A","A.14 NURSES STATION","Walls / Ceiling","Painted"
"c38e4221-292e-4ddd-b467-571d865ac8f2","","checklist-sectioned","not-started","Area Ready Checklist","checklist","FALSE","FALSE","Site QA","Area Ready","WING A","A.15 BED"
"44ebdaaa-c308-54f3-a09b-9fd04375109b","","checkpoint-group","not-started","","","FALSE","FALSE","Site QA","Area Ready","WING A","A.15 BED","Substrate"
"693975bf-6f0e-5124-8023-35839327067f","","checkpoint-status","not-started","","","TRUE","TRUE","Site QA","Area Ready","WING A","A.15 BED","Substrate","Substrate Acceptable"
"657b33f2-7031-59cf-95e0-882ae28bdd10","","checkpoint-status","not-started","","","TRUE","TRUE","Site QA","Area Ready","WING A","A.15 BED","Substrate","Wet Area Screed Installed"
"b5e3a61e-9f11-5dab-8f33-b97bc389eeba","","checkpoint-group","not-started","","","FALSE","FALSE","Site QA","Area Ready","WING A","A.15 BED","Walls / Ceiling"
"22b3605c-1bfd-5e36-b977-65f51a36ff47","","checkpoint-status","not-started","","","TRUE","TRUE","Site QA","Area Ready","WING A","A.15 BED","Walls / Ceiling","Ceiling Installed"
"6fb3e493-91f7-53b1-a13c-14426babd407","","checkpoint-status","not-started","","","TRUE","TRUE","Site QA","Area Ready","WING A","A.15 BED","Walls / Ceiling","Gyprock"
"7f8e8b12-9d8e-5d7c-bfca-47a6b3dd52bd","","checkpoint-status","not-started","","","TRUE","TRUE","Site QA","Area Ready","WING A","A.15 BED","Walls / Ceiling","Plastered"
"db748277-8cec-5b2c-83ff-b0a086e067ba","","checkpoint-status","not-started","","","TRUE","TRUE","Site QA","Area Ready","WING A","A.15 BED","Walls / Ceiling","Plaster Sanded"
"e21b166b-0672-5ea8-888b-f7107b34896b","","checkpoint-status","not-started","","","TRUE","TRUE","Site QA","Area Ready","WING A","A.15 BED","Walls / Ceiling","Painted"
"e5f17a09-953b-415a-8af9-98ed676b3f41","","checklist-sectioned","not-started","Area Ready Checklist","checklist","FALSE","FALSE","Site QA","Area Ready","WING A","A.15A ENSUITE"
"fe57d58a-2ab4-557a-bfc5-23a320ecdbd8","","checkpoint-group","not-started","","","FALSE","FALSE","Site QA","Area Ready","WING A","A.15A ENSUITE","Substrate"
"b3684886-b761-50ba-97a4-b2f3b469542e","","checkpoint-status","not-started","","","TRUE","TRUE","Site QA","Area Ready","WING A","A.15A ENSUITE","Substrate","Substrate Acceptable"
"8f2b406a-6a31-5d51-9fef-aae86c112190","","checkpoint-status","not-started","","","TRUE","TRUE","Site QA","Area Ready","WING A","A.15A ENSUITE","Substrate","Wet Area Screed Installed"
"08d83ea0-d3c2-57fd-b3e4-eaca7f869410","","checkpoint-group","not-started","","","FALSE","FALSE","Site QA","Area Ready","WING A","A.15A ENSUITE","Walls / Ceiling"
"d89e5fd5-c6b5-5b19-92ea-0f555d320125","","checkpoint-status","not-started","","","TRUE","TRUE","Site QA","Area Ready","WING A","A.15A ENSUITE","Walls / Ceiling","Ceiling Installed"
"5eb4676b-7930-5896-943c-189402630b5f","","checkpoint-status","not-started","","","TRUE","TRUE","Site QA","Area Ready","WING A","A.15A ENSUITE","Walls / Ceiling","Gyprock"
"125d94a7-2ff6-5070-bc84-eeff67f03613","","checkpoint-status","not-started","","","TRUE","TRUE","Site QA","Area Ready","WING A","A.15A ENSUITE","Walls / Ceiling","Plastered"
"1dca5418-7033-5f9e-b327-25f44128e519","","checkpoint-status","not-started","","","TRUE","TRUE","Site QA","Area Ready","WING A","A.15A ENSUITE","Walls / Ceiling","Plaster Sanded"
"07c54614-ffeb-5e22-bbf1-b941ccb2b4b4","","checkpoint-status","not-started","","","TRUE","TRUE","Site QA","Area Ready","WING A","A.15A ENSUITE","Walls / Ceiling","Painted"
"3ca1c9c9-6316-447c-b2e5-8929e71a5ec4","","checklist-sectioned","not-started","Area Ready Checklist","checklist","FALSE","FALSE","Site QA","Area Ready","WING A","A.16 BED"
"96a52854-f200-58c2-8c39-ae9966013071","","checkpoint-group","not-started","","","FALSE","FALSE","Site QA","Area Ready","WING A","A.16 BED","Substrate"
"aaf49748-6378-5d76-9573-44488501efeb","","checkpoint-status","not-started","","","TRUE","TRUE","Site QA","Area Ready","WING A","A.16 BED","Substrate","Substrate Acceptable"
"bab77406-b0b8-5b5a-b830-c233ac0c31f4","","checkpoint-status","not-started","","","TRUE","TRUE","Site QA","Area Ready","WING A","A.16 BED","Substrate","Wet Area Screed Installed"
"0dec2c1e-30ae-5983-ac4a-8398b98a59de","","checkpoint-group","not-started","","","FALSE","FALSE","Site QA","Area Ready","WING A","A.16 BED","Walls / Ceiling"
"ccfc2007-187d-5de3-9ab1-9fa59b9e1cf1","","checkpoint-status","not-started","","","TRUE","TRUE","Site QA","Area Ready","WING A","A.16 BED","Walls / Ceiling","Ceiling Installed"
"72b4abcf-e779-51d5-8418-f32f5c09ba2c","","checkpoint-status","not-started","","","TRUE","TRUE","Site QA","Area Ready","WING A","A.16 BED","Walls / Ceiling","Gyprock"
"d2791666-b84c-5272-902a-94a5b85a87a8","","checkpoint-status","not-started","","","TRUE","TRUE","Site QA","Area Ready","WING A","A.16 BED","Walls / Ceiling","Plastered"
"ac06b5af-0828-58d4-9639-d2b575c84a5d","","checkpoint-status","not-started","","","TRUE","TRUE","Site QA","Area Ready","WING A","A.16 BED","Walls / Ceiling","Plaster Sanded"
"5f035548-11f4-55a2-b2bc-3d77ec03f063","","checkpoint-status","not-started","","","TRUE","TRUE","Site QA","Area Ready","WING A","A.16 BED","Walls / Ceiling","Painted"
"fcd3ebca-6429-449a-a18e-d0f745f11dd0","","checklist-sectioned","not-started","Area Ready Checklist","checklist","FALSE","FALSE","Site QA","Area Ready","WING A","A.17 BED"
"df5929af-37bf-576a-ad8c-5bc0a496c864","","checkpoint-group","not-started","","","FALSE","FALSE","Site QA","Area Ready","WING A","A.17 BED","Substrate"
"191f29eb-4e36-5f19-bc10-597bb39ff1a0","","checkpoint-status","not-started","","","TRUE","TRUE","Site QA","Area Ready","WING A","A.17 BED","Substrate","Substrate Acceptable"
"28de4090-08ed-58c3-8793-0584a9607f04","","checkpoint-status","not-started","","","TRUE","TRUE","Site QA","Area Ready","WING A","A.17 BED","Substrate","Wet Area Screed Installed"
"0072eda0-241e-5823-9089-32a527173354","","checkpoint-group","not-started","","","FALSE","FALSE","Site QA","Area Ready","WING A","A.17 BED","Walls / Ceiling"
"2348d6b0-be60-54cb-b42d-8d5ba822ad49","","checkpoint-status","not-started","","","TRUE","TRUE","Site QA","Area Ready","WING A","A.17 BED","Walls / Ceiling","Ceiling Installed"
"11eba431-e1d5-5893-9068-fa1ffb6e3731","","checkpoint-status","not-started","","","TRUE","TRUE","Site QA","Area Ready","WING A","A.17 BED","Walls / Ceiling","Gyprock"
"98539442-dbaf-5b54-83e8-1418827dfd35","","checkpoint-status","not-started","","","TRUE","TRUE","Site QA","Area Ready","WING A","A.17 BED","Walls / Ceiling","Plastered"
"c9de2b98-1cd5-5088-ba7f-1830b4b4a1b0","","checkpoint-status","not-started","","","TRUE","TRUE","Site QA","Area Ready","WING A","A.17 BED","Walls / Ceiling","Plaster Sanded"
"d28c5144-f936-581f-aca2-b7f7a4ff4695","","checkpoint-status","not-started","","","TRUE","TRUE","Site QA","Area Ready","WING A","A.17 BED","Walls / Ceiling","Painted"
"f45df1ae-8b41-46d7-a490-b7872998f2e1","","checklist-sectioned","not-started","Area Ready Checklist","checklist","FALSE","FALSE","Site QA","Area Ready","WING A","A.17A ENSUITE"
"8b22dd06-be25-5a26-9c58-9e072410c673","","checkpoint-group","not-started","","","FALSE","FALSE","Site QA","Area Ready","WING A","A.17A ENSUITE","Substrate"
"c0641857-6c95-5f69-969b-a2d5d68e0d8d","","checkpoint-status","not-started","","","TRUE","TRUE","Site QA","Area Ready","WING A","A.17A ENSUITE","Substrate","Substrate Acceptable"
"80ce3894-a768-5f5f-a35f-63c812d87d1d","","checkpoint-status","not-started","","","TRUE","TRUE","Site QA","Area Ready","WING A","A.17A ENSUITE","Substrate","Wet Area Screed Installed"
"a3fd0ed4-c3d0-5b5b-8783-9b6282d6a3a7","","checkpoint-group","not-started","","","FALSE","FALSE","Site QA","Area Ready","WING A","A.17A ENSUITE","Walls / Ceiling"
"6e041bcb-2c42-579b-93f0-240ea1ae71c4","","checkpoint-status","not-started","","","TRUE","TRUE","Site QA","Area Ready","WING A","A.17A ENSUITE","Walls / Ceiling","Ceiling Installed"
"f95bd10d-919b-50ae-aa76-c29c0059683a","","checkpoint-status","not-started","","","TRUE","TRUE","Site QA","Area Ready","WING A","A.17A ENSUITE","Walls / Ceiling","Gyprock"
"22d98d70-bb95-5e26-a374-b8befd89bdc9","","checkpoint-status","not-started","","","TRUE","TRUE","Site QA","Area Ready","WING A","A.17A ENSUITE","Walls / Ceiling","Plastered"
"eaf5b9cb-7e59-5f36-9dc5-4b2a6610e2ed","","checkpoint-status","not-started","","","TRUE","TRUE","Site QA","Area Ready","WING A","A.17A ENSUITE","Walls / Ceiling","Plaster Sanded"
"be172d24-c58b-5e82-9d57-291c777689b8","","checkpoint-status","not-started","","","TRUE","TRUE","Site QA","Area Ready","WING A","A.17A ENSUITE","Walls / Ceiling","Painted"
"47e7aedb-6c47-4689-b41e-09acc8e8e307","","checklist-sectioned","not-started","Area Ready Checklist","checklist","FALSE","FALSE","Site QA","Area Ready","WING A","A.18 BED"
"6171e9f9-d670-5ce3-aed7-3e0fa9c7f6f7","","checkpoint-group","not-started","","","FALSE","FALSE","Site QA","Area Ready","WING A","A.18 BED","Substrate"
"341518da-3739-5007-a38d-9cbf8f6b9a27","","checkpoint-status","not-started","","","TRUE","TRUE","Site QA","Area Ready","WING A","A.18 BED","Substrate","Substrate Acceptable"
"0e78154e-14ad-5ded-b0de-d7368ac51a15","","checkpoint-status","not-started","","","TRUE","TRUE","Site QA","Area Ready","WING A","A.18 BED","Substrate","Wet Area Screed Installed"
"fd49dc50-8736-50a3-9657-fc0f65cb4161","","checkpoint-group","not-started","","","FALSE","FALSE","Site QA","Area Ready","WING A","A.18 BED","Walls / Ceiling"
"b0743417-cf8b-5370-8bd6-1d41582db724","","checkpoint-status","not-started","","","TRUE","TRUE","Site QA","Area Ready","WING A","A.18 BED","Walls / Ceiling","Ceiling Installed"
"b8b4ee59-d4f5-5056-a585-574c5b945a23","","checkpoint-status","not-started","","","TRUE","TRUE","Site QA","Area Ready","WING A","A.18 BED","Walls / Ceiling","Gyprock"
"45a6378a-24a3-5f28-95d4-4b918c7bda0e","","checkpoint-status","not-started","","","TRUE","TRUE","Site QA","Area Ready","WING A","A.18 BED","Walls / Ceiling","Plastered"
"3f10e2fb-fcba-5407-8ef0-bc4d2a30d127","","checkpoint-status","not-started","","","TRUE","TRUE","Site QA","Area Ready","WING A","A.18 BED","Walls / Ceiling","Plaster Sanded"
"2f7de087-3164-55b8-8dd5-0d2f6f06c40a","","checkpoint-status","not-started","","","TRUE","TRUE","Site QA","Area Ready","WING A","A.18 BED","Walls / Ceiling","Painted"
"0e364446-feae-4345-becd-78d7e5b3f73c","","checklist-sectioned","not-started","Area Ready Checklist","checklist","FALSE","FALSE","Site QA","Area Ready","WING A","A.18A ENSUITE"
"b8974a71-601b-5889-a9a1-5917255ae943","","checkpoint-group","not-started","","","FALSE","FALSE","Site QA","Area Ready","WING A","A.18A ENSUITE","Substrate"
"60a0ee87-a847-573e-8306-127cfcd1e211","","checkpoint-status","not-started","","","TRUE","TRUE","Site QA","Area Ready","WING A","A.18A ENSUITE","Substrate","Substrate Acceptable"
"f19182f0-a3dc-50c8-80a4-cde7c7d94876","","checkpoint-status","not-started","","","TRUE","TRUE","Site QA","Area Ready","WING A","A.18A ENSUITE","Substrate","Wet Area Screed Installed"
"1c989b7f-e021-53c6-a7f5-148572929a5f","","checkpoint-group","not-started","","","FALSE","FALSE","Site QA","Area Ready","WING A","A.18A ENSUITE","Walls / Ceiling"
"5bafd077-3d08-56b4-94ff-40040bf93afb","","checkpoint-status","not-started","","","TRUE","TRUE","Site QA","Area Ready","WING A","A.18A ENSUITE","Walls / Ceiling","Ceiling Installed"
"aca57938-098a-5b6e-a367-11e3dbb9b04e","","checkpoint-status","not-started","","","TRUE","TRUE","Site QA","Area Ready","WING A","A.18A ENSUITE","Walls / Ceiling","Gyprock"
"57d5c947-5488-5ca0-a397-4bbcc9b054e7","","checkpoint-status","not-started","","","TRUE","TRUE","Site QA","Area Ready","WING A","A.18A ENSUITE","Walls / Ceiling","Plastered"
"1dbaaca2-7849-5595-887e-98711c638ad1","","checkpoint-status","not-started","","","TRUE","TRUE","Site QA","Area Ready","WING A","A.18A ENSUITE","Walls / Ceiling","Plaster Sanded"
"df937de8-067f-5d2f-885e-4b2bac96efa7","","checkpoint-status","not-started","","","TRUE","TRUE","Site QA","Area Ready","WING A","A.18A ENSUITE","Walls / Ceiling","Painted"
"e4ec1b3e-898d-4c44-a940-5149a39d653d","","checklist-sectioned","not-started","Area Ready Checklist","checklist","FALSE","FALSE","Site QA","Area Ready","WING A","A.20 STORE"
"f20c6371-7e54-5255-a1c4-efafbfcb7af9","","checkpoint-group","not-started","","","FALSE","FALSE","Site QA","Area Ready","WING A","A.20 STORE","Substrate"
"987e2f09-0b58-5ecb-97c0-bb8618af8a3d","","checkpoint-status","not-started","","","TRUE","TRUE","Site QA","Area Ready","WING A","A.20 STORE","Substrate","Substrate Acceptable"
"f575d41a-e9f8-5166-8184-7a4ef61c0e6b","","checkpoint-status","not-started","","","TRUE","TRUE","Site QA","Area Ready","WING A","A.20 STORE","Substrate","Wet Area Screed Installed"
"46836e46-34b3-5cc9-a7ab-20413da8bdc2","","checkpoint-group","not-started","","","FALSE","FALSE","Site QA","Area Ready","WING A","A.20 STORE","Walls / Ceiling"
"ab3029e5-1584-517a-a37c-0c8843b44ba5","","checkpoint-status","not-started","","","TRUE","TRUE","Site QA","Area Ready","WING A","A.20 STORE","Walls / Ceiling","Ceiling Installed"
"683baa61-5e2c-55a0-9709-b7b806c0a66f","","checkpoint-status","not-started","","","TRUE","TRUE","Site QA","Area Ready","WING A","A.20 STORE","Walls / Ceiling","Gyprock"
"c0f7f551-917e-5880-870c-c933f52c8868","","checkpoint-status","not-started","","","TRUE","TRUE","Site QA","Area Ready","WING A","A.20 STORE","Walls / Ceiling","Plastered"
"1d356295-e853-51d2-90d2-9a87e88cad30","","checkpoint-status","not-started","","","TRUE","TRUE","Site QA","Area Ready","WING A","A.20 STORE","Walls / Ceiling","Plaster Sanded"
"042ceb33-3d3e-588a-952e-822470dc0f20","","checkpoint-status","not-started","","","TRUE","TRUE","Site QA","Area Ready","WING A","A.20 STORE","Walls / Ceiling","Painted"
"36ee5a37-c45a-4ee7-ac3d-c5394edaa274","","checklist-sectioned","not-started","Area Ready Checklist","checklist","FALSE","FALSE","Site QA","Area Ready","WING A","A.21 CLEANER"
"b699e39d-76d4-50a4-a35d-b03394552b96","","checkpoint-group","not-started","","","FALSE","FALSE","Site QA","Area Ready","WING A","A.21 CLEANER","Substrate"
"78e0a82b-459e-571f-88d6-438e26f74b2a","","checkpoint-status","not-started","","","TRUE","TRUE","Site QA","Area Ready","WING A","A.21 CLEANER","Substrate","Substrate Acceptable"
"c1c14588-0e29-5f0f-bc23-08192b9e6158","","checkpoint-status","not-started","","","TRUE","TRUE","Site QA","Area Ready","WING A","A.21 CLEANER","Substrate","Wet Area Screed Installed"
"a43837aa-1e25-52eb-9101-abc2c59ae5fa","","checkpoint-group","not-started","","","FALSE","FALSE","Site QA","Area Ready","WING A","A.21 CLEANER","Walls / Ceiling"
"72dd159c-d3f1-5633-930a-43d5b7109b74","","checkpoint-status","not-started","","","TRUE","TRUE","Site QA","Area Ready","WING A","A.21 CLEANER","Walls / Ceiling","Ceiling Installed"
"1e632a0b-27fd-5589-897b-4ebf0e149e88","","checkpoint-status","not-started","","","TRUE","TRUE","Site QA","Area Ready","WING A","A.21 CLEANER","Walls / Ceiling","Gyprock"
"c85c5ec8-29b1-5014-9ecf-a05082cbf387","","checkpoint-status","not-started","","","TRUE","TRUE","Site QA","Area Ready","WING A","A.21 CLEANER","Walls / Ceiling","Plastered"
"168c885b-fedc-5d3c-a502-5618e0c4ed38","","checkpoint-status","not-started","","","TRUE","TRUE","Site QA","Area Ready","WING A","A.21 CLEANER","Walls / Ceiling","Plaster Sanded"
"19d70ce6-6027-5f3b-8989-4aebfdbdacf4","","checkpoint-status","not-started","","","TRUE","TRUE","Site QA","Area Ready","WING A","A.21 CLEANER","Walls / Ceiling","Painted"
"0c276a00-8144-4e0c-8a16-31b789366ed3","","checklist-sectioned","not-started","Area Ready Checklist","checklist","FALSE","FALSE","Site QA","Area Ready","WING A","A.23 BED"
"5c2491a2-63e0-5474-abbb-5e9a9e135add","","checkpoint-group","not-started","","","FALSE","FALSE","Site QA","Area Ready","WING A","A.23 BED","Substrate"
"07f1a5ac-0331-5fc6-8d30-660b8d28d10b","","checkpoint-status","not-started","","","TRUE","TRUE","Site QA","Area Ready","WING A","A.23 BED","Substrate","Substrate Acceptable"
"eb56536f-79d3-59cb-bebc-43c3213b1c10","","checkpoint-status","not-started","","","TRUE","TRUE","Site QA","Area Ready","WING A","A.23 BED","Substrate","Wet Area Screed Installed"
"b08d37cc-1c1d-5f56-9b0a-44225a2254a3","","checkpoint-group","not-started","","","FALSE","FALSE","Site QA","Area Ready","WING A","A.23 BED","Walls / Ceiling"
"eb51c9b9-5c78-5e04-9e84-c2803b464145","","checkpoint-status","not-started","","","TRUE","TRUE","Site QA","Area Ready","WING A","A.23 BED","Walls / Ceiling","Ceiling Installed"
"0b3116b1-0d38-50e7-8c88-3844da377f77","","checkpoint-status","not-started","","","TRUE","TRUE","Site QA","Area Ready","WING A","A.23 BED","Walls / Ceiling","Gyprock"
"64bd795d-b5f4-5314-92cf-32ad76e4378d","","checkpoint-status","not-started","","","TRUE","TRUE","Site QA","Area Ready","WING A","A.23 BED","Walls / Ceiling","Plastered"
"bb0c555e-d992-582b-876d-2d735d3eedd6","","checkpoint-status","not-started","","","TRUE","TRUE","Site QA","Area Ready","WING A","A.23 BED","Walls / Ceiling","Plaster Sanded"
"382d72ec-8ac0-5101-9953-9275c0fe4424","","checkpoint-status","not-started","","","TRUE","TRUE","Site QA","Area Ready","WING A","A.23 BED","Walls / Ceiling","Painted"
"5ab0b42e-d004-4afd-878e-71443ab6558f","","checklist-sectioned","not-started","Area Ready Checklist","checklist","FALSE","FALSE","Site QA","Area Ready","WING A","A.23A ENSUITE"
"9b0aafc3-d803-53a5-9c15-11ea6009c8d7","","checkpoint-group","not-started","","","FALSE","FALSE","Site QA","Area Ready","WING A","A.23A ENSUITE","Substrate"
"d76ae1da-0219-543a-9cf4-b0baa4bc9186","","checkpoint-status","not-started","","","TRUE","TRUE","Site QA","Area Ready","WING A","A.23A ENSUITE","Substrate","Substrate Acceptable"
"4c810150-6a0a-5451-b074-06b6f75d56e3","","checkpoint-status","not-started","","","TRUE","TRUE","Site QA","Area Ready","WING A","A.23A ENSUITE","Substrate","Wet Area Screed Installed"
"dc207b27-1d95-5522-bd54-f1247bc8172e","","checkpoint-group","not-started","","","FALSE","FALSE","Site QA","Area Ready","WING A","A.23A ENSUITE","Walls / Ceiling"
"1d4967e2-0704-5e56-9423-0fb0f778b664","","checkpoint-status","not-started","","","TRUE","TRUE","Site QA","Area Ready","WING A","A.23A ENSUITE","Walls / Ceiling","Ceiling Installed"
"d4b21985-364e-512c-8598-661ecb8c3dad","","checkpoint-status","not-started","","","TRUE","TRUE","Site QA","Area Ready","WING A","A.23A ENSUITE","Walls / Ceiling","Gyprock"
"dca14a59-ec8d-551b-87ff-ecfa4dafc194","","checkpoint-status","not-started","","","TRUE","TRUE","Site QA","Area Ready","WING A","A.23A ENSUITE","Walls / Ceiling","Plastered"
"57b62623-94b8-5bbb-94fa-976dd8f2cef3","","checkpoint-status","not-started","","","TRUE","TRUE","Site QA","Area Ready","WING A","A.23A ENSUITE","Walls / Ceiling","Plaster Sanded"
"4fd59f7c-04f4-5dc0-a454-3f3b4728cd86","","checkpoint-status","not-started","","","TRUE","TRUE","Site QA","Area Ready","WING A","A.23A ENSUITE","Walls / Ceiling","Painted"
"094c4588-cce4-43d1-9608-9072738d7da2","","checklist-sectioned","not-started","Area Ready Checklist","checklist","FALSE","FALSE","Site QA","Area Ready","WING A","A.29 BED"
"0eb47a9a-e139-53e6-b1ac-b1ee0f8a81b2","","checkpoint-group","not-started","","","FALSE","FALSE","Site QA","Area Ready","WING A","A.29 BED","Substrate"
"d3002051-d5ac-50a1-a74b-c83c5ef7f672","","checkpoint-status","not-started","","","TRUE","TRUE","Site QA","Area Ready","WING A","A.29 BED","Substrate","Substrate Acceptable"
"5e88c8a0-402c-5187-b556-089f01494221","","checkpoint-status","not-started","","","TRUE","TRUE","Site QA","Area Ready","WING A","A.29 BED","Substrate","Wet Area Screed Installed"
"8c651784-49cc-5693-9eae-cff6b5209585","","checkpoint-group","not-started","","","FALSE","FALSE","Site QA","Area Ready","WING A","A.29 BED","Walls / Ceiling"
"317c1cfb-555c-587d-9081-52bc2be54451","","checkpoint-status","not-started","","","TRUE","TRUE","Site QA","Area Ready","WING A","A.29 BED","Walls / Ceiling","Ceiling Installed"
"7430952e-53c0-5f58-b498-d0de069377aa","","checkpoint-status","not-started","","","TRUE","TRUE","Site QA","Area Ready","WING A","A.29 BED","Walls / Ceiling","Gyprock"
"b96f5400-3f2d-5423-8606-2650ff0a7ede","","checkpoint-status","not-started","","","TRUE","TRUE","Site QA","Area Ready","WING A","A.29 BED","Walls / Ceiling","Plastered"
"62f72ed7-9501-50d7-8d35-d413436d12a3","","checkpoint-status","not-started","","","TRUE","TRUE","Site QA","Area Ready","WING A","A.29 BED","Walls / Ceiling","Plaster Sanded"
"246890d9-1cd3-5712-9237-68653d7f6c4a","","checkpoint-status","not-started","","","TRUE","TRUE","Site QA","Area Ready","WING A","A.29 BED","Walls / Ceiling","Painted"
"2e2f230e-8f0b-4218-bd60-3f0754912a0e","","checklist-sectioned","not-started","Area Ready Checklist","checklist","FALSE","FALSE","Site QA","Area Ready","WING A","A.29A ENSUITE"
"d4b86676-a02d-5458-bb92-7d9d00dbbca9","","checkpoint-group","not-started","","","FALSE","FALSE","Site QA","Area Ready","WING A","A.29A ENSUITE","Substrate"
"a81ee865-555a-5d4a-8ab5-51a2b9d56d8f","","checkpoint-status","not-started","","","TRUE","TRUE","Site QA","Area Ready","WING A","A.29A ENSUITE","Substrate","Substrate Acceptable"
"d9480898-3d97-517e-8142-f756c15ca68e","","checkpoint-status","not-started","","","TRUE","TRUE","Site QA","Area Ready","WING A","A.29A ENSUITE","Substrate","Wet Area Screed Installed"
"8fcfa625-ec5d-5cc3-8014-81c236794d7d","","checkpoint-group","not-started","","","FALSE","FALSE","Site QA","Area Ready","WING A","A.29A ENSUITE","Walls / Ceiling"
"d685f309-b4fa-5605-ad3c-bf7e2535c211","","checkpoint-status","not-started","","","TRUE","TRUE","Site QA","Area Ready","WING A","A.29A ENSUITE","Walls / Ceiling","Ceiling Installed"
"13ad380f-99dd-5608-816d-8bd962143059","","checkpoint-status","not-started","","","TRUE","TRUE","Site QA","Area Ready","WING A","A.29A ENSUITE","Walls / Ceiling","Gyprock"
"edb8d9ce-f7ce-5af9-82a5-bcda619a7efe","","checkpoint-status","not-started","","","TRUE","TRUE","Site QA","Area Ready","WING A","A.29A ENSUITE","Walls / Ceiling","Plastered"
"fa80ed48-231d-5c4a-b085-12031f6e9db9","","checkpoint-status","not-started","","","TRUE","TRUE","Site QA","Area Ready","WING A","A.29A ENSUITE","Walls / Ceiling","Plaster Sanded"
"13829024-29a4-5b37-b6c1-9f6fb36da233","","checkpoint-status","not-started","","","TRUE","TRUE","Site QA","Area Ready","WING A","A.29A ENSUITE","Walls / Ceiling","Painted"
"9cfaa20a-8f26-4e6b-ae24-8e2048363b26","","checklist-sectioned","not-started","Area Ready Checklist","checklist","FALSE","FALSE","Site QA","Area Ready","WING A","A.30 BED"
"af4b7bea-4b88-5ed8-9e68-213791c5dd7b","","checkpoint-group","not-started","","","FALSE","FALSE","Site QA","Area Ready","WING A","A.30 BED","Substrate"
"7353ae1f-81a8-540d-88bf-c9015f1fdaf2","","checkpoint-status","not-started","","","TRUE","TRUE","Site QA","Area Ready","WING A","A.30 BED","Substrate","Substrate Acceptable"
"b291655d-24ed-57fd-98c5-b504a86223cd","","checkpoint-status","not-started","","","TRUE","TRUE","Site QA","Area Ready","WING A","A.30 BED","Substrate","Wet Area Screed Installed"
"52b874c4-9814-5169-b6d8-d7d9eadde46b","","checkpoint-group","not-started","","","FALSE","FALSE","Site QA","Area Ready","WING A","A.30 BED","Walls / Ceiling"
"f7c5ffcb-69fa-58e8-9192-f5dbf4efde56","","checkpoint-status","not-started","","","TRUE","TRUE","Site QA","Area Ready","WING A","A.30 BED","Walls / Ceiling","Ceiling Installed"
"7aac8b65-3822-539d-aac1-ca2c24d19290","","checkpoint-status","not-started","","","TRUE","TRUE","Site QA","Area Ready","WING A","A.30 BED","Walls / Ceiling","Gyprock"
"21356e5a-24ee-59f8-82dd-f88e94967e26","","checkpoint-status","not-started","","","TRUE","TRUE","Site QA","Area Ready","WING A","A.30 BED","Walls / Ceiling","Plastered"
"1856f247-ecf5-54c0-8598-e2dde384c111","","checkpoint-status","not-started","","","TRUE","TRUE","Site QA","Area Ready","WING A","A.30 BED","Walls / Ceiling","Plaster Sanded"
"4e42c29c-7770-587c-82b4-a2621ddf6e8e","","checkpoint-status","not-started","","","TRUE","TRUE","Site QA","Area Ready","WING A","A.30 BED","Walls / Ceiling","Painted"
"c9fac4a9-9b0d-4bea-9377-f1c40e6c5dc0","","checklist-sectioned","not-started","Area Ready Checklist","checklist","FALSE","FALSE","Site QA","Area Ready","WING A","A.30A ENSUITE"
"b9f65e15-08d9-5a4b-88ac-cffe5dcc9144","","checkpoint-group","not-started","","","FALSE","FALSE","Site QA","Area Ready","WING A","A.30A ENSUITE","Substrate"
"cbc54587-5aac-56e8-b4a7-3456f2bda299","","checkpoint-status","not-started","","","TRUE","TRUE","Site QA","Area Ready","WING A","A.30A ENSUITE","Substrate","Substrate Acceptable"
"dac6d0d9-6bbc-5bc6-8574-408ee34d1ba2","","checkpoint-status","not-started","","","TRUE","TRUE","Site QA","Area Ready","WING A","A.30A ENSUITE","Substrate","Wet Area Screed Installed"
"1ac2efe1-3365-5ae2-bcbe-03a5a1f5bc73","","checkpoint-group","not-started","","","FALSE","FALSE","Site QA","Area Ready","WING A","A.30A ENSUITE","Walls / Ceiling"
"7afa4838-133b-5b68-9194-667d0d3c7fe5","","checkpoint-status","not-started","","","TRUE","TRUE","Site QA","Area Ready","WING A","A.30A ENSUITE","Walls / Ceiling","Ceiling Installed"
"ca84bd7b-7235-5696-a94a-d39fc08e52ff","","checkpoint-status","not-started","","","TRUE","TRUE","Site QA","Area Ready","WING A","A.30A ENSUITE","Walls / Ceiling","Gyprock"
"058cb85f-53a2-5e8a-ba22-2845c49d9c8d","","checkpoint-status","not-started","","","TRUE","TRUE","Site QA","Area Ready","WING A","A.30A ENSUITE","Walls / Ceiling","Plastered"
"465358ce-cacb-5be5-a8e9-4d6b565a9df4","","checkpoint-status","not-started","","","TRUE","TRUE","Site QA","Area Ready","WING A","A.30A ENSUITE","Walls / Ceiling","Plaster Sanded"
"7f6bc766-f937-59dc-886c-2470eed4d7d8","","checkpoint-status","not-started","","","TRUE","TRUE","Site QA","Area Ready","WING A","A.30A ENSUITE","Walls / Ceiling","Painted"
"a8fcfff2-6f47-4653-bfd5-5fcda05520aa","","checklist-sectioned","not-started","Area Ready Checklist","checklist","FALSE","FALSE","Site QA","Area Ready","WING A","A.31 BED"
"b1da5b67-4ea2-5791-8d30-12263cbde88b","","checkpoint-group","not-started","","","FALSE","FALSE","Site QA","Area Ready","WING A","A.31 BED","Substrate"
"3fb2c50a-b7d8-53f8-a998-f30e69b9b004","","checkpoint-status","not-started","","","TRUE","TRUE","Site QA","Area Ready","WING A","A.31 BED","Substrate","Substrate Acceptable"
"40047445-2895-5487-8b4f-7655cc9a4643","","checkpoint-status","not-started","","","TRUE","TRUE","Site QA","Area Ready","WING A","A.31 BED","Substrate","Wet Area Screed Installed"
"cc6feebd-f28f-57ba-ac4e-a26090058a53","","checkpoint-group","not-started","","","FALSE","FALSE","Site QA","Area Ready","WING A","A.31 BED","Walls / Ceiling"
"38e40aca-8574-5e98-ac6e-1c7e042193da","","checkpoint-status","not-started","","","TRUE","TRUE","Site QA","Area Ready","WING A","A.31 BED","Walls / Ceiling","Ceiling Installed"
"44078ae1-10b9-5e7b-9291-6829dc5c3859","","checkpoint-status","not-started","","","TRUE","TRUE","Site QA","Area Ready","WING A","A.31 BED","Walls / Ceiling","Gyprock"
"7900edef-802c-59ab-99a2-eb6602656cde","","checkpoint-status","not-started","","","TRUE","TRUE","Site QA","Area Ready","WING A","A.31 BED","Walls / Ceiling","Plastered"
"5d105abf-ce15-53dc-8b35-e590bcd744f9","","checkpoint-status","not-started","","","TRUE","TRUE","Site QA","Area Ready","WING A","A.31 BED","Walls / Ceiling","Plaster Sanded"
"2c537b29-e395-575f-9f5c-549ef98bfc04","","checkpoint-status","not-started","","","TRUE","TRUE","Site QA","Area Ready","WING A","A.31 BED","Walls / Ceiling","Painted"
"4bd435e4-d272-40d5-8d7b-e4c4c81bd629","","checklist-sectioned","not-started","Area Ready Checklist","checklist","FALSE","FALSE","Site QA","Area Ready","WING A","A.31A ENSUITE"
"ba01f3c7-c692-5f95-bd1b-625e0c5497f6","","checkpoint-group","not-started","","","FALSE","FALSE","Site QA","Area Ready","WING A","A.31A ENSUITE","Substrate"
"e82389ad-e4ee-5b52-a55d-2b2186063cc0","","checkpoint-status","not-started","","","TRUE","TRUE","Site QA","Area Ready","WING A","A.31A ENSUITE","Substrate","Substrate Acceptable"
"554ee1c3-9655-5c65-90fc-633d256f1daf","","checkpoint-status","not-started","","","TRUE","TRUE","Site QA","Area Ready","WING A","A.31A ENSUITE","Substrate","Wet Area Screed Installed"
"da3af486-130d-5022-85bb-e8a63e8e51fe","","checkpoint-group","not-started","","","FALSE","FALSE","Site QA","Area Ready","WING A","A.31A ENSUITE","Walls / Ceiling"
"901fb0b4-c53a-55b2-a12a-582781e78f79","","checkpoint-status","not-started","","","TRUE","TRUE","Site QA","Area Ready","WING A","A.31A ENSUITE","Walls / Ceiling","Ceiling Installed"
"586e58ff-fc81-57d0-a890-49a693571564","","checkpoint-status","not-started","","","TRUE","TRUE","Site QA","Area Ready","WING A","A.31A ENSUITE","Walls / Ceiling","Gyprock"
"994da303-9671-5f56-a3bd-6630c0814a57","","checkpoint-status","not-started","","","TRUE","TRUE","Site QA","Area Ready","WING A","A.31A ENSUITE","Walls / Ceiling","Plastered"
"8ad5e867-9d78-5f90-9f53-bb2c10c19163","","checkpoint-status","not-started","","","TRUE","TRUE","Site QA","Area Ready","WING A","A.31A ENSUITE","Walls / Ceiling","Plaster Sanded"
"d6b0b00d-835f-5167-b60a-37d03f043442","","checkpoint-status","not-started","","","TRUE","TRUE","Site QA","Area Ready","WING A","A.31A ENSUITE","Walls / Ceiling","Painted"
"c2c922db-81c7-42a8-8b6c-9e924edf512d","","checklist-sectioned","not-started","Area Ready Checklist","checklist","FALSE","FALSE","Site QA","Area Ready","WING A","A.32 BED"
"412b752e-5239-5e93-b847-b1020cbe2435","","checkpoint-group","not-started","","","FALSE","FALSE","Site QA","Area Ready","WING A","A.32 BED","Substrate"
"2a8f0fa8-9901-5859-8760-4ea372183ddc","","checkpoint-status","not-started","","","TRUE","TRUE","Site QA","Area Ready","WING A","A.32 BED","Substrate","Substrate Acceptable"
"76b53fe7-62e1-5ccd-ae98-04a336fe5662","","checkpoint-status","not-started","","","TRUE","TRUE","Site QA","Area Ready","WING A","A.32 BED","Substrate","Wet Area Screed Installed"
"ecc8526a-0f64-53e5-8183-53aa16e2a5f3","","checkpoint-group","not-started","","","FALSE","FALSE","Site QA","Area Ready","WING A","A.32 BED","Walls / Ceiling"
"682071dd-65ac-5210-bcae-64b570cc4132","","checkpoint-status","not-started","","","TRUE","TRUE","Site QA","Area Ready","WING A","A.32 BED","Walls / Ceiling","Ceiling Installed"
"57d6976f-c76a-5f66-9f09-4744f3bfd6e2","","checkpoint-status","not-started","","","TRUE","TRUE","Site QA","Area Ready","WING A","A.32 BED","Walls / Ceiling","Gyprock"
"e959d263-f66a-5d2a-b04b-32657213ba73","","checkpoint-status","not-started","","","TRUE","TRUE","Site QA","Area Ready","WING A","A.32 BED","Walls / Ceiling","Plastered"
"158bcf5f-1f4b-5423-badb-87c2de20e6c5","","checkpoint-status","not-started","","","TRUE","TRUE","Site QA","Area Ready","WING A","A.32 BED","Walls / Ceiling","Plaster Sanded"
"457fa76a-933f-54e9-ae7c-3b33c7db69f3","","checkpoint-status","not-started","","","TRUE","TRUE","Site QA","Area Ready","WING A","A.32 BED","Walls / Ceiling","Painted"
"5d5e084d-1344-45f8-b146-9f235251097e","","checklist-sectioned","not-started","Area Ready Checklist","checklist","FALSE","FALSE","Site QA","Area Ready","WING A","A.32A ENSUITE"
"2e095111-5409-5bd3-91a0-5968bbee5797","","checkpoint-group","not-started","","","FALSE","FALSE","Site QA","Area Ready","WING A","A.32A ENSUITE","Substrate"
"04a8fc70-44fb-52f5-a6bb-510bac052eda","","checkpoint-status","not-started","","","TRUE","TRUE","Site QA","Area Ready","WING A","A.32A ENSUITE","Substrate","Substrate Acceptable"
"3efc44a0-c083-5631-bcf1-5670379831d0","","checkpoint-status","not-started","","","TRUE","TRUE","Site QA","Area Ready","WING A","A.32A ENSUITE","Substrate","Wet Area Screed Installed"
"b11f3de9-e747-59f2-9c07-82a9c825d79f","","checkpoint-group","not-started","","","FALSE","FALSE","Site QA","Area Ready","WING A","A.32A ENSUITE","Walls / Ceiling"
"2418e626-6ea3-5029-98c2-a91736118e67","","checkpoint-status","not-started","","","TRUE","TRUE","Site QA","Area Ready","WING A","A.32A ENSUITE","Walls / Ceiling","Ceiling Installed"
"6ee4c71f-7223-5b5d-b350-3475f479d1da","","checkpoint-status","not-started","","","TRUE","TRUE","Site QA","Area Ready","WING A","A.32A ENSUITE","Walls / Ceiling","Gyprock"
"a46d82e5-94b5-51d3-893e-53ec349c8f99","","checkpoint-status","not-started","","","TRUE","TRUE","Site QA","Area Ready","WING A","A.32A ENSUITE","Walls / Ceiling","Plastered"
"248d0de3-2575-558b-b9ee-0c6291d4ebf9","","checkpoint-status","not-started","","","TRUE","TRUE","Site QA","Area Ready","WING A","A.32A ENSUITE","Walls / Ceiling","Plaster Sanded"
"0bc7be52-4dc6-5bdd-a2f6-fbc161a9ce59","","checkpoint-status","not-started","","","TRUE","TRUE","Site QA","Area Ready","WING A","A.32A ENSUITE","Walls / Ceiling","Painted"
"e1334ed4-f131-42fc-ba4c-f402d434b5e5","","checklist-sectioned","not-started","Area Ready Checklist","checklist","FALSE","FALSE","Site QA","Area Ready","WING A","A.33 BED"
"e7d3f437-042c-5ce9-815a-8087ba11035d","","checkpoint-group","not-started","","","FALSE","FALSE","Site QA","Area Ready","WING A","A.33 BED","Substrate"
"96edb761-1b5a-56e7-85e6-3d8448aa1984","","checkpoint-status","not-started","","","TRUE","TRUE","Site QA","Area Ready","WING A","A.33 BED","Substrate","Substrate Acceptable"
"492cc65b-58e7-5262-bd73-4475dab10216","","checkpoint-status","not-started","","","TRUE","TRUE","Site QA","Area Ready","WING A","A.33 BED","Substrate","Wet Area Screed Installed"
"a4b842fd-963d-5f62-b940-e3b738206de8","","checkpoint-group","not-started","","","FALSE","FALSE","Site QA","Area Ready","WING A","A.33 BED","Walls / Ceiling"
"7ff37f0d-ae93-54b5-8fc6-10671e695764","","checkpoint-status","not-started","","","TRUE","TRUE","Site QA","Area Ready","WING A","A.33 BED","Walls / Ceiling","Ceiling Installed"
"202b58f0-a93d-5dd3-abb9-4394b88ee24c","","checkpoint-status","not-started","","","TRUE","TRUE","Site QA","Area Ready","WING A","A.33 BED","Walls / Ceiling","Gyprock"
"d8eb7517-72db-53e5-b59c-2766976967d4","","checkpoint-status","not-started","","","TRUE","TRUE","Site QA","Area Ready","WING A","A.33 BED","Walls / Ceiling","Plastered"
"8ffd5ead-5ade-528b-949c-5688d34d8d32","","checkpoint-status","not-started","","","TRUE","TRUE","Site QA","Area Ready","WING A","A.33 BED","Walls / Ceiling","Plaster Sanded"
"d37137d3-abaf-5abe-94d4-e976f99e34d2","","checkpoint-status","not-started","","","TRUE","TRUE","Site QA","Area Ready","WING A","A.33 BED","Walls / Ceiling","Painted"
"e746b7d8-837f-46e0-b3c1-4c12c00979a6","","checklist-sectioned","not-started","Area Ready Checklist","checklist","FALSE","FALSE","Site QA","Area Ready","WING A","A.33A ENSUITE"
"8605af05-751e-5298-92eb-0cdda03672eb","","checkpoint-group","not-started","","","FALSE","FALSE","Site QA","Area Ready","WING A","A.33A ENSUITE","Substrate"
"8582d5b6-6294-5907-894d-0108e3dbc97d","","checkpoint-status","not-started","","","TRUE","TRUE","Site QA","Area Ready","WING A","A.33A ENSUITE","Substrate","Substrate Acceptable"
"f97d187d-95f4-5c21-b4e8-445bf1232a49","","checkpoint-status","not-started","","","TRUE","TRUE","Site QA","Area Ready","WING A","A.33A ENSUITE","Substrate","Wet Area Screed Installed"
"05d9422d-d198-5282-876e-b584d7e01193","","checkpoint-group","not-started","","","FALSE","FALSE","Site QA","Area Ready","WING A","A.33A ENSUITE","Walls / Ceiling"
"e3cb64ce-5570-5398-aa27-4b9106b74eb4","","checkpoint-status","not-started","","","TRUE","TRUE","Site QA","Area Ready","WING A","A.33A ENSUITE","Walls / Ceiling","Ceiling Installed"
"e15681b9-9fa3-5bdc-9452-72e618dce58a","","checkpoint-status","not-started","","","TRUE","TRUE","Site QA","Area Ready","WING A","A.33A ENSUITE","Walls / Ceiling","Gyprock"
"32e88333-fd5a-5df5-8313-68459cc1e672","","checkpoint-status","not-started","","","TRUE","TRUE","Site QA","Area Ready","WING A","A.33A ENSUITE","Walls / Ceiling","Plastered"
"067ec71c-9dc1-5062-933c-64e37d37dba2","","checkpoint-status","not-started","","","TRUE","TRUE","Site QA","Area Ready","WING A","A.33A ENSUITE","Walls / Ceiling","Plaster Sanded"
"35f843bc-6948-58d1-b350-ea11fa69789a","","checkpoint-status","not-started","","","TRUE","TRUE","Site QA","Area Ready","WING A","A.33A ENSUITE","Walls / Ceiling","Painted"
"9f528ae0-6bcc-45a6-937d-963410041046","","checklist-sectioned","not-started","Area Ready Checklist","checklist","FALSE","FALSE","Site QA","Area Ready","WING A","A.34 BED"
"c25b6127-3b6e-54af-91c3-a88626fe5ac1","","checkpoint-group","not-started","","","FALSE","FALSE","Site QA","Area Ready","WING A","A.34 BED","Substrate"
"fc17ff10-eeca-54cf-b68d-60ebaa1b0d7f","","checkpoint-status","not-started","","","TRUE","TRUE","Site QA","Area Ready","WING A","A.34 BED","Substrate","Substrate Acceptable"
"9f844858-3735-5f44-8658-53a474bdcef7","","checkpoint-status","not-started","","","TRUE","TRUE","Site QA","Area Ready","WING A","A.34 BED","Substrate","Wet Area Screed Installed"
"8d60f674-6ba3-5af0-a0fa-c0dd1cede819","","checkpoint-group","not-started","","","FALSE","FALSE","Site QA","Area Ready","WING A","A.34 BED","Walls / Ceiling"
"62d950a7-77d8-529c-9c90-1b9bfcbad23a","","checkpoint-status","not-started","","","TRUE","TRUE","Site QA","Area Ready","WING A","A.34 BED","Walls / Ceiling","Ceiling Installed"
"332182eb-54b7-572e-9a0a-6ab95d2a8e41","","checkpoint-status","not-started","","","TRUE","TRUE","Site QA","Area Ready","WING A","A.34 BED","Walls / Ceiling","Gyprock"
"38cf86ad-e9b1-50e4-a649-f1e5f7638c1e","","checkpoint-status","not-started","","","TRUE","TRUE","Site QA","Area Ready","WING A","A.34 BED","Walls / Ceiling","Plastered"
"aeb735c3-e4d8-5d08-a118-38dd8f1f1d1f","","checkpoint-status","not-started","","","TRUE","TRUE","Site QA","Area Ready","WING A","A.34 BED","Walls / Ceiling","Plaster Sanded"
"b14218fe-4541-5109-92ff-22962cd5a4c5","","checkpoint-status","not-started","","","TRUE","TRUE","Site QA","Area Ready","WING A","A.34 BED","Walls / Ceiling","Painted"
"14b14232-5415-4d5d-90bb-462b8c39406e","","checklist-sectioned","not-started","Area Ready Checklist","checklist","FALSE","FALSE","Site QA","Area Ready","WING A","A.34A ENSUITE"
"70908149-a929-5917-a2eb-89f07993e6e2","","checkpoint-group","not-started","","","FALSE","FALSE","Site QA","Area Ready","WING A","A.34A ENSUITE","Substrate"
"5960e85b-cefa-517b-bac8-52420ae7615c","","checkpoint-status","not-started","","","TRUE","TRUE","Site QA","Area Ready","WING A","A.34A ENSUITE","Substrate","Substrate Acceptable"
"748fdf02-37a3-539d-adb3-cb5d890fb549","","checkpoint-status","not-started","","","TRUE","TRUE","Site QA","Area Ready","WING A","A.34A ENSUITE","Substrate","Wet Area Screed Installed"
"c7f6f344-9cb0-5f0c-aac1-2b5e57f087c5","","checkpoint-group","not-started","","","FALSE","FALSE","Site QA","Area Ready","WING A","A.34A ENSUITE","Walls / Ceiling"
"2477c3c5-2ce8-58da-aa6b-d927a390c808","","checkpoint-status","not-started","","","TRUE","TRUE","Site QA","Area Ready","WING A","A.34A ENSUITE","Walls / Ceiling","Ceiling Installed"
"b9a15e76-4245-5440-b895-92ca64fb5af1","","checkpoint-status","not-started","","","TRUE","TRUE","Site QA","Area Ready","WING A","A.34A ENSUITE","Walls / Ceiling","Gyprock"
"73608440-a9c6-5723-97c9-ead779a4de93","","checkpoint-status","not-started","","","TRUE","TRUE","Site QA","Area Ready","WING A","A.34A ENSUITE","Walls / Ceiling","Plastered"
"d1e6b5e9-c1fd-59c6-b108-f966041ece15","","checkpoint-status","not-started","","","TRUE","TRUE","Site QA","Area Ready","WING A","A.34A ENSUITE","Walls / Ceiling","Plaster Sanded"
"37b1125e-dfe7-5640-83fc-9bd3d2f79199","","checkpoint-status","not-started","","","TRUE","TRUE","Site QA","Area Ready","WING A","A.34A ENSUITE","Walls / Ceiling","Painted"
"03c9c6fa-133d-49ca-86af-2ea96b7d159f","","checklist-sectioned","not-started","Area Ready Checklist","checklist","FALSE","FALSE","Site QA","Area Ready","WING A","A.35 ACTIVITIES"
"44dda8a0-9881-504e-8e6e-3fe6386f5544","","checkpoint-group","not-started","","","FALSE","FALSE","Site QA","Area Ready","WING A","A.35 ACTIVITIES","Substrate"
"6ac18620-9bcc-5d4c-b884-7d3952001413","","checkpoint-status","not-started","","","TRUE","TRUE","Site QA","Area Ready","WING A","A.35 ACTIVITIES","Substrate","Substrate Acceptable"
"058472fd-0ba6-5833-95e5-a5b4504e1862","","checkpoint-status","not-started","","","TRUE","TRUE","Site QA","Area Ready","WING A","A.35 ACTIVITIES","Substrate","Wet Area Screed Installed"
"4a06d79e-e236-547d-b643-3af1a96a8c9c","","checkpoint-group","not-started","","","FALSE","FALSE","Site QA","Area Ready","WING A","A.35 ACTIVITIES","Walls / Ceiling"
"c3e748b8-2218-5914-abe6-030de80fd9df","","checkpoint-status","not-started","","","TRUE","TRUE","Site QA","Area Ready","WING A","A.35 ACTIVITIES","Walls / Ceiling","Ceiling Installed"
"07763ec8-46e0-5e22-9c5a-dc0e79978047","","checkpoint-status","not-started","","","TRUE","TRUE","Site QA","Area Ready","WING A","A.35 ACTIVITIES","Walls / Ceiling","Gyprock"
"b055195e-4459-5dfe-a9d1-f32174718967","","checkpoint-status","not-started","","","TRUE","TRUE","Site QA","Area Ready","WING A","A.35 ACTIVITIES","Walls / Ceiling","Plastered"
"6deaa2fa-c2ec-5fe8-a1fc-277a8c95f61a","","checkpoint-status","not-started","","","TRUE","TRUE","Site QA","Area Ready","WING A","A.35 ACTIVITIES","Walls / Ceiling","Plaster Sanded"
"991c520d-0747-5d2c-b81f-ebe49d4702d6","","checkpoint-status","not-started","","","TRUE","TRUE","Site QA","Area Ready","WING A","A.35 ACTIVITIES","Walls / Ceiling","Painted"
"26080c12-8d13-4584-b577-4ccbec85d113","","checklist-sectioned","not-started","Area Ready Checklist","checklist","FALSE","FALSE","Site QA","Area Ready","WING A","A.36 STORE"
"dd30d765-3a65-512c-bd60-112a8b876335","","checkpoint-group","not-started","","","FALSE","FALSE","Site QA","Area Ready","WING A","A.36 STORE","Substrate"
"8bd85ab0-f1ec-5664-a928-d2af6632aa58","","checkpoint-status","not-started","","","TRUE","TRUE","Site QA","Area Ready","WING A","A.36 STORE","Substrate","Substrate Acceptable"
"52af2135-d2f9-5044-a92e-f6e7614eacd9","","checkpoint-status","not-started","","","TRUE","TRUE","Site QA","Area Ready","WING A","A.36 STORE","Substrate","Wet Area Screed Installed"
"2e09609c-64bf-583f-92ef-9a449c030abb","","checkpoint-group","not-started","","","FALSE","FALSE","Site QA","Area Ready","WING A","A.36 STORE","Walls / Ceiling"
"d35e23a3-68e8-54d3-9faa-a4d7e5a6b563","","checkpoint-status","not-started","","","TRUE","TRUE","Site QA","Area Ready","WING A","A.36 STORE","Walls / Ceiling","Ceiling Installed"
"416b30ca-56c3-5c9d-b396-ae1ee612ae31","","checkpoint-status","not-started","","","TRUE","TRUE","Site QA","Area Ready","WING A","A.36 STORE","Walls / Ceiling","Gyprock"
"213061c8-85a5-51a9-980e-4eba69143cd3","","checkpoint-status","not-started","","","TRUE","TRUE","Site QA","Area Ready","WING A","A.36 STORE","Walls / Ceiling","Plastered"
"bf8cc568-6cdb-5691-b512-c93d07b4dbe9","","checkpoint-status","not-started","","","TRUE","TRUE","Site QA","Area Ready","WING A","A.36 STORE","Walls / Ceiling","Plaster Sanded"
"0e569a0a-83cf-59f6-9cdf-ceb5cba4d2d4","","checkpoint-status","not-started","","","TRUE","TRUE","Site QA","Area Ready","WING A","A.36 STORE","Walls / Ceiling","Painted"
"5bc282a9-3ae9-40a4-9163-a0fa6b2ff97b","","checklist-sectioned","not-started","Area Ready Checklist","checklist","FALSE","FALSE","Site QA","Area Ready","WING A","A.37 PAN ROOM"
"1d60d0b9-1bd5-549c-b009-1afabc3a86f4","","checkpoint-group","not-started","","","FALSE","FALSE","Site QA","Area Ready","WING A","A.37 PAN ROOM","Substrate"
"68f9fda2-e624-5c7b-88bf-d06a27c45dfa","","checkpoint-status","not-started","","","TRUE","TRUE","Site QA","Area Ready","WING A","A.37 PAN ROOM","Substrate","Substrate Acceptable"
"da8d8f04-08d2-5d9d-a764-05a5eaa8d692","","checkpoint-status","not-started","","","TRUE","TRUE","Site QA","Area Ready","WING A","A.37 PAN ROOM","Substrate","Wet Area Screed Installed"
"6afba9ac-1b61-5503-a4cf-819b7bc89c11","","checkpoint-group","not-started","","","FALSE","FALSE","Site QA","Area Ready","WING A","A.37 PAN ROOM","Walls / Ceiling"
"2c9e03c0-d712-5a4a-8dbb-abbe27ec0f11","","checkpoint-status","not-started","","","TRUE","TRUE","Site QA","Area Ready","WING A","A.37 PAN ROOM","Walls / Ceiling","Ceiling Installed"
"c677fcad-127d-50aa-9286-10f4eac31603","","checkpoint-status","not-started","","","TRUE","TRUE","Site QA","Area Ready","WING A","A.37 PAN ROOM","Walls / Ceiling","Gyprock"
"5af0ab48-7a8f-56c5-9905-801509b5d65c","","checkpoint-status","not-started","","","TRUE","TRUE","Site QA","Area Ready","WING A","A.37 PAN ROOM","Walls / Ceiling","Plastered"
"5ac25131-818e-5ade-a2c3-79d7e54b7b1f","","checkpoint-status","not-started","","","TRUE","TRUE","Site QA","Area Ready","WING A","A.37 PAN ROOM","Walls / Ceiling","Plaster Sanded"
"4b4ac80c-ac19-53eb-aff0-4463d7c6f94f","","checkpoint-status","not-started","","","TRUE","TRUE","Site QA","Area Ready","WING A","A.37 PAN ROOM","Walls / Ceiling","Painted"
"e767836d-3a91-4430-8b2b-660756b81c16","","checklist-sectioned","not-started","Area Ready Checklist","checklist","FALSE","FALSE","Site QA","Area Ready","WING A","A.40 BATH"
"b21a3798-0384-5fd0-a1d5-b0f45abcdc74","","checkpoint-group","not-started","","","FALSE","FALSE","Site QA","Area Ready","WING A","A.40 BATH","Substrate"
"f9f4d88b-5a50-5a4d-a452-77082fbe9676","","checkpoint-status","not-started","","","TRUE","TRUE","Site QA","Area Ready","WING A","A.40 BATH","Substrate","Substrate Acceptable"
"2507b111-a832-58de-aba0-0302475a2dd2","","checkpoint-status","not-started","","","TRUE","TRUE","Site QA","Area Ready","WING A","A.40 BATH","Substrate","Wet Area Screed Installed"
"1aaf7979-44b3-5d1c-83e8-78c230d3246f","","checkpoint-group","not-started","","","FALSE","FALSE","Site QA","Area Ready","WING A","A.40 BATH","Walls / Ceiling"
"49227291-7cbd-5a12-8ddd-2d84851e6da9","","checkpoint-status","not-started","","","TRUE","TRUE","Site QA","Area Ready","WING A","A.40 BATH","Walls / Ceiling","Ceiling Installed"
"8041f52b-9178-5012-a69d-e4012e1653e2","","checkpoint-status","not-started","","","TRUE","TRUE","Site QA","Area Ready","WING A","A.40 BATH","Walls / Ceiling","Gyprock"
"b7eb2218-d771-5b93-a79b-1b6a2f9b5c77","","checkpoint-status","not-started","","","TRUE","TRUE","Site QA","Area Ready","WING A","A.40 BATH","Walls / Ceiling","Plastered"
"931c2d48-e39e-5046-b3d4-e576da523d4d","","checkpoint-status","not-started","","","TRUE","TRUE","Site QA","Area Ready","WING A","A.40 BATH","Walls / Ceiling","Plaster Sanded"
"4bebcfaa-ac5d-5efb-9972-1e2eed7c602f","","checkpoint-status","not-started","","","TRUE","TRUE","Site QA","Area Ready","WING A","A.40 BATH","Walls / Ceiling","Painted"
"c935bcc3-3e50-4619-8ec1-50dbea781c2d","","checklist-sectioned","not-started","Area Ready Checklist","checklist","FALSE","FALSE","Site QA","Area Ready","WING A","A.40A ENSUITE"
"93da6f6e-aefb-56d9-84e0-e989a53409f7","","checkpoint-group","not-started","","","FALSE","FALSE","Site QA","Area Ready","WING A","A.40A ENSUITE","Substrate"
"81ad7f40-0a86-5fc6-9883-1abd251a57d8","","checkpoint-status","not-started","","","TRUE","TRUE","Site QA","Area Ready","WING A","A.40A ENSUITE","Substrate","Substrate Acceptable"
"de3133de-8f9f-5237-9e03-a6c6a305c54d","","checkpoint-status","not-started","","","TRUE","TRUE","Site QA","Area Ready","WING A","A.40A ENSUITE","Substrate","Wet Area Screed Installed"
"b701b173-620d-509b-9802-d967d1744b12","","checkpoint-group","not-started","","","FALSE","FALSE","Site QA","Area Ready","WING A","A.40A ENSUITE","Walls / Ceiling"
"9dc8b229-eeee-5339-a2ab-54c2d602e73b","","checkpoint-status","not-started","","","TRUE","TRUE","Site QA","Area Ready","WING A","A.40A ENSUITE","Walls / Ceiling","Ceiling Installed"
"d9adb3c6-4950-564b-aee6-b1173f94a7fe","","checkpoint-status","not-started","","","TRUE","TRUE","Site QA","Area Ready","WING A","A.40A ENSUITE","Walls / Ceiling","Gyprock"
"aba386a5-021c-569e-85d7-64540bdd7ae7","","checkpoint-status","not-started","","","TRUE","TRUE","Site QA","Area Ready","WING A","A.40A ENSUITE","Walls / Ceiling","Plastered"
"6cfdf44c-e113-55e5-9288-afba29bdaef5","","checkpoint-status","not-started","","","TRUE","TRUE","Site QA","Area Ready","WING A","A.40A ENSUITE","Walls / Ceiling","Plaster Sanded"
"908298c6-4467-589b-8362-e6b452b31961","","checkpoint-status","not-started","","","TRUE","TRUE","Site QA","Area Ready","WING A","A.40A ENSUITE","Walls / Ceiling","Painted"
"182fc345-5bdb-4d56-bd96-9c7b6dcdff37","","checklist-sectioned","not-started","Area Ready Checklist","checklist","FALSE","FALSE","Site QA","Area Ready","WING A","A.41 BED"
"aa247a5e-e915-59cf-822d-678227b0814f","","checkpoint-group","not-started","","","FALSE","FALSE","Site QA","Area Ready","WING A","A.41 BED","Substrate"
"e2efe49e-9696-5459-81f8-a8de1f6a5527","","checkpoint-status","not-started","","","TRUE","TRUE","Site QA","Area Ready","WING A","A.41 BED","Substrate","Substrate Acceptable"
"ecdb4869-d27a-5605-9da3-6a90ee19d3a2","","checkpoint-status","not-started","","","TRUE","TRUE","Site QA","Area Ready","WING A","A.41 BED","Substrate","Wet Area Screed Installed"
"f187e660-9456-5c04-ad7f-88cca72bafba","","checkpoint-group","not-started","","","FALSE","FALSE","Site QA","Area Ready","WING A","A.41 BED","Walls / Ceiling"
"1f696396-ddbd-5d58-b1d6-de8c27579fb0","","checkpoint-status","not-started","","","TRUE","TRUE","Site QA","Area Ready","WING A","A.41 BED","Walls / Ceiling","Ceiling Installed"
"17cc5bae-f75e-5b8f-99b3-a4bdef9ddbef","","checkpoint-status","not-started","","","TRUE","TRUE","Site QA","Area Ready","WING A","A.41 BED","Walls / Ceiling","Gyprock"
"272ee513-b8cd-5ff2-b15b-ebd193fb128a","","checkpoint-status","not-started","","","TRUE","TRUE","Site QA","Area Ready","WING A","A.41 BED","Walls / Ceiling","Plastered"
"2a2d5560-cff8-5781-a8f1-9ce86aab576e","","checkpoint-status","not-started","","","TRUE","TRUE","Site QA","Area Ready","WING A","A.41 BED","Walls / Ceiling","Plaster Sanded"
"73936ec0-898e-5f68-9bd8-44f980ef55e6","","checkpoint-status","not-started","","","TRUE","TRUE","Site QA","Area Ready","WING A","A.41 BED","Walls / Ceiling","Painted"
"611af732-797a-454d-9866-3d1fb03cd634","","checklist-sectioned","not-started","Area Ready Checklist","checklist","FALSE","FALSE","Site QA","Area Ready","WING A","A.41A ENSUITE"
"277f2f57-602f-502a-890c-c3f4eb50e865","","checkpoint-group","not-started","","","FALSE","FALSE","Site QA","Area Ready","WING A","A.41A ENSUITE","Substrate"
"8b490f29-b7ea-5eec-8ec0-c21a195e0055","","checkpoint-status","not-started","","","TRUE","TRUE","Site QA","Area Ready","WING A","A.41A ENSUITE","Substrate","Substrate Acceptable"
"4088d592-99ab-59ef-b1f5-56f89bf14e6c","","checkpoint-status","not-started","","","TRUE","TRUE","Site QA","Area Ready","WING A","A.41A ENSUITE","Substrate","Wet Area Screed Installed"
"0395e3ea-15dd-56cb-9d07-be0d5084285a","","checkpoint-group","not-started","","","FALSE","FALSE","Site QA","Area Ready","WING A","A.41A ENSUITE","Walls / Ceiling"
"32a446d2-0d4d-53c6-a01c-1571da005d28","","checkpoint-status","not-started","","","TRUE","TRUE","Site QA","Area Ready","WING A","A.41A ENSUITE","Walls / Ceiling","Ceiling Installed"
"21f4a3ef-9e50-57a6-9a6a-8ffdc32da637","","checkpoint-status","not-started","","","TRUE","TRUE","Site QA","Area Ready","WING A","A.41A ENSUITE","Walls / Ceiling","Gyprock"
"95773f22-a07a-57a8-b35e-546e3c9be616","","checkpoint-status","not-started","","","TRUE","TRUE","Site QA","Area Ready","WING A","A.41A ENSUITE","Walls / Ceiling","Plastered"
"4cf4fcc3-f480-5d13-aa75-8d0687962b44","","checkpoint-status","not-started","","","TRUE","TRUE","Site QA","Area Ready","WING A","A.41A ENSUITE","Walls / Ceiling","Plaster Sanded"
"46d83c35-0311-51be-b0e1-e5d5911c93af","","checkpoint-status","not-started","","","TRUE","TRUE","Site QA","Area Ready","WING A","A.41A ENSUITE","Walls / Ceiling","Painted"
"a47fa7e6-b6d1-4614-97f1-aee520cb5920","","checklist-sectioned","not-started","Area Ready Checklist","checklist","FALSE","FALSE","Site QA","Area Ready","WING A","A.42 BED"
"73b51b50-cf68-51d7-9266-6d20e5793ac8","","checkpoint-group","not-started","","","FALSE","FALSE","Site QA","Area Ready","WING A","A.42 BED","Substrate"
"9de88dde-0c5b-5369-9add-f11b0fed496b","","checkpoint-status","not-started","","","TRUE","TRUE","Site QA","Area Ready","WING A","A.42 BED","Substrate","Substrate Acceptable"
"a3def4b2-4516-549c-a8ba-71870f52190f","","checkpoint-status","not-started","","","TRUE","TRUE","Site QA","Area Ready","WING A","A.42 BED","Substrate","Wet Area Screed Installed"
"03fe3522-d125-5bc9-8395-b3b116d78601","","checkpoint-group","not-started","","","FALSE","FALSE","Site QA","Area Ready","WING A","A.42 BED","Walls / Ceiling"
"e37371d8-2f42-5d40-938d-a033e86295aa","","checkpoint-status","not-started","","","TRUE","TRUE","Site QA","Area Ready","WING A","A.42 BED","Walls / Ceiling","Ceiling Installed"
"a37ca765-29b7-5f7d-a2a5-a91cdbca9892","","checkpoint-status","not-started","","","TRUE","TRUE","Site QA","Area Ready","WING A","A.42 BED","Walls / Ceiling","Gyprock"
"e58efc20-b3bb-5694-969d-7fc706c75bfb","","checkpoint-status","not-started","","","TRUE","TRUE","Site QA","Area Ready","WING A","A.42 BED","Walls / Ceiling","Plastered"
"2498eb44-a66d-5214-941a-6405e8708e3a","","checkpoint-status","not-started","","","TRUE","TRUE","Site QA","Area Ready","WING A","A.42 BED","Walls / Ceiling","Plaster Sanded"
"423d8e4c-c843-5945-8e82-e81fd5a747d5","","checkpoint-status","not-started","","","TRUE","TRUE","Site QA","Area Ready","WING A","A.42 BED","Walls / Ceiling","Painted"
"cf61e2d9-c69c-497f-bf82-83d6f51bee07","","checklist-sectioned","not-started","Area Ready Checklist","checklist","FALSE","FALSE","Site QA","Area Ready","WING A","A.42A ENSUITE"
"a62c6c0f-437d-5dbb-aed5-607efad7508b","","checkpoint-group","not-started","","","FALSE","FALSE","Site QA","Area Ready","WING A","A.42A ENSUITE","Substrate"
"0ea162cb-37a7-5a83-b3ad-8ac3f334932d","","checkpoint-status","not-started","","","TRUE","TRUE","Site QA","Area Ready","WING A","A.42A ENSUITE","Substrate","Substrate Acceptable"
"a73856a6-f3a4-52cd-81f1-aaeb385c35e0","","checkpoint-status","not-started","","","TRUE","TRUE","Site QA","Area Ready","WING A","A.42A ENSUITE","Substrate","Wet Area Screed Installed"
"7be85333-870b-5343-a9b3-34a3ad781ffe","","checkpoint-group","not-started","","","FALSE","FALSE","Site QA","Area Ready","WING A","A.42A ENSUITE","Walls / Ceiling"
"715eb249-48bb-58ff-b72f-243cc9e27564","","checkpoint-status","not-started","","","TRUE","TRUE","Site QA","Area Ready","WING A","A.42A ENSUITE","Walls / Ceiling","Ceiling Installed"
"c9cea277-5adf-5c80-acec-e83e27f8a638","","checkpoint-status","not-started","","","TRUE","TRUE","Site QA","Area Ready","WING A","A.42A ENSUITE","Walls / Ceiling","Gyprock"
"9959fe57-3485-5c2d-b785-eede776e077a","","checkpoint-status","not-started","","","TRUE","TRUE","Site QA","Area Ready","WING A","A.42A ENSUITE","Walls / Ceiling","Plastered"
"15cc2129-531e-50e9-bc88-9e844f24782e","","checkpoint-status","not-started","","","TRUE","TRUE","Site QA","Area Ready","WING A","A.42A ENSUITE","Walls / Ceiling","Plaster Sanded"
"e0856cd8-355a-5c9e-8df7-3771bc690c69","","checkpoint-status","not-started","","","TRUE","TRUE","Site QA","Area Ready","WING A","A.42A ENSUITE","Walls / Ceiling","Painted"
"33a3fea7-63ec-425b-8613-25ea4f5aa0f9","","checklist-sectioned","not-started","Area Ready Checklist","checklist","FALSE","FALSE","Site QA","Area Ready","WING A","A.43 BED"
"86a315c0-4caa-5040-b3bc-7a7b0b316ea4","","checkpoint-group","not-started","","","FALSE","FALSE","Site QA","Area Ready","WING A","A.43 BED","Substrate"
"ed6942c9-f7bb-5a1b-a0b4-b5cf544382bc","","checkpoint-status","not-started","","","TRUE","TRUE","Site QA","Area Ready","WING A","A.43 BED","Substrate","Substrate Acceptable"
"9138fa4f-082e-53af-b139-13b1f307e923","","checkpoint-status","not-started","","","TRUE","TRUE","Site QA","Area Ready","WING A","A.43 BED","Substrate","Wet Area Screed Installed"
"9ab4fc85-8dce-536b-a887-9960b982ff82","","checkpoint-group","not-started","","","FALSE","FALSE","Site QA","Area Ready","WING A","A.43 BED","Walls / Ceiling"
"01c38dc7-1a84-5806-98f9-ac4191b59bce","","checkpoint-status","not-started","","","TRUE","TRUE","Site QA","Area Ready","WING A","A.43 BED","Walls / Ceiling","Ceiling Installed"
"89cd81b8-8034-59ab-af7c-ab895e14ba6b","","checkpoint-status","not-started","","","TRUE","TRUE","Site QA","Area Ready","WING A","A.43 BED","Walls / Ceiling","Gyprock"
"d5c31826-6427-545f-bed9-20a628020768","","checkpoint-status","not-started","","","TRUE","TRUE","Site QA","Area Ready","WING A","A.43 BED","Walls / Ceiling","Plastered"
"cdf722ec-9740-5cc8-9e66-17d1f5fb1cdc","","checkpoint-status","not-started","","","TRUE","TRUE","Site QA","Area Ready","WING A","A.43 BED","Walls / Ceiling","Plaster Sanded"
"7310a84e-c1af-55a1-be1d-11b1ff01e835","","checkpoint-status","not-started","","","TRUE","TRUE","Site QA","Area Ready","WING A","A.43 BED","Walls / Ceiling","Painted"
"4947a40f-abb7-4c19-bab8-0a16685980d0","","checklist-sectioned","not-started","Area Ready Checklist","checklist","FALSE","FALSE","Site QA","Area Ready","WING A","A.43A ENSUITE"
"f7ff9bf1-1706-57df-a06c-98b45461fbf0","","checkpoint-group","not-started","","","FALSE","FALSE","Site QA","Area Ready","WING A","A.43A ENSUITE","Substrate"
"a2317dbe-ef08-5799-982e-f9b769d65df4","","checkpoint-status","not-started","","","TRUE","TRUE","Site QA","Area Ready","WING A","A.43A ENSUITE","Substrate","Substrate Acceptable"
"368213af-e96f-5882-bb86-8c8035aa92e4","","checkpoint-status","not-started","","","TRUE","TRUE","Site QA","Area Ready","WING A","A.43A ENSUITE","Substrate","Wet Area Screed Installed"
"b4442ae5-167e-5100-91dd-59ee019c5877","","checkpoint-group","not-started","","","FALSE","FALSE","Site QA","Area Ready","WING A","A.43A ENSUITE","Walls / Ceiling"
"7c777f8a-c6d2-56c7-b861-2cdbf99f1cd6","","checkpoint-status","not-started","","","TRUE","TRUE","Site QA","Area Ready","WING A","A.43A ENSUITE","Walls / Ceiling","Ceiling Installed"
"23da2bce-b538-55a6-a0d6-28594124430b","","checkpoint-status","not-started","","","TRUE","TRUE","Site QA","Area Ready","WING A","A.43A ENSUITE","Walls / Ceiling","Gyprock"
"ab1c93e1-345b-58e6-a4ff-1964e5ff56ba","","checkpoint-status","not-started","","","TRUE","TRUE","Site QA","Area Ready","WING A","A.43A ENSUITE","Walls / Ceiling","Plastered"
"870f00e3-1f44-5fba-9e48-2289fa470d35","","checkpoint-status","not-started","","","TRUE","TRUE","Site QA","Area Ready","WING A","A.43A ENSUITE","Walls / Ceiling","Plaster Sanded"
"927d7a4c-3c96-5a69-a30b-a0e198730d96","","checkpoint-status","not-started","","","TRUE","TRUE","Site QA","Area Ready","WING A","A.43A ENSUITE","Walls / Ceiling","Painted"
"385440f1-b41a-4164-a9b5-b8bc314e5c55","","checklist-sectioned","not-started","Area Ready Checklist","checklist","FALSE","FALSE","Site QA","Area Ready","WING A","A.44 CORRIDOR"
"a3a3102f-6657-569d-92dc-3f59a82c6da3","","checkpoint-group","not-started","","","FALSE","FALSE","Site QA","Area Ready","WING A","A.44 CORRIDOR","Substrate"
"ffe4c0c9-ac67-5d4d-86f2-d875af1a2f95","","checkpoint-status","not-started","","","TRUE","TRUE","Site QA","Area Ready","WING A","A.44 CORRIDOR","Substrate","Substrate Acceptable"
"a8b52444-ea7e-5c26-8e6f-78e7ec9d2cf9","","checkpoint-status","not-started","","","TRUE","TRUE","Site QA","Area Ready","WING A","A.44 CORRIDOR","Substrate","Wet Area Screed Installed"
"14011e64-892c-59b7-b164-fd1f10380437","","checkpoint-group","not-started","","","FALSE","FALSE","Site QA","Area Ready","WING A","A.44 CORRIDOR","Walls / Ceiling"
"1bc700ce-9402-5005-a6bc-ee892c61cb8c","","checkpoint-status","not-started","","","TRUE","TRUE","Site QA","Area Ready","WING A","A.44 CORRIDOR","Walls / Ceiling","Ceiling Installed"
"42abdf9a-edf0-5f59-99cb-11164ba3e006","","checkpoint-status","not-started","","","TRUE","TRUE","Site QA","Area Ready","WING A","A.44 CORRIDOR","Walls / Ceiling","Gyprock"
"a21556e1-5e93-52f8-8b4f-a4b787adb2eb","","checkpoint-status","not-started","","","TRUE","TRUE","Site QA","Area Ready","WING A","A.44 CORRIDOR","Walls / Ceiling","Plastered"
"17f3ad75-9569-589a-af1b-b378640eab21","","checkpoint-status","not-started","","","TRUE","TRUE","Site QA","Area Ready","WING A","A.44 CORRIDOR","Walls / Ceiling","Plaster Sanded"
"64696a1b-b816-5f3a-824c-c09b354a90a7","","checkpoint-status","not-started","","","TRUE","TRUE","Site QA","Area Ready","WING A","A.44 CORRIDOR","Walls / Ceiling","Painted"
"bb8ea724-566c-4c3a-90f4-abecee10e27a","","checklist-sectioned","not-started","Area Ready Checklist","checklist","FALSE","FALSE","Site QA","Area Ready","WING A","A.47 BED"
"42dff991-bd62-5feb-9475-aae219a13838","","checkpoint-group","not-started","","","FALSE","FALSE","Site QA","Area Ready","WING A","A.47 BED","Substrate"
"118e46ec-918a-5b5f-8948-12b9ffd6ec0e","","checkpoint-status","not-started","","","TRUE","TRUE","Site QA","Area Ready","WING A","A.47 BED","Substrate","Substrate Acceptable"
"17a8bbaa-6a03-599d-9f77-0f00b0100316","","checkpoint-status","not-started","","","TRUE","TRUE","Site QA","Area Ready","WING A","A.47 BED","Substrate","Wet Area Screed Installed"
"c3fbf5b1-8145-5719-985f-16cfe3253116","","checkpoint-group","not-started","","","FALSE","FALSE","Site QA","Area Ready","WING A","A.47 BED","Walls / Ceiling"
"2e504590-0252-5c6d-869a-7c28968040f6","","checkpoint-status","not-started","","","TRUE","TRUE","Site QA","Area Ready","WING A","A.47 BED","Walls / Ceiling","Ceiling Installed"
"392d5912-6593-5bce-9143-ff94063ae74c","","checkpoint-status","not-started","","","TRUE","TRUE","Site QA","Area Ready","WING A","A.47 BED","Walls / Ceiling","Gyprock"
"cfefb697-dbb9-5829-8181-44208dc5e013","","checkpoint-status","not-started","","","TRUE","TRUE","Site QA","Area Ready","WING A","A.47 BED","Walls / Ceiling","Plastered"
"d50da707-24a7-5a76-87fb-3a084f928858","","checkpoint-status","not-started","","","TRUE","TRUE","Site QA","Area Ready","WING A","A.47 BED","Walls / Ceiling","Plaster Sanded"
"d28a02de-858f-5a06-9569-dbb2d586e4f4","","checkpoint-status","not-started","","","TRUE","TRUE","Site QA","Area Ready","WING A","A.47 BED","Walls / Ceiling","Painted"
"3b403143-770d-45d8-99c2-27cb583f9314","","checklist-sectioned","not-started","Area Ready Checklist","checklist","FALSE","FALSE","Site QA","Area Ready","WING A","A.48 BED"
"6180e416-add3-5157-a41a-551f46639eaa","","checkpoint-group","not-started","","","FALSE","FALSE","Site QA","Area Ready","WING A","A.48 BED","Substrate"
"f9a06a74-7e11-5757-94e4-bccef80c5dbf","","checkpoint-status","not-started","","","TRUE","TRUE","Site QA","Area Ready","WING A","A.48 BED","Substrate","Substrate Acceptable"
"3afd4c0e-b830-5f3b-9214-3cad491fc8df","","checkpoint-status","not-started","","","TRUE","TRUE","Site QA","Area Ready","WING A","A.48 BED","Substrate","Wet Area Screed Installed"
"2a99fe3e-d60e-5fa8-bbbd-f538e01f631f","","checkpoint-group","not-started","","","FALSE","FALSE","Site QA","Area Ready","WING A","A.48 BED","Walls / Ceiling"
"2c4f2cc4-a58c-5896-801e-54f49fa0e1c0","","checkpoint-status","not-started","","","TRUE","TRUE","Site QA","Area Ready","WING A","A.48 BED","Walls / Ceiling","Ceiling Installed"
"fef1e52e-d327-5cc3-a33e-2a9f016f4b78","","checkpoint-status","not-started","","","TRUE","TRUE","Site QA","Area Ready","WING A","A.48 BED","Walls / Ceiling","Gyprock"
"9a88f5a8-2aae-54dc-96c9-5b3d90e13193","","checkpoint-status","not-started","","","TRUE","TRUE","Site QA","Area Ready","WING A","A.48 BED","Walls / Ceiling","Plastered"
"c9288d36-51a6-573f-a116-185a7824771c","","checkpoint-status","not-started","","","TRUE","TRUE","Site QA","Area Ready","WING A","A.48 BED","Walls / Ceiling","Plaster Sanded"
"6b8948e1-9e96-5a90-96d9-46f576966f78","","checkpoint-status","not-started","","","TRUE","TRUE","Site QA","Area Ready","WING A","A.48 BED","Walls / Ceiling","Painted"
"5e840ce3-0cc9-45d9-81b0-20a74a815556","","checklist-sectioned","not-started","Area Ready Checklist","checklist","FALSE","FALSE","Site QA","Area Ready","WING A","A.48A ENSUITE"
"10859277-ceec-5856-941e-fe6909acddf1","","checkpoint-group","not-started","","","FALSE","FALSE","Site QA","Area Ready","WING A","A.48A ENSUITE","Substrate"
"ead4dc7e-b485-5acb-97f6-5a653ab6869a","","checkpoint-status","not-started","","","TRUE","TRUE","Site QA","Area Ready","WING A","A.48A ENSUITE","Substrate","Substrate Acceptable"
"66ec6f1f-1973-55dc-b220-c034ba342aa4","","checkpoint-status","not-started","","","TRUE","TRUE","Site QA","Area Ready","WING A","A.48A ENSUITE","Substrate","Wet Area Screed Installed"
"4e2b0b21-5680-5f23-a835-96375ebe6fc3","","checkpoint-group","not-started","","","FALSE","FALSE","Site QA","Area Ready","WING A","A.48A ENSUITE","Walls / Ceiling"
"4dd30336-a926-542e-8e0c-aab30133e4a5","","checkpoint-status","not-started","","","TRUE","TRUE","Site QA","Area Ready","WING A","A.48A ENSUITE","Walls / Ceiling","Ceiling Installed"
"8c724ac9-f51f-52ee-b5ff-b40d623312cc","","checkpoint-status","not-started","","","TRUE","TRUE","Site QA","Area Ready","WING A","A.48A ENSUITE","Walls / Ceiling","Gyprock"
"f63f4bbe-4885-5e92-ab18-69b18db9da78","","checkpoint-status","not-started","","","TRUE","TRUE","Site QA","Area Ready","WING A","A.48A ENSUITE","Walls / Ceiling","Plastered"
"01d77d6f-8445-54dc-8397-cd2ca4a066db","","checkpoint-status","not-started","","","TRUE","TRUE","Site QA","Area Ready","WING A","A.48A ENSUITE","Walls / Ceiling","Plaster Sanded"
"539689c9-f9d9-563b-b95f-db4337426312","","checkpoint-status","not-started","","","TRUE","TRUE","Site QA","Area Ready","WING A","A.48A ENSUITE","Walls / Ceiling","Painted"
"c725150a-f2db-4c4b-b089-f8b0ea919b9a","","checklist-sectioned","not-started","Area Ready Checklist","checklist","FALSE","FALSE","Site QA","Area Ready","WING A","A.49 BED"
"8508c413-aef4-580a-9ce7-c55f86b64e2d","","checkpoint-group","not-started","","","FALSE","FALSE","Site QA","Area Ready","WING A","A.49 BED","Substrate"
"fb33a434-93ab-57b4-b0de-2d0b68c1a237","","checkpoint-status","not-started","","","TRUE","TRUE","Site QA","Area Ready","WING A","A.49 BED","Substrate","Substrate Acceptable"
"00756cfa-cad7-51fd-84ff-1adbd2e854c0","","checkpoint-status","not-started","","","TRUE","TRUE","Site QA","Area Ready","WING A","A.49 BED","Substrate","Wet Area Screed Installed"
"7b402667-0bca-5902-93bf-9ca79cff2a08","","checkpoint-group","not-started","","","FALSE","FALSE","Site QA","Area Ready","WING A","A.49 BED","Walls / Ceiling"
"dde5d215-8d54-52d1-9e11-36457d9edd91","","checkpoint-status","not-started","","","TRUE","TRUE","Site QA","Area Ready","WING A","A.49 BED","Walls / Ceiling","Ceiling Installed"
"a2d8d941-fd97-503a-8923-a2cc8a3b2cc5","","checkpoint-status","not-started","","","TRUE","TRUE","Site QA","Area Ready","WING A","A.49 BED","Walls / Ceiling","Gyprock"
"8ea4eb90-20b1-5a16-8b2f-0aa4df311a61","","checkpoint-status","not-started","","","TRUE","TRUE","Site QA","Area Ready","WING A","A.49 BED","Walls / Ceiling","Plastered"
"de1620c7-7055-50ed-b6a4-20e463c150c5","","checkpoint-status","not-started","","","TRUE","TRUE","Site QA","Area Ready","WING A","A.49 BED","Walls / Ceiling","Plaster Sanded"
"64956f6d-6420-5eea-a1e2-eba380486e68","","checkpoint-status","not-started","","","TRUE","TRUE","Site QA","Area Ready","WING A","A.49 BED","Walls / Ceiling","Painted"
"cf75cf66-4686-45d3-80c6-827650e42b69","","checklist-sectioned","not-started","Area Ready Checklist","checklist","FALSE","FALSE","Site QA","Area Ready","WING A","A.49A ENSUITE"
"7abcbce4-80ab-55db-93bf-187928e73d9e","","checkpoint-group","not-started","","","FALSE","FALSE","Site QA","Area Ready","WING A","A.49A ENSUITE","Substrate"
"9312209d-24e6-5d86-b742-a920486acc22","","checkpoint-status","not-started","","","TRUE","TRUE","Site QA","Area Ready","WING A","A.49A ENSUITE","Substrate","Substrate Acceptable"
"e03c90a3-b257-5e03-a4cd-b114770dde8b","","checkpoint-status","not-started","","","TRUE","TRUE","Site QA","Area Ready","WING A","A.49A ENSUITE","Substrate","Wet Area Screed Installed"
"65cac68f-30d3-581e-9827-e2c1f8c7be15","","checkpoint-group","not-started","","","FALSE","FALSE","Site QA","Area Ready","WING A","A.49A ENSUITE","Walls / Ceiling"
"f960be1c-e55c-56e8-80de-0c3a4f6b6874","","checkpoint-status","not-started","","","TRUE","TRUE","Site QA","Area Ready","WING A","A.49A ENSUITE","Walls / Ceiling","Ceiling Installed"
"ad8b3ff7-e77f-50dc-b761-b4fd356196e0","","checkpoint-status","not-started","","","TRUE","TRUE","Site QA","Area Ready","WING A","A.49A ENSUITE","Walls / Ceiling","Gyprock"
"729d302c-e253-56c6-93e0-40f3e02c93dd","","checkpoint-status","not-started","","","TRUE","TRUE","Site QA","Area Ready","WING A","A.49A ENSUITE","Walls / Ceiling","Plastered"
"f0a228e9-e777-5d04-a83c-eaa812656565","","checkpoint-status","not-started","","","TRUE","TRUE","Site QA","Area Ready","WING A","A.49A ENSUITE","Walls / Ceiling","Plaster Sanded"
"859c872c-9fbb-5388-913e-477068c64604","","checkpoint-status","not-started","","","TRUE","TRUE","Site QA","Area Ready","WING A","A.49A ENSUITE","Walls / Ceiling","Painted"
"65d12b29-a30e-40bb-8369-7c1b58cdffd5","","checklist-sectioned","not-started","Area Ready Checklist","checklist","FALSE","FALSE","Site QA","Area Ready","WING A","A.50 BED"
"e7452283-d5cb-556d-8598-b05af720e7ec","","checkpoint-group","not-started","","","FALSE","FALSE","Site QA","Area Ready","WING A","A.50 BED","Substrate"
"3c81cbbd-dbec-5c32-ae5d-22a3f160651f","","checkpoint-status","not-started","","","TRUE","TRUE","Site QA","Area Ready","WING A","A.50 BED","Substrate","Substrate Acceptable"
"1bc5b290-291a-54ab-be64-14edb7d39c7b","","checkpoint-status","not-started","","","TRUE","TRUE","Site QA","Area Ready","WING A","A.50 BED","Substrate","Wet Area Screed Installed"
"45915866-d67c-5f76-8f18-680fb9bb1bb5","","checkpoint-group","not-started","","","FALSE","FALSE","Site QA","Area Ready","WING A","A.50 BED","Walls / Ceiling"
"fbc77458-1f2d-5226-b6bf-e20f2a8df276","","checkpoint-status","not-started","","","TRUE","TRUE","Site QA","Area Ready","WING A","A.50 BED","Walls / Ceiling","Ceiling Installed"
"19dffc97-2cd2-5250-a9cc-8793e429fcab","","checkpoint-status","not-started","","","TRUE","TRUE","Site QA","Area Ready","WING A","A.50 BED","Walls / Ceiling","Gyprock"
"0341ad22-67e0-574d-87e1-377f6f70b3a1","","checkpoint-status","not-started","","","TRUE","TRUE","Site QA","Area Ready","WING A","A.50 BED","Walls / Ceiling","Plastered"
"66ac9d33-2a3d-570a-b404-9f029ea4ec06","","checkpoint-status","not-started","","","TRUE","TRUE","Site QA","Area Ready","WING A","A.50 BED","Walls / Ceiling","Plaster Sanded"
"dc0e8f75-91d8-52f5-8a14-fea9db856ce6","","checkpoint-status","not-started","","","TRUE","TRUE","Site QA","Area Ready","WING A","A.50 BED","Walls / Ceiling","Painted"
"e6d455a8-28c2-4cd7-aed9-ab37418884f9","","checklist-sectioned","not-started","Area Ready Checklist","checklist","FALSE","FALSE","Site QA","Area Ready","WING A","A.50A ENSUITE"
"aebc699a-9f8a-595e-90e0-5074804f3bc8","","checkpoint-group","not-started","","","FALSE","FALSE","Site QA","Area Ready","WING A","A.50A ENSUITE","Substrate"
"18d76e66-ce3e-5dd7-8af3-cfad7c5c4ed6","","checkpoint-status","not-started","","","TRUE","TRUE","Site QA","Area Ready","WING A","A.50A ENSUITE","Substrate","Substrate Acceptable"
"abb23662-1da6-5cdc-8c21-140dcdaaba9d","","checkpoint-status","not-started","","","TRUE","TRUE","Site QA","Area Ready","WING A","A.50A ENSUITE","Substrate","Wet Area Screed Installed"
"528c53e9-9d86-5d75-bdf9-4daf3c3780dc","","checkpoint-group","not-started","","","FALSE","FALSE","Site QA","Area Ready","WING A","A.50A ENSUITE","Walls / Ceiling"
"2518fb05-da78-56ea-bf36-951a79976986","","checkpoint-status","not-started","","","TRUE","TRUE","Site QA","Area Ready","WING A","A.50A ENSUITE","Walls / Ceiling","Ceiling Installed"
"09342cee-1b21-5c74-b318-bcabeee2215e","","checkpoint-status","not-started","","","TRUE","TRUE","Site QA","Area Ready","WING A","A.50A ENSUITE","Walls / Ceiling","Gyprock"
"de7c114a-46a5-5042-90f8-ff8ae6c0c411","","checkpoint-status","not-started","","","TRUE","TRUE","Site QA","Area Ready","WING A","A.50A ENSUITE","Walls / Ceiling","Plastered"
"11945c9c-e9b6-5471-9a4b-7b98307e9fc0","","checkpoint-status","not-started","","","TRUE","TRUE","Site QA","Area Ready","WING A","A.50A ENSUITE","Walls / Ceiling","Plaster Sanded"
"4d4d3312-d4ce-500b-b9ac-1b44b7f47845","","checkpoint-status","not-started","","","TRUE","TRUE","Site QA","Area Ready","WING A","A.50A ENSUITE","Walls / Ceiling","Painted"
"9d8b4867-ea6e-402c-8989-cf2e57d5ec4b","","checklist-sectioned","not-started","Area Ready Checklist","checklist","FALSE","FALSE","Site QA","Area Ready","WING A","A.51 BED"
"2d179b0c-f15c-50f3-b2bf-e9874cbdfd14","","checkpoint-group","not-started","","","FALSE","FALSE","Site QA","Area Ready","WING A","A.51 BED","Substrate"
"0bd6a643-b2cc-542e-8112-7a8f2f914dbd","","checkpoint-status","not-started","","","TRUE","TRUE","Site QA","Area Ready","WING A","A.51 BED","Substrate","Substrate Acceptable"
"7c1ac6ee-e5f5-5f5d-aaed-9d2de2cf2622","","checkpoint-status","not-started","","","TRUE","TRUE","Site QA","Area Ready","WING A","A.51 BED","Substrate","Wet Area Screed Installed"
"276ba53b-c404-58c0-abc1-15e36941c1f9","","checkpoint-group","not-started","","","FALSE","FALSE","Site QA","Area Ready","WING A","A.51 BED","Walls / Ceiling"
"2d90d98c-6bcd-5353-9bcc-7f4d633ef683","","checkpoint-status","not-started","","","TRUE","TRUE","Site QA","Area Ready","WING A","A.51 BED","Walls / Ceiling","Ceiling Installed"
"57f28f9e-cc9a-528e-b3f4-361afedef3fd","","checkpoint-status","not-started","","","TRUE","TRUE","Site QA","Area Ready","WING A","A.51 BED","Walls / Ceiling","Gyprock"
"3ad242ec-febf-5d1d-8d08-e85eec0a7505","","checkpoint-status","not-started","","","TRUE","TRUE","Site QA","Area Ready","WING A","A.51 BED","Walls / Ceiling","Plastered"
"37f097e3-f292-5c19-ab6e-715b7b4264e0","","checkpoint-status","not-started","","","TRUE","TRUE","Site QA","Area Ready","WING A","A.51 BED","Walls / Ceiling","Plaster Sanded"
"6ed41b8a-a6a9-5e72-9c84-315509a8e7db","","checkpoint-status","not-started","","","TRUE","TRUE","Site QA","Area Ready","WING A","A.51 BED","Walls / Ceiling","Painted"
"753d950f-fb91-474c-950e-81895cd76727","","checklist-sectioned","not-started","Area Ready Checklist","checklist","FALSE","FALSE","Site QA","Area Ready","WING A","A.51A ENSUITE"
"bbdedc94-9e47-50f6-a4f5-a87637558f81","","checkpoint-group","not-started","","","FALSE","FALSE","Site QA","Area Ready","WING A","A.51A ENSUITE","Substrate"
"55c855a2-8080-57b7-8639-2e34d7582679","","checkpoint-status","not-started","","","TRUE","TRUE","Site QA","Area Ready","WING A","A.51A ENSUITE","Substrate","Substrate Acceptable"
"97735333-fda2-5867-871b-c321721c74bf","","checkpoint-status","not-started","","","TRUE","TRUE","Site QA","Area Ready","WING A","A.51A ENSUITE","Substrate","Wet Area Screed Installed"
"c83949b9-16aa-5515-a406-f2f49fbc020f","","checkpoint-group","not-started","","","FALSE","FALSE","Site QA","Area Ready","WING A","A.51A ENSUITE","Walls / Ceiling"
"0f04a821-8f02-50f9-95c2-86658c8ac988","","checkpoint-status","not-started","","","TRUE","TRUE","Site QA","Area Ready","WING A","A.51A ENSUITE","Walls / Ceiling","Ceiling Installed"
"478392fa-9a62-5dc4-8b38-5f9ed21298ec","","checkpoint-status","not-started","","","TRUE","TRUE","Site QA","Area Ready","WING A","A.51A ENSUITE","Walls / Ceiling","Gyprock"
"3e9c57e2-0f9f-5fe3-9e1f-4905328db6f4","","checkpoint-status","not-started","","","TRUE","TRUE","Site QA","Area Ready","WING A","A.51A ENSUITE","Walls / Ceiling","Plastered"
"d3c5dcc5-65da-5df3-8253-4fb502736aea","","checkpoint-status","not-started","","","TRUE","TRUE","Site QA","Area Ready","WING A","A.51A ENSUITE","Walls / Ceiling","Plaster Sanded"
"fb4dc433-5217-5163-b939-bac97a5642f5","","checkpoint-status","not-started","","","TRUE","TRUE","Site QA","Area Ready","WING A","A.51A ENSUITE","Walls / Ceiling","Painted"
"a6e8c0df-401a-4104-80d2-a90082de7528","","checklist-sectioned","not-started","Area Ready Checklist","checklist","FALSE","FALSE","Site QA","Area Ready","WING A","A.52 BED"
"0818b775-6469-5515-9b6c-049b5452800c","","checkpoint-group","not-started","","","FALSE","FALSE","Site QA","Area Ready","WING A","A.52 BED","Substrate"
"b2fcdc42-5bd7-5cd8-ac31-1c227053d220","","checkpoint-status","not-started","","","TRUE","TRUE","Site QA","Area Ready","WING A","A.52 BED","Substrate","Substrate Acceptable"
"42b18bb2-b219-52af-802f-0dcf194f7d93","","checkpoint-status","not-started","","","TRUE","TRUE","Site QA","Area Ready","WING A","A.52 BED","Substrate","Wet Area Screed Installed"
"70d7cd86-62a9-5099-8ac6-4d3bf1a72b6a","","checkpoint-group","not-started","","","FALSE","FALSE","Site QA","Area Ready","WING A","A.52 BED","Walls / Ceiling"
"b5a7e187-ac29-5c4d-9828-2c5b25e46d80","","checkpoint-status","not-started","","","TRUE","TRUE","Site QA","Area Ready","WING A","A.52 BED","Walls / Ceiling","Ceiling Installed"
"89529af1-02e3-5b83-ad85-2beeacd70821","","checkpoint-status","not-started","","","TRUE","TRUE","Site QA","Area Ready","WING A","A.52 BED","Walls / Ceiling","Gyprock"
"521cfbfc-c6b5-5de8-afea-a3790593b27f","","checkpoint-status","not-started","","","TRUE","TRUE","Site QA","Area Ready","WING A","A.52 BED","Walls / Ceiling","Plastered"
"9f51f455-d208-5aaa-820e-d3915cfe1ea3","","checkpoint-status","not-started","","","TRUE","TRUE","Site QA","Area Ready","WING A","A.52 BED","Walls / Ceiling","Plaster Sanded"
"ccc10c58-8fa5-57be-b612-a7e8df8e5af0","","checkpoint-status","not-started","","","TRUE","TRUE","Site QA","Area Ready","WING A","A.52 BED","Walls / Ceiling","Painted"
"884b69c4-73ea-4a79-aaf2-bc8a87e6054f","","checklist-sectioned","not-started","Area Ready Checklist","checklist","FALSE","FALSE","Site QA","Area Ready","WING A","A.52A ENSUITE"
"588ac1b5-90a2-58cd-9117-ac1ce5acd3e4","","checkpoint-group","not-started","","","FALSE","FALSE","Site QA","Area Ready","WING A","A.52A ENSUITE","Substrate"
"a0513e64-f615-538c-94d0-f4e7ae1418bf","","checkpoint-status","not-started","","","TRUE","TRUE","Site QA","Area Ready","WING A","A.52A ENSUITE","Substrate","Substrate Acceptable"
"c0f7bda8-b3e0-5aa0-a1da-51a2a11a6a9c","","checkpoint-status","not-started","","","TRUE","TRUE","Site QA","Area Ready","WING A","A.52A ENSUITE","Substrate","Wet Area Screed Installed"
"6ed8abe1-3d7b-5826-8b0a-851a586574c2","","checkpoint-group","not-started","","","FALSE","FALSE","Site QA","Area Ready","WING A","A.52A ENSUITE","Walls / Ceiling"
"97a8f582-6756-59cb-b0d9-1721e85dded9","","checkpoint-status","not-started","","","TRUE","TRUE","Site QA","Area Ready","WING A","A.52A ENSUITE","Walls / Ceiling","Ceiling Installed"
"e97c244d-84b6-5731-8773-d43c665f32c1","","checkpoint-status","not-started","","","TRUE","TRUE","Site QA","Area Ready","WING A","A.52A ENSUITE","Walls / Ceiling","Gyprock"
"f19f6bb6-e1a8-57b9-bd0b-588935acb259","","checkpoint-status","not-started","","","TRUE","TRUE","Site QA","Area Ready","WING A","A.52A ENSUITE","Walls / Ceiling","Plastered"
"7bd8c8e2-e9ec-5eaa-a1ee-3565b2383caa","","checkpoint-status","not-started","","","TRUE","TRUE","Site QA","Area Ready","WING A","A.52A ENSUITE","Walls / Ceiling","Plaster Sanded"
"1a17c86b-c67f-5558-b207-d6a2863f88d9","","checkpoint-status","not-started","","","TRUE","TRUE","Site QA","Area Ready","WING A","A.52A ENSUITE","Walls / Ceiling","Painted"
"174fd6fd-3c82-4872-abf4-e3b46aa4375e","","checklist-sectioned","not-started","Area Ready Checklist","checklist","FALSE","FALSE","Site QA","Area Ready","WING A","A.53A ENSUITE"
"13394c34-37d5-54f9-ab31-54118537951a","","checkpoint-group","not-started","","","FALSE","FALSE","Site QA","Area Ready","WING A","A.53A ENSUITE","Substrate"
"316488a3-0c43-50ea-b5e1-ad8424dc9539","","checkpoint-status","not-started","","","TRUE","TRUE","Site QA","Area Ready","WING A","A.53A ENSUITE","Substrate","Substrate Acceptable"
"dc147be2-43f8-57bf-8004-1a774c0e28a2","","checkpoint-status","not-started","","","TRUE","TRUE","Site QA","Area Ready","WING A","A.53A ENSUITE","Substrate","Wet Area Screed Installed"
"1ddba2b9-7b84-5c0f-ac46-d5cf24e9f96a","","checkpoint-group","not-started","","","FALSE","FALSE","Site QA","Area Ready","WING A","A.53A ENSUITE","Walls / Ceiling"
"a134b9d2-cf3d-5c4d-bc4a-b6a943a44e73","","checkpoint-status","not-started","","","TRUE","TRUE","Site QA","Area Ready","WING A","A.53A ENSUITE","Walls / Ceiling","Ceiling Installed"
"50a85420-d418-5176-b798-46b25b20af8f","","checkpoint-status","not-started","","","TRUE","TRUE","Site QA","Area Ready","WING A","A.53A ENSUITE","Walls / Ceiling","Gyprock"
"ce0379d7-c192-59d1-9be4-bb4c26fa6106","","checkpoint-status","not-started","","","TRUE","TRUE","Site QA","Area Ready","WING A","A.53A ENSUITE","Walls / Ceiling","Plastered"
"184dd85b-bd2e-592a-84d0-f0637c8cc3f9","","checkpoint-status","not-started","","","TRUE","TRUE","Site QA","Area Ready","WING A","A.53A ENSUITE","Walls / Ceiling","Plaster Sanded"
"e227f213-9050-575f-93d7-24b98955b8a1","","checkpoint-status","not-started","","","TRUE","TRUE","Site QA","Area Ready","WING A","A.53A ENSUITE","Walls / Ceiling","Painted"
"9cf6388a-b056-4768-9b30-3e6980a2f57f","","checklist-sectioned","not-started","Area Ready Checklist","checklist","FALSE","FALSE","Site QA","Area Ready","WING A","A.54 BED"
"b369123f-3212-5898-81ba-d6e32005e026","","checkpoint-group","not-started","","","FALSE","FALSE","Site QA","Area Ready","WING A","A.54 BED","Substrate"
"22f047ae-5e99-5fd6-9ddf-7986f645193a","","checkpoint-status","not-started","","","TRUE","TRUE","Site QA","Area Ready","WING A","A.54 BED","Substrate","Substrate Acceptable"
"d78b8af4-382c-5ffd-a2b8-bebe50d58699","","checkpoint-status","not-started","","","TRUE","TRUE","Site QA","Area Ready","WING A","A.54 BED","Substrate","Wet Area Screed Installed"
"d058cad4-fe78-5c72-b089-e5217acd7614","","checkpoint-group","not-started","","","FALSE","FALSE","Site QA","Area Ready","WING A","A.54 BED","Walls / Ceiling"
"6378d086-e66f-5c2e-8085-fd54e5996aae","","checkpoint-status","not-started","","","TRUE","TRUE","Site QA","Area Ready","WING A","A.54 BED","Walls / Ceiling","Ceiling Installed"
"96a40c85-68d5-5737-b51c-90bd0407df2f","","checkpoint-status","not-started","","","TRUE","TRUE","Site QA","Area Ready","WING A","A.54 BED","Walls / Ceiling","Gyprock"
"d2a0c057-ce85-5010-8708-04a0a7f25be0","","checkpoint-status","not-started","","","TRUE","TRUE","Site QA","Area Ready","WING A","A.54 BED","Walls / Ceiling","Plastered"
"300aa0b1-8c25-5499-9336-6d85d001157d","","checkpoint-status","not-started","","","TRUE","TRUE","Site QA","Area Ready","WING A","A.54 BED","Walls / Ceiling","Plaster Sanded"
"d2f6c8f4-fba6-5ddf-a9f2-0a1560e979e9","","checkpoint-status","not-started","","","TRUE","TRUE","Site QA","Area Ready","WING A","A.54 BED","Walls / Ceiling","Painted"
"d2889fc7-4dfb-4422-bd32-ccaa09c72a5f","","checklist-sectioned","not-started","Area Ready Checklist","checklist","FALSE","FALSE","Site QA","Area Ready","WING A","A.54A ENSUITE"
"d7b44de2-ff51-5f2a-bfbb-63da3ffc5b80","","checkpoint-group","not-started","","","FALSE","FALSE","Site QA","Area Ready","WING A","A.54A ENSUITE","Substrate"
"5ba6bdaa-b6a8-57f0-8c5e-74f018156a84","","checkpoint-status","not-started","","","TRUE","TRUE","Site QA","Area Ready","WING A","A.54A ENSUITE","Substrate","Substrate Acceptable"
"7859e8f1-8a1e-58db-82a0-e008c858bdcd","","checkpoint-status","not-started","","","TRUE","TRUE","Site QA","Area Ready","WING A","A.54A ENSUITE","Substrate","Wet Area Screed Installed"
"3097f667-8a27-59ff-b347-a11e49013a43","","checkpoint-group","not-started","","","FALSE","FALSE","Site QA","Area Ready","WING A","A.54A ENSUITE","Walls / Ceiling"
"712424bc-3f72-5019-97d2-4735970da168","","checkpoint-status","not-started","","","TRUE","TRUE","Site QA","Area Ready","WING A","A.54A ENSUITE","Walls / Ceiling","Ceiling Installed"
"1cb5fec5-a90f-5671-9cd2-fff3c76525d3","","checkpoint-status","not-started","","","TRUE","TRUE","Site QA","Area Ready","WING A","A.54A ENSUITE","Walls / Ceiling","Gyprock"
"9841d60b-4d30-5c28-bb4c-25b18165dc56","","checkpoint-status","not-started","","","TRUE","TRUE","Site QA","Area Ready","WING A","A.54A ENSUITE","Walls / Ceiling","Plastered"
"f49652fb-35a5-56cb-8eeb-d0fa429df6dc","","checkpoint-status","not-started","","","TRUE","TRUE","Site QA","Area Ready","WING A","A.54A ENSUITE","Walls / Ceiling","Plaster Sanded"
"af270616-9eb9-5f1b-a5d2-aee566aa2794","","checkpoint-status","not-started","","","TRUE","TRUE","Site QA","Area Ready","WING A","A.54A ENSUITE","Walls / Ceiling","Painted"
"20456706-f623-44d3-9e2b-08a854f4f6c7","","checklist-sectioned","not-started","Area Ready Checklist","checklist","FALSE","FALSE","Site QA","Area Ready","WING A","A.55 BED"
"ce5d0aa1-f704-596a-875d-1751389d93be","","checkpoint-group","not-started","","","FALSE","FALSE","Site QA","Area Ready","WING A","A.55 BED","Substrate"
"50110fb4-fe0c-5f68-81f9-6708d5ad7e08","","checkpoint-status","not-started","","","TRUE","TRUE","Site QA","Area Ready","WING A","A.55 BED","Substrate","Substrate Acceptable"
"16356ec2-4376-5e7a-9f18-d6b27606ae70","","checkpoint-status","not-started","","","TRUE","TRUE","Site QA","Area Ready","WING A","A.55 BED","Substrate","Wet Area Screed Installed"
"7e7681c4-d0d7-52f7-baa7-72dd5e4cb9ed","","checkpoint-group","not-started","","","FALSE","FALSE","Site QA","Area Ready","WING A","A.55 BED","Walls / Ceiling"
"daba46f2-54cd-5207-b6e8-3733745048c0","","checkpoint-status","not-started","","","TRUE","TRUE","Site QA","Area Ready","WING A","A.55 BED","Walls / Ceiling","Ceiling Installed"
"cfe670fa-7400-59c9-9f2e-a1d431782cde","","checkpoint-status","not-started","","","TRUE","TRUE","Site QA","Area Ready","WING A","A.55 BED","Walls / Ceiling","Gyprock"
"e43f5131-ff02-5505-b12a-e19b7cd2f520","","checkpoint-status","not-started","","","TRUE","TRUE","Site QA","Area Ready","WING A","A.55 BED","Walls / Ceiling","Plastered"
"2ae630e5-2ad7-5a93-8425-d2e02e899947","","checkpoint-status","not-started","","","TRUE","TRUE","Site QA","Area Ready","WING A","A.55 BED","Walls / Ceiling","Plaster Sanded"
"8ab7665d-d0d8-5457-856f-9f9e47bb8369","","checkpoint-status","not-started","","","TRUE","TRUE","Site QA","Area Ready","WING A","A.55 BED","Walls / Ceiling","Painted"
"4b2c8653-4e13-40b6-9de3-eb17e314198e","","checklist-sectioned","not-started","Area Ready Checklist","checklist","FALSE","FALSE","Site QA","Area Ready","WING A","A.55.A ENSUITE"
"c1cb3964-4295-54fc-af86-02c06705d93f","","checkpoint-group","not-started","","","FALSE","FALSE","Site QA","Area Ready","WING A","A.55.A ENSUITE","Substrate"
"10345ed1-3b9d-5d58-ab24-e16ff50da100","","checkpoint-status","not-started","","","TRUE","TRUE","Site QA","Area Ready","WING A","A.55.A ENSUITE","Substrate","Substrate Acceptable"
"c360ceda-bb6e-5433-8798-28a410e8ba15","","checkpoint-status","not-started","","","TRUE","TRUE","Site QA","Area Ready","WING A","A.55.A ENSUITE","Substrate","Wet Area Screed Installed"
"7905ebf7-056e-5ece-83de-75e7540debf6","","checkpoint-group","not-started","","","FALSE","FALSE","Site QA","Area Ready","WING A","A.55.A ENSUITE","Walls / Ceiling"
"7647e6cd-8cba-5806-8efc-a2e3242c0647","","checkpoint-status","not-started","","","TRUE","TRUE","Site QA","Area Ready","WING A","A.55.A ENSUITE","Walls / Ceiling","Ceiling Installed"
"ee5c338e-51f1-58fc-beb1-f2ddf9a501e1","","checkpoint-status","not-started","","","TRUE","TRUE","Site QA","Area Ready","WING A","A.55.A ENSUITE","Walls / Ceiling","Gyprock"
"23b58fc6-a3eb-5d67-9a09-8eb80458a790","","checkpoint-status","not-started","","","TRUE","TRUE","Site QA","Area Ready","WING A","A.55.A ENSUITE","Walls / Ceiling","Plastered"
"efadf6d0-705d-550a-9efd-1b5f785854c4","","checkpoint-status","not-started","","","TRUE","TRUE","Site QA","Area Ready","WING A","A.55.A ENSUITE","Walls / Ceiling","Plaster Sanded"
"82cd9c3f-681b-5439-abb7-98edf195e666","","checkpoint-status","not-started","","","TRUE","TRUE","Site QA","Area Ready","WING A","A.55.A ENSUITE","Walls / Ceiling","Painted"
"ac52d6a6-2928-48c7-aa18-93da4652e2ee","","checklist-sectioned","not-started","Area Ready Checklist","checklist","FALSE","FALSE","Site QA","Area Ready","WING A","A.56 BED"
"634d90fa-38d6-50af-a054-5fb88795bfe4","","checkpoint-group","not-started","","","FALSE","FALSE","Site QA","Area Ready","WING A","A.56 BED","Substrate"
"2a07cf1c-65a7-55f6-9272-8c0866c4defd","","checkpoint-status","not-started","","","TRUE","TRUE","Site QA","Area Ready","WING A","A.56 BED","Substrate","Substrate Acceptable"
"b6e65972-288c-5232-a886-5ac6d1b19b5e","","checkpoint-status","not-started","","","TRUE","TRUE","Site QA","Area Ready","WING A","A.56 BED","Substrate","Wet Area Screed Installed"
"f0b14b91-9c25-50fb-9b32-2e57066adc17","","checkpoint-group","not-started","","","FALSE","FALSE","Site QA","Area Ready","WING A","A.56 BED","Walls / Ceiling"
"b36d827d-a821-580d-9a19-79d98828e51a","","checkpoint-status","not-started","","","TRUE","TRUE","Site QA","Area Ready","WING A","A.56 BED","Walls / Ceiling","Ceiling Installed"
"db28e593-719d-5613-9755-e614f7781138","","checkpoint-status","not-started","","","TRUE","TRUE","Site QA","Area Ready","WING A","A.56 BED","Walls / Ceiling","Gyprock"
"67a4d367-81b7-5bbc-8799-1a8646ef1341","","checkpoint-status","not-started","","","TRUE","TRUE","Site QA","Area Ready","WING A","A.56 BED","Walls / Ceiling","Plastered"
"770aa616-c7a3-57e1-baf5-5c7aec5ef76d","","checkpoint-status","not-started","","","TRUE","TRUE","Site QA","Area Ready","WING A","A.56 BED","Walls / Ceiling","Plaster Sanded"
"42f32328-fa6c-5b86-aea0-ccb3e9375cb8","","checkpoint-status","not-started","","","TRUE","TRUE","Site QA","Area Ready","WING A","A.56 BED","Walls / Ceiling","Painted"
"d2dc2b78-c09a-425f-8652-93b28a1dbb1a","","checklist-sectioned","not-started","Area Ready Checklist","checklist","FALSE","FALSE","Site QA","Area Ready","WING A","A.56A ENSUITE"
"0b979f04-2452-5cf5-a651-edbf7caa1d38","","checkpoint-group","not-started","","","FALSE","FALSE","Site QA","Area Ready","WING A","A.56A ENSUITE","Substrate"
"e64b1d61-17e6-5b10-9878-49d833e0fec9","","checkpoint-status","not-started","","","TRUE","TRUE","Site QA","Area Ready","WING A","A.56A ENSUITE","Substrate","Substrate Acceptable"
"e3b3c921-bf86-5a70-b04f-b0e861b6141a","","checkpoint-status","not-started","","","TRUE","TRUE","Site QA","Area Ready","WING A","A.56A ENSUITE","Substrate","Wet Area Screed Installed"
"4143c8ec-8fdc-58d1-ba17-09b5af17e0a5","","checkpoint-group","not-started","","","FALSE","FALSE","Site QA","Area Ready","WING A","A.56A ENSUITE","Walls / Ceiling"
"1a6dd216-a795-50f6-a868-6d6999c2c7e4","","checkpoint-status","not-started","","","TRUE","TRUE","Site QA","Area Ready","WING A","A.56A ENSUITE","Walls / Ceiling","Ceiling Installed"
"f66b6c03-6c0b-5541-9945-131b44d02b28","","checkpoint-status","not-started","","","TRUE","TRUE","Site QA","Area Ready","WING A","A.56A ENSUITE","Walls / Ceiling","Gyprock"
"12e947b3-bd3d-5499-9845-b08d307f52ae","","checkpoint-status","not-started","","","TRUE","TRUE","Site QA","Area Ready","WING A","A.56A ENSUITE","Walls / Ceiling","Plastered"
"16638df5-0225-5e40-a4c3-1c64fec1eb2a","","checkpoint-status","not-started","","","TRUE","TRUE","Site QA","Area Ready","WING A","A.56A ENSUITE","Walls / Ceiling","Plaster Sanded"
"de159a33-9066-5ffc-8b16-5a69d8dea572","","checkpoint-status","not-started","","","TRUE","TRUE","Site QA","Area Ready","WING A","A.56A ENSUITE","Walls / Ceiling","Painted"
"a574943d-c7f6-4e5f-b09a-dc612d21ef12","","checklist-sectioned","not-started","Area Ready Checklist","checklist","FALSE","FALSE","Site QA","Area Ready","WING A","A.57 BED"
"dd2ca35c-dfc7-55f1-bf1b-785e990bd442","","checkpoint-group","not-started","","","FALSE","FALSE","Site QA","Area Ready","WING A","A.57 BED","Substrate"
"88e0daac-9eec-5a52-a5bf-eac4d47bb3c7","","checkpoint-status","not-started","","","TRUE","TRUE","Site QA","Area Ready","WING A","A.57 BED","Substrate","Substrate Acceptable"
"2f033512-068f-5344-9e49-1abc1e34f8a5","","checkpoint-status","not-started","","","TRUE","TRUE","Site QA","Area Ready","WING A","A.57 BED","Substrate","Wet Area Screed Installed"
"276da288-d506-51d2-8cc8-167c6f4b6a3f","","checkpoint-group","not-started","","","FALSE","FALSE","Site QA","Area Ready","WING A","A.57 BED","Walls / Ceiling"
"e7ac4e45-c3ca-52c1-85b6-b6e03389038c","","checkpoint-status","not-started","","","TRUE","TRUE","Site QA","Area Ready","WING A","A.57 BED","Walls / Ceiling","Ceiling Installed"
"8d3b9186-2f77-5583-91d5-c647ffa1ec03","","checkpoint-status","not-started","","","TRUE","TRUE","Site QA","Area Ready","WING A","A.57 BED","Walls / Ceiling","Gyprock"
"b766d0b9-575c-5f43-97bb-00aed6c27740","","checkpoint-status","not-started","","","TRUE","TRUE","Site QA","Area Ready","WING A","A.57 BED","Walls / Ceiling","Plastered"
"b3f55438-04cc-54b9-be65-f925a981887f","","checkpoint-status","not-started","","","TRUE","TRUE","Site QA","Area Ready","WING A","A.57 BED","Walls / Ceiling","Plaster Sanded"
"5016d4b3-f569-5a97-9e69-0a8f376a8d26","","checkpoint-status","not-started","","","TRUE","TRUE","Site QA","Area Ready","WING A","A.57 BED","Walls / Ceiling","Painted"
"3ebacfb5-edff-4c6f-a9bd-c990fdd5e15a","","checklist-sectioned","not-started","Area Ready Checklist","checklist","FALSE","FALSE","Site QA","Area Ready","WING A","A.57A ENSUITE"
"dd321f00-098f-55b5-a9fa-133192bf5cd3","","checkpoint-group","not-started","","","FALSE","FALSE","Site QA","Area Ready","WING A","A.57A ENSUITE","Substrate"
"bea5bb00-d281-5204-8fa8-2433d8cacb25","","checkpoint-status","not-started","","","TRUE","TRUE","Site QA","Area Ready","WING A","A.57A ENSUITE","Substrate","Substrate Acceptable"
"9e152ff0-3a19-5054-808e-f341ecc201f8","","checkpoint-status","not-started","","","TRUE","TRUE","Site QA","Area Ready","WING A","A.57A ENSUITE","Substrate","Wet Area Screed Installed"
"2a241c8e-46a9-55d5-b508-1b0c33eb531d","","checkpoint-group","not-started","","","FALSE","FALSE","Site QA","Area Ready","WING A","A.57A ENSUITE","Walls / Ceiling"
"8cac91ac-90ab-5022-9c5b-b787b325e159","","checkpoint-status","not-started","","","TRUE","TRUE","Site QA","Area Ready","WING A","A.57A ENSUITE","Walls / Ceiling","Ceiling Installed"
"7286db2f-cec8-5db5-9be0-6bcff776e254","","checkpoint-status","not-started","","","TRUE","TRUE","Site QA","Area Ready","WING A","A.57A ENSUITE","Walls / Ceiling","Gyprock"
"b7e25cd4-41d6-578a-9ad0-9385368cb043","","checkpoint-status","not-started","","","TRUE","TRUE","Site QA","Area Ready","WING A","A.57A ENSUITE","Walls / Ceiling","Plastered"
"52f8fe18-2ac2-54e5-83f8-1dc1eaa03f73","","checkpoint-status","not-started","","","TRUE","TRUE","Site QA","Area Ready","WING A","A.57A ENSUITE","Walls / Ceiling","Plaster Sanded"
"74d07979-3717-5303-81fb-52cda6ccd2b4","","checkpoint-status","not-started","","","TRUE","TRUE","Site QA","Area Ready","WING A","A.57A ENSUITE","Walls / Ceiling","Painted"
"9fec0bc8-efa0-494c-83ec-1152e36c3d3d","","checklist-sectioned","not-started","Area Ready Checklist","checklist","FALSE","FALSE","Site QA","Area Ready","WING A","A.58 BED"
"96b2d55a-5241-58a1-af13-e2e184f33f68","","checkpoint-group","not-started","","","FALSE","FALSE","Site QA","Area Ready","WING A","A.58 BED","Substrate"
"8c4fdc0b-fc56-50ca-aa1a-010cde3d847f","","checkpoint-status","not-started","","","TRUE","TRUE","Site QA","Area Ready","WING A","A.58 BED","Substrate","Substrate Acceptable"
"b211ec5e-b6a0-5753-a20a-db30938f94dd","","checkpoint-status","not-started","","","TRUE","TRUE","Site QA","Area Ready","WING A","A.58 BED","Substrate","Wet Area Screed Installed"
"9bd8c405-cbfc-51e6-a176-3eb55dd1509e","","checkpoint-group","not-started","","","FALSE","FALSE","Site QA","Area Ready","WING A","A.58 BED","Walls / Ceiling"
"9253d317-344a-5c79-9bb8-b9fbc75d84ec","","checkpoint-status","not-started","","","TRUE","TRUE","Site QA","Area Ready","WING A","A.58 BED","Walls / Ceiling","Ceiling Installed"
"f45bfed1-a197-51aa-ab9c-77d5af47b911","","checkpoint-status","not-started","","","TRUE","TRUE","Site QA","Area Ready","WING A","A.58 BED","Walls / Ceiling","Gyprock"
"2067cf9d-fd5b-5042-b4e9-82d98146b354","","checkpoint-status","not-started","","","TRUE","TRUE","Site QA","Area Ready","WING A","A.58 BED","Walls / Ceiling","Plastered"
"38e71740-cb96-5eee-9458-dd086c7b0559","","checkpoint-status","not-started","","","TRUE","TRUE","Site QA","Area Ready","WING A","A.58 BED","Walls / Ceiling","Plaster Sanded"
"a6df11e8-cf0f-5183-a04b-879b2f445233","","checkpoint-status","not-started","","","TRUE","TRUE","Site QA","Area Ready","WING A","A.58 BED","Walls / Ceiling","Painted"
"cf30cbc9-da62-4962-86be-09895340cb56","","checklist-sectioned","not-started","Area Ready Checklist","checklist","FALSE","FALSE","Site QA","Area Ready","WING A","A.58A ENSUITE"
"3737b907-3ea6-5dc1-9d7d-937071ea095b","","checkpoint-group","not-started","","","FALSE","FALSE","Site QA","Area Ready","WING A","A.58A ENSUITE","Substrate"
"eb0faccc-0ec5-5afa-8818-09347bf6e86f","","checkpoint-status","not-started","","","TRUE","TRUE","Site QA","Area Ready","WING A","A.58A ENSUITE","Substrate","Substrate Acceptable"
"21666c23-e0a2-50f8-8f52-223953c0c2b0","","checkpoint-status","not-started","","","TRUE","TRUE","Site QA","Area Ready","WING A","A.58A ENSUITE","Substrate","Wet Area Screed Installed"
"e102e9f7-9fca-50d9-80b5-aa5eb326e770","","checkpoint-group","not-started","","","FALSE","FALSE","Site QA","Area Ready","WING A","A.58A ENSUITE","Walls / Ceiling"
"aa8551b7-18ad-5af0-b770-3a96b6fc3e67","","checkpoint-status","not-started","","","TRUE","TRUE","Site QA","Area Ready","WING A","A.58A ENSUITE","Walls / Ceiling","Ceiling Installed"
"60c70746-8f49-5fb4-9754-4d1ea467ebe8","","checkpoint-status","not-started","","","TRUE","TRUE","Site QA","Area Ready","WING A","A.58A ENSUITE","Walls / Ceiling","Gyprock"
"87ff1828-d6ea-5f78-a0b2-68fbcd5dd63c","","checkpoint-status","not-started","","","TRUE","TRUE","Site QA","Area Ready","WING A","A.58A ENSUITE","Walls / Ceiling","Plastered"
"b25a72e9-c87c-5289-b132-3ad6f2d7316b","","checkpoint-status","not-started","","","TRUE","TRUE","Site QA","Area Ready","WING A","A.58A ENSUITE","Walls / Ceiling","Plaster Sanded"
"13bf3af7-fa94-5f64-ae8e-662f84aeacd1","","checkpoint-status","not-started","","","TRUE","TRUE","Site QA","Area Ready","WING A","A.58A ENSUITE","Walls / Ceiling","Painted"
"ceb5f347-651b-4e73-b78d-759fdd07d5f7","","checklist-sectioned","not-started","Area Ready Checklist","checklist","FALSE","FALSE","Site QA","Area Ready","WING A","A.59 BED"
"a90c7c5a-6720-5195-b10a-07540e45c7c2","","checkpoint-group","not-started","","","FALSE","FALSE","Site QA","Area Ready","WING A","A.59 BED","Substrate"
"4cd1b2d3-9bad-5983-b4d1-fa9e818cd117","","checkpoint-status","not-started","","","TRUE","TRUE","Site QA","Area Ready","WING A","A.59 BED","Substrate","Substrate Acceptable"
"5825166e-585d-539f-8736-4754f18e7057","","checkpoint-status","not-started","","","TRUE","TRUE","Site QA","Area Ready","WING A","A.59 BED","Substrate","Wet Area Screed Installed"
"f0b387e3-150b-5b6a-aa76-0b6c5b94c972","","checkpoint-group","not-started","","","FALSE","FALSE","Site QA","Area Ready","WING A","A.59 BED","Walls / Ceiling"
"75e66be6-2116-58b3-9553-d6c3e7c19bdf","","checkpoint-status","not-started","","","TRUE","TRUE","Site QA","Area Ready","WING A","A.59 BED","Walls / Ceiling","Ceiling Installed"
"2fd6b0dc-890b-5557-9c08-5a598f2a8d7d","","checkpoint-status","not-started","","","TRUE","TRUE","Site QA","Area Ready","WING A","A.59 BED","Walls / Ceiling","Gyprock"
"a5ed9b92-33d9-5a0c-b24e-8b001a17189b","","checkpoint-status","not-started","","","TRUE","TRUE","Site QA","Area Ready","WING A","A.59 BED","Walls / Ceiling","Plastered"
"9f26e1f4-74be-595f-a03a-b76dfa248cc7","","checkpoint-status","not-started","","","TRUE","TRUE","Site QA","Area Ready","WING A","A.59 BED","Walls / Ceiling","Plaster Sanded"
"93ef70db-9b7d-566b-a7d0-e8cfe52b740d","","checkpoint-status","not-started","","","TRUE","TRUE","Site QA","Area Ready","WING A","A.59 BED","Walls / Ceiling","Painted"
"ed2a9dd8-404d-44af-a1ef-6ac588929cc8","","checklist-sectioned","not-started","Area Ready Checklist","checklist","FALSE","FALSE","Site QA","Area Ready","WING A","A.59A ENSUITE"
"962b6114-4f60-5730-8791-05ccd0ddf3ed","","checkpoint-group","not-started","","","FALSE","FALSE","Site QA","Area Ready","WING A","A.59A ENSUITE","Substrate"
"0e3bfa08-f7a3-5c05-9951-23849d1df92c","","checkpoint-status","not-started","","","TRUE","TRUE","Site QA","Area Ready","WING A","A.59A ENSUITE","Substrate","Substrate Acceptable"
"f5971e4e-eb84-5afa-8bae-dd1e1dc83884","","checkpoint-status","not-started","","","TRUE","TRUE","Site QA","Area Ready","WING A","A.59A ENSUITE","Substrate","Wet Area Screed Installed"
"2144c398-5ff7-52a9-8d88-764d0884e0b0","","checkpoint-group","not-started","","","FALSE","FALSE","Site QA","Area Ready","WING A","A.59A ENSUITE","Walls / Ceiling"
"8b9fc474-a23f-5e17-99c6-405361de0730","","checkpoint-status","not-started","","","TRUE","TRUE","Site QA","Area Ready","WING A","A.59A ENSUITE","Walls / Ceiling","Ceiling Installed"
"ef59b484-3e76-5829-8527-887d5c5a2f11","","checkpoint-status","not-started","","","TRUE","TRUE","Site QA","Area Ready","WING A","A.59A ENSUITE","Walls / Ceiling","Gyprock"
"b351b43f-5e30-5232-9c72-4b7b6c807c28","","checkpoint-status","not-started","","","TRUE","TRUE","Site QA","Area Ready","WING A","A.59A ENSUITE","Walls / Ceiling","Plastered"
"0a6e8787-8ab4-5547-ae60-ed82775e7598","","checkpoint-status","not-started","","","TRUE","TRUE","Site QA","Area Ready","WING A","A.59A ENSUITE","Walls / Ceiling","Plaster Sanded"
"6743abd5-7894-5d7d-9559-56cab7b6e3b5","","checkpoint-status","not-started","","","TRUE","TRUE","Site QA","Area Ready","WING A","A.59A ENSUITE","Walls / Ceiling","Painted"
"7d5ee0b9-ce03-4a9f-b665-6aafbb89e936","","checklist-sectioned","not-started","Area Ready Checklist","checklist","FALSE","FALSE","Site QA","Area Ready","WING A","A.60 BED"
"3eac0e2e-dc26-5c88-ba35-7f896d26a17d","","checkpoint-group","not-started","","","FALSE","FALSE","Site QA","Area Ready","WING A","A.60 BED","Substrate"
"ee97cb67-e7c6-5ac1-ac19-827ca39a2c14","","checkpoint-status","not-started","","","TRUE","TRUE","Site QA","Area Ready","WING A","A.60 BED","Substrate","Substrate Acceptable"
"f5e96baf-8760-5237-9fe3-49a538768703","","checkpoint-status","not-started","","","TRUE","TRUE","Site QA","Area Ready","WING A","A.60 BED","Substrate","Wet Area Screed Installed"
"a25e9d53-a32d-526f-9992-93b16a8f5b54","","checkpoint-group","not-started","","","FALSE","FALSE","Site QA","Area Ready","WING A","A.60 BED","Walls / Ceiling"
"63283d86-dbda-5e8d-8dfb-1344567dd99c","","checkpoint-status","not-started","","","TRUE","TRUE","Site QA","Area Ready","WING A","A.60 BED","Walls / Ceiling","Ceiling Installed"
"bbcc5f47-98c6-5788-a4bd-9b24d89e7a61","","checkpoint-status","not-started","","","TRUE","TRUE","Site QA","Area Ready","WING A","A.60 BED","Walls / Ceiling","Gyprock"
"61e9d8c5-bde7-53d8-a9e8-9b7cddbbaea3","","checkpoint-status","not-started","","","TRUE","TRUE","Site QA","Area Ready","WING A","A.60 BED","Walls / Ceiling","Plastered"
"e19253db-98d1-5566-b567-3f4a901bfa96","","checkpoint-status","not-started","","","TRUE","TRUE","Site QA","Area Ready","WING A","A.60 BED","Walls / Ceiling","Plaster Sanded"
"9f74f66f-0c15-598f-8d9c-d3c1140d181a","","checkpoint-status","not-started","","","TRUE","TRUE","Site QA","Area Ready","WING A","A.60 BED","Walls / Ceiling","Painted"
"e2e4990e-ae19-4f76-aca1-6235e99ece90","","checklist-sectioned","not-started","Area Ready Checklist","checklist","FALSE","FALSE","Site QA","Area Ready","WING A","A.60A ENSUITE"
"d84c2a55-9c61-5d17-97e1-5fe910f70c34","","checkpoint-group","not-started","","","FALSE","FALSE","Site QA","Area Ready","WING A","A.60A ENSUITE","Substrate"
"2eb54a97-f68e-546e-8775-93930acff3ef","","checkpoint-status","not-started","","","TRUE","TRUE","Site QA","Area Ready","WING A","A.60A ENSUITE","Substrate","Substrate Acceptable"
"16d901c1-c163-523d-93a9-c06a30d7f2aa","","checkpoint-status","not-started","","","TRUE","TRUE","Site QA","Area Ready","WING A","A.60A ENSUITE","Substrate","Wet Area Screed Installed"
"607c5fa3-f3e3-5eba-b22f-0377be8287f2","","checkpoint-group","not-started","","","FALSE","FALSE","Site QA","Area Ready","WING A","A.60A ENSUITE","Walls / Ceiling"
"27aee454-045c-5c87-845c-b8941b58d34e","","checkpoint-status","not-started","","","TRUE","TRUE","Site QA","Area Ready","WING A","A.60A ENSUITE","Walls / Ceiling","Ceiling Installed"
"1cf687cc-0def-51da-82c3-45f9f369e81f","","checkpoint-status","not-started","","","TRUE","TRUE","Site QA","Area Ready","WING A","A.60A ENSUITE","Walls / Ceiling","Gyprock"
"b7ee07af-68d1-577f-91b8-d957bdb18db8","","checkpoint-status","not-started","","","TRUE","TRUE","Site QA","Area Ready","WING A","A.60A ENSUITE","Walls / Ceiling","Plastered"
"542cc772-b655-54ff-ae8a-04a1906f8d40","","checkpoint-status","not-started","","","TRUE","TRUE","Site QA","Area Ready","WING A","A.60A ENSUITE","Walls / Ceiling","Plaster Sanded"
"f53981f5-42e4-5e94-b360-5e2e4c8bb551","","checkpoint-status","not-started","","","TRUE","TRUE","Site QA","Area Ready","WING A","A.60A ENSUITE","Walls / Ceiling","Painted"
"3f927308-3bb8-4fa0-a0c1-ba42b2f4bd15","","checklist-sectioned","not-started","Area Ready Checklist","checklist","FALSE","FALSE","Site QA","Area Ready","WING A","A.61 ACCESS BED"
"35cdbb44-74c1-582a-8905-3123b719828f","","checkpoint-group","not-started","","","FALSE","FALSE","Site QA","Area Ready","WING A","A.61 ACCESS BED","Substrate"
"72753b79-2f1d-5baa-8f6c-c703e7c0ac53","","checkpoint-status","not-started","","","TRUE","TRUE","Site QA","Area Ready","WING A","A.61 ACCESS BED","Substrate","Substrate Acceptable"
"ad32eee3-92e9-5ed2-b2ba-a3cd0d7facdd","","checkpoint-status","not-started","","","TRUE","TRUE","Site QA","Area Ready","WING A","A.61 ACCESS BED","Substrate","Wet Area Screed Installed"
"ce339dac-9333-5351-bb3f-99852d3dfac2","","checkpoint-group","not-started","","","FALSE","FALSE","Site QA","Area Ready","WING A","A.61 ACCESS BED","Walls / Ceiling"
"4b1c0eab-c4b0-58ab-b860-753547995774","","checkpoint-status","not-started","","","TRUE","TRUE","Site QA","Area Ready","WING A","A.61 ACCESS BED","Walls / Ceiling","Ceiling Installed"
"adff2d96-4d7a-5100-bd1a-5c5e6324d249","","checkpoint-status","not-started","","","TRUE","TRUE","Site QA","Area Ready","WING A","A.61 ACCESS BED","Walls / Ceiling","Gyprock"
"ba2b0836-370e-524a-8a2b-b201ef43ec4d","","checkpoint-status","not-started","","","TRUE","TRUE","Site QA","Area Ready","WING A","A.61 ACCESS BED","Walls / Ceiling","Plastered"
"d039a870-defe-5deb-8b18-413d421b9146","","checkpoint-status","not-started","","","TRUE","TRUE","Site QA","Area Ready","WING A","A.61 ACCESS BED","Walls / Ceiling","Plaster Sanded"
"9ba9b1ac-ae36-5c75-aa4e-4246f1833fad","","checkpoint-status","not-started","","","TRUE","TRUE","Site QA","Area Ready","WING A","A.61 ACCESS BED","Walls / Ceiling","Painted"
"67108720-9de1-4f6e-8eb8-6ac7ce4c35bc","","checklist-sectioned","not-started","Area Ready Checklist","checklist","FALSE","FALSE","Site QA","Area Ready","WING A","A.61A ENSUITE"
"ca7ddd69-a238-53ee-a0b3-1fc3cc8897f2","","checkpoint-group","not-started","","","FALSE","FALSE","Site QA","Area Ready","WING A","A.61A ENSUITE","Substrate"
"55dfe41d-83b7-5577-afd1-a6a2dbac4641","","checkpoint-status","not-started","","","TRUE","TRUE","Site QA","Area Ready","WING A","A.61A ENSUITE","Substrate","Substrate Acceptable"
"463e957c-9a45-5830-b892-637ba2fcfa26","","checkpoint-status","not-started","","","TRUE","TRUE","Site QA","Area Ready","WING A","A.61A ENSUITE","Substrate","Wet Area Screed Installed"
"b61444a3-b6fa-572e-87e8-0661da6c5418","","checkpoint-group","not-started","","","FALSE","FALSE","Site QA","Area Ready","WING A","A.61A ENSUITE","Walls / Ceiling"
"15d8639d-517b-5e49-98fe-9e88684b4c16","","checkpoint-status","not-started","","","TRUE","TRUE","Site QA","Area Ready","WING A","A.61A ENSUITE","Walls / Ceiling","Ceiling Installed"
"8f76ec0a-04cd-5dc2-a02e-fac632262ccf","","checkpoint-status","not-started","","","TRUE","TRUE","Site QA","Area Ready","WING A","A.61A ENSUITE","Walls / Ceiling","Gyprock"
"a11d94b2-7533-56c7-9180-efe75c808ac7","","checkpoint-status","not-started","","","TRUE","TRUE","Site QA","Area Ready","WING A","A.61A ENSUITE","Walls / Ceiling","Plastered"
"1748dd8e-b488-5bc7-be6b-f6caa6181e6c","","checkpoint-status","not-started","","","TRUE","TRUE","Site QA","Area Ready","WING A","A.61A ENSUITE","Walls / Ceiling","Plaster Sanded"
"c353e3af-e50f-5440-bc85-aa6c7dd687cc","","checkpoint-status","not-started","","","TRUE","TRUE","Site QA","Area Ready","WING A","A.61A ENSUITE","Walls / Ceiling","Painted"
"ba0d4ab0-fec2-4737-bb7d-1ab8c7a0cf9c","","checklist-sectioned","not-started","Area Ready Checklist","checklist","FALSE","FALSE","Site QA","Area Ready","WING A","A.62 STORE"
"0f8829bb-75ea-527a-82f7-a279754e849b","","checkpoint-group","not-started","","","FALSE","FALSE","Site QA","Area Ready","WING A","A.62 STORE","Substrate"
"ec4938d5-b594-539e-8baf-8c6d48c40543","","checkpoint-status","not-started","","","TRUE","TRUE","Site QA","Area Ready","WING A","A.62 STORE","Substrate","Substrate Acceptable"
"9f7a900e-3dcd-5ed4-b155-756dcf03510d","","checkpoint-status","not-started","","","TRUE","TRUE","Site QA","Area Ready","WING A","A.62 STORE","Substrate","Wet Area Screed Installed"
"c1b7aa84-daf4-5f92-83fd-4db4a60e989a","","checkpoint-group","not-started","","","FALSE","FALSE","Site QA","Area Ready","WING A","A.62 STORE","Walls / Ceiling"
"c00440ff-e203-5ba2-9001-1c1d46166103","","checkpoint-status","not-started","","","TRUE","TRUE","Site QA","Area Ready","WING A","A.62 STORE","Walls / Ceiling","Ceiling Installed"
"7cef7016-2c73-5f15-9af1-e4e9eb27bf6e","","checkpoint-status","not-started","","","TRUE","TRUE","Site QA","Area Ready","WING A","A.62 STORE","Walls / Ceiling","Gyprock"
"4e6bb0e9-8d8f-5f2e-b8c3-13424527e4f5","","checkpoint-status","not-started","","","TRUE","TRUE","Site QA","Area Ready","WING A","A.62 STORE","Walls / Ceiling","Plastered"
"51466668-3392-56be-a474-f57af1674dab","","checkpoint-status","not-started","","","TRUE","TRUE","Site QA","Area Ready","WING A","A.62 STORE","Walls / Ceiling","Plaster Sanded"
"c1d24013-068a-57e5-8e20-edf724a27892","","checkpoint-status","not-started","","","TRUE","TRUE","Site QA","Area Ready","WING A","A.62 STORE","Walls / Ceiling","Painted"
"d37952bf-5955-403d-9ac5-43abe7182ced","","checklist-sectioned","not-started","Area Ready Checklist","checklist","FALSE","FALSE","Site QA","Area Ready","WING A","A.62A STORE CUPBOARD"
"2b85c47a-8ac2-535b-bb0d-99218a46f599","","checkpoint-group","not-started","","","FALSE","FALSE","Site QA","Area Ready","WING A","A.62A STORE CUPBOARD","Substrate"
"087f9b5d-ecd9-52cd-b2cc-906faffde75b","","checkpoint-status","not-started","","","TRUE","TRUE","Site QA","Area Ready","WING A","A.62A STORE CUPBOARD","Substrate","Substrate Acceptable"
"f749516d-321e-5335-b170-d5eefebd84b1","","checkpoint-status","not-started","","","TRUE","TRUE","Site QA","Area Ready","WING A","A.62A STORE CUPBOARD","Substrate","Wet Area Screed Installed"
"4a5487ad-dc36-512d-8c16-f09b03447579","","checkpoint-group","not-started","","","FALSE","FALSE","Site QA","Area Ready","WING A","A.62A STORE CUPBOARD","Walls / Ceiling"
"a996785d-b9ef-5c44-975b-a04aa7434403","","checkpoint-status","not-started","","","TRUE","TRUE","Site QA","Area Ready","WING A","A.62A STORE CUPBOARD","Walls / Ceiling","Ceiling Installed"
"2ee08634-526b-5475-9a78-2d7a6158ec3d","","checkpoint-status","not-started","","","TRUE","TRUE","Site QA","Area Ready","WING A","A.62A STORE CUPBOARD","Walls / Ceiling","Gyprock"
"e8af2323-4580-5deb-b40a-834cb2820a7b","","checkpoint-status","not-started","","","TRUE","TRUE","Site QA","Area Ready","WING A","A.62A STORE CUPBOARD","Walls / Ceiling","Plastered"
"c1063461-eb8f-59ab-8575-0ad2373e62eb","","checkpoint-status","not-started","","","TRUE","TRUE","Site QA","Area Ready","WING A","A.62A STORE CUPBOARD","Walls / Ceiling","Plaster Sanded"
"f8208ad8-3a43-54ab-a0c3-ffcb62130ccb","","checkpoint-status","not-started","","","TRUE","TRUE","Site QA","Area Ready","WING A","A.62A STORE CUPBOARD","Walls / Ceiling","Painted"
"014d4bc0-ee69-4a5e-a786-c975122637d8","","checklist-sectioned","not-started","Area Ready Checklist","checklist","FALSE","FALSE","Site QA","Area Ready","WING A","CORRIDOR AND LINEN"
"15a4dedb-2b89-527f-9c60-9bd820a18b15","","checkpoint-group","not-started","","","FALSE","FALSE","Site QA","Area Ready","WING A","CORRIDOR AND LINEN","Substrate"
"ed92f1f4-eb70-5fb3-bdc8-82c68f5aee91","","checkpoint-status","not-started","","","TRUE","TRUE","Site QA","Area Ready","WING A","CORRIDOR AND LINEN","Substrate","Substrate Acceptable"
"e13c13c7-897b-54e1-b671-b97c613f15ed","","checkpoint-status","not-started","","","TRUE","TRUE","Site QA","Area Ready","WING A","CORRIDOR AND LINEN","Substrate","Wet Area Screed Installed"
"263a1c5c-fd35-5166-9e6d-d61c1d185f38","","checkpoint-group","not-started","","","FALSE","FALSE","Site QA","Area Ready","WING A","CORRIDOR AND LINEN","Walls / Ceiling"
"f46209cb-ec21-509b-a4c0-a0e9822fd4e5","","checkpoint-status","not-started","","","TRUE","TRUE","Site QA","Area Ready","WING A","CORRIDOR AND LINEN","Walls / Ceiling","Ceiling Installed"
"aa98abe0-355b-5c20-9fbc-c74295526158","","checkpoint-status","not-started","","","TRUE","TRUE","Site QA","Area Ready","WING A","CORRIDOR AND LINEN","Walls / Ceiling","Gyprock"
"1af9f5e8-f16a-5d79-b085-99c84092c3f1","","checkpoint-status","not-started","","","TRUE","TRUE","Site QA","Area Ready","WING A","CORRIDOR AND LINEN","Walls / Ceiling","Plastered"
"32623840-86b0-5d9d-b3da-3f0a95e9e862","","checkpoint-status","not-started","","","TRUE","TRUE","Site QA","Area Ready","WING A","CORRIDOR AND LINEN","Walls / Ceiling","Plaster Sanded"
"818923c8-3a7c-5dd0-87d2-9f97f8627384","","checkpoint-status","not-started","","","TRUE","TRUE","Site QA","Area Ready","WING A","CORRIDOR AND LINEN","Walls / Ceiling","Painted"
"db86c9e1-aa8d-4b51-ab5a-b640b0f33d6c","","checklist-sectioned","not-started","Area Ready Checklist","checklist","FALSE","FALSE","Site QA","Area Ready","WING A","CORRIDOR AND LOUNGE"
"c91b7dfb-8859-565f-a165-add107df21fd","","checkpoint-group","not-started","","","FALSE","FALSE","Site QA","Area Ready","WING A","CORRIDOR AND LOUNGE","Substrate"
"b6f610cf-19b5-5049-85a2-d419e87e4e51","","checkpoint-status","not-started","","","TRUE","TRUE","Site QA","Area Ready","WING A","CORRIDOR AND LOUNGE","Substrate","Substrate Acceptable"
"c92e480e-5c64-52e0-8441-293175fa4041","","checkpoint-status","not-started","","","TRUE","TRUE","Site QA","Area Ready","WING A","CORRIDOR AND LOUNGE","Substrate","Wet Area Screed Installed"
"a9c2fdae-3871-5052-a456-281d41aecaa6","","checkpoint-group","not-started","","","FALSE","FALSE","Site QA","Area Ready","WING A","CORRIDOR AND LOUNGE","Walls / Ceiling"
"f2dbe28e-abd6-55ff-9084-691b34e1b513","","checkpoint-status","not-started","","","TRUE","TRUE","Site QA","Area Ready","WING A","CORRIDOR AND LOUNGE","Walls / Ceiling","Ceiling Installed"
"f2ce37c0-0d22-516e-af61-efc5f4de1451","","checkpoint-status","not-started","","","TRUE","TRUE","Site QA","Area Ready","WING A","CORRIDOR AND LOUNGE","Walls / Ceiling","Gyprock"
"7cc8b35f-f8e6-5b32-8f38-56fc5338027e","","checkpoint-status","not-started","","","TRUE","TRUE","Site QA","Area Ready","WING A","CORRIDOR AND LOUNGE","Walls / Ceiling","Plastered"
"d490c05b-128f-5b69-af55-278ae2be8feb","","checkpoint-status","not-started","","","TRUE","TRUE","Site QA","Area Ready","WING A","CORRIDOR AND LOUNGE","Walls / Ceiling","Plaster Sanded"
"792aa033-923a-558b-9946-bd8183a6c426","","checkpoint-status","not-started","","","TRUE","TRUE","Site QA","Area Ready","WING A","CORRIDOR AND LOUNGE","Walls / Ceiling","Painted"
"8dea8006-f927-427a-8735-90591ef40d1d","","checklist-sectioned","not-started","Area Ready Checklist","checklist","FALSE","FALSE","Site QA","Area Ready","WING A","CORRIDOR AND SITTING"
"106646f0-f391-5f5f-9b3e-981729344a6a","","checkpoint-group","not-started","","","FALSE","FALSE","Site QA","Area Ready","WING A","CORRIDOR AND SITTING","Substrate"
"4aac7ffd-18f1-579e-b6a5-7c19de87c3e7","","checkpoint-status","not-started","","","TRUE","TRUE","Site QA","Area Ready","WING A","CORRIDOR AND SITTING","Substrate","Substrate Acceptable"
"fa47d6c1-6a05-5fc5-ab42-16ac23795b84","","checkpoint-status","not-started","","","TRUE","TRUE","Site QA","Area Ready","WING A","CORRIDOR AND SITTING","Substrate","Wet Area Screed Installed"
"63e17440-c5c3-5740-897d-a719fcb6f7e0","","checkpoint-group","not-started","","","FALSE","FALSE","Site QA","Area Ready","WING A","CORRIDOR AND SITTING","Walls / Ceiling"
"4fb1347a-f3ca-517d-a408-a71dd30886fd","","checkpoint-status","not-started","","","TRUE","TRUE","Site QA","Area Ready","WING A","CORRIDOR AND SITTING","Walls / Ceiling","Ceiling Installed"
"2f897498-11f1-510d-9d64-2712b80fa888","","checkpoint-status","not-started","","","TRUE","TRUE","Site QA","Area Ready","WING A","CORRIDOR AND SITTING","Walls / Ceiling","Gyprock"
"4151e152-c89e-553a-9f5c-0667e76ef4b8","","checkpoint-status","not-started","","","TRUE","TRUE","Site QA","Area Ready","WING A","CORRIDOR AND SITTING","Walls / Ceiling","Plastered"
"3f770e82-58d2-5075-b23c-fece3d8f2770","","checkpoint-status","not-started","","","TRUE","TRUE","Site QA","Area Ready","WING A","CORRIDOR AND SITTING","Walls / Ceiling","Plaster Sanded"
"43fcb80f-40c4-52a3-a267-02e698c15b93","","checkpoint-status","not-started","","","TRUE","TRUE","Site QA","Area Ready","WING A","CORRIDOR AND SITTING","Walls / Ceiling","Painted"
"767dd27f-5542-42ad-ba35-354fccc251d4","","checklist-sectioned","not-started","Area Ready Checklist","checklist","FALSE","FALSE","Site QA","Area Ready","WING A","D.47 SERVERY"
"af239f7c-3f54-5c87-8c55-ed2628fcbff3","","checkpoint-group","not-started","","","FALSE","FALSE","Site QA","Area Ready","WING A","D.47 SERVERY","Substrate"
"794f17a2-07ab-5444-91d0-eade073b18a8","","checkpoint-status","not-started","","","TRUE","TRUE","Site QA","Area Ready","WING A","D.47 SERVERY","Substrate","Substrate Acceptable"
"e20f7da2-c537-57cc-85f4-2c547fc41f22","","checkpoint-status","not-started","","","TRUE","TRUE","Site QA","Area Ready","WING A","D.47 SERVERY","Substrate","Wet Area Screed Installed"
"70d9a9ba-3c82-55ab-b4cb-ce3979fb14ba","","checkpoint-group","not-started","","","FALSE","FALSE","Site QA","Area Ready","WING A","D.47 SERVERY","Walls / Ceiling"
"03fa12cd-b147-5bf3-a02c-9fe2dad936fc","","checkpoint-status","not-started","","","TRUE","TRUE","Site QA","Area Ready","WING A","D.47 SERVERY","Walls / Ceiling","Ceiling Installed"
"a8c065ce-02cc-5bec-ae6b-4860e5557a75","","checkpoint-status","not-started","","","TRUE","TRUE","Site QA","Area Ready","WING A","D.47 SERVERY","Walls / Ceiling","Gyprock"
"4a56e392-f069-5eab-a495-c663cb3408c8","","checkpoint-status","not-started","","","TRUE","TRUE","Site QA","Area Ready","WING A","D.47 SERVERY","Walls / Ceiling","Plastered"
"e7f09ef5-33fb-52b4-b599-9912a7e9504e","","checkpoint-status","not-started","","","TRUE","TRUE","Site QA","Area Ready","WING A","D.47 SERVERY","Walls / Ceiling","Plaster Sanded"
"9002253f-e2cf-5f5e-a6bd-4f58b5646efa","","checkpoint-status","not-started","","","TRUE","TRUE","Site QA","Area Ready","WING A","D.47 SERVERY","Walls / Ceiling","Painted"
"623f11f9-d1ba-40a7-8165-9adf9208a675","","checklist-sectioned","not-started","Area Ready Checklist","checklist","FALSE","FALSE","Site QA","Area Ready","WING A","SITTING AND CORRIDOR"
"4818ebea-6e5b-58c7-82dc-8c31b73ba4b5","","checkpoint-group","not-started","","","FALSE","FALSE","Site QA","Area Ready","WING A","SITTING AND CORRIDOR","Substrate"
"4e38dc7b-1fe5-5086-be0c-7d4e7ae54a97","","checkpoint-status","not-started","","","TRUE","TRUE","Site QA","Area Ready","WING A","SITTING AND CORRIDOR","Substrate","Substrate Acceptable"
"d0ba083b-f0da-5fd2-a156-3e7dd57e48b7","","checkpoint-status","not-started","","","TRUE","TRUE","Site QA","Area Ready","WING A","SITTING AND CORRIDOR","Substrate","Wet Area Screed Installed"
"211bfef5-b97c-59af-a1e7-1ddc100de66e","","checkpoint-group","not-started","","","FALSE","FALSE","Site QA","Area Ready","WING A","SITTING AND CORRIDOR","Walls / Ceiling"
"912aaff4-0589-502a-98f6-ab6c931831f2","","checkpoint-status","not-started","","","TRUE","TRUE","Site QA","Area Ready","WING A","SITTING AND CORRIDOR","Walls / Ceiling","Ceiling Installed"
"b64606ec-d88b-5a49-81f5-d1f28efea382","","checkpoint-status","not-started","","","TRUE","TRUE","Site QA","Area Ready","WING A","SITTING AND CORRIDOR","Walls / Ceiling","Gyprock"
"cda94631-044c-50d6-a637-797e15d035b0","","checkpoint-status","not-started","","","TRUE","TRUE","Site QA","Area Ready","WING A","SITTING AND CORRIDOR","Walls / Ceiling","Plastered"
"740dc8b4-75ec-5c99-9d0d-b2385faf173d","","checkpoint-status","not-started","","","TRUE","TRUE","Site QA","Area Ready","WING A","SITTING AND CORRIDOR","Walls / Ceiling","Plaster Sanded"
"6f7f4483-6f5f-50bc-a5d1-9269046b26e6","","checkpoint-status","not-started","","","TRUE","TRUE","Site QA","Area Ready","WING A","SITTING AND CORRIDOR","Walls / Ceiling","Painted"
"bd42eb77-c108-4599-be31-4b5c160c1ee0","","folder-normal","not-started","","step","TRUE","FALSE","Site QA","Area Ready","WING B1"
"450bfe6b-344c-46d1-ae05-720cc161a923","","checklist-sectioned","not-started","Area Ready Checklist","checklist","FALSE","FALSE","Site QA","Area Ready","WING B1","B,76A ENSUITE"
"e33bcebd-00b5-519f-9dc9-6ec445529e0f","","checkpoint-group","not-started","","","FALSE","FALSE","Site QA","Area Ready","WING B1","B,76A ENSUITE","Substrate"
"dc3f4b78-af46-5fc4-8b75-f5f07b577139","","checkpoint-status","not-started","","","TRUE","TRUE","Site QA","Area Ready","WING B1","B,76A ENSUITE","Substrate","Substrate Acceptable"
"012ca3df-9efd-579c-aa68-53eeee9b9402","","checkpoint-status","not-started","","","TRUE","TRUE","Site QA","Area Ready","WING B1","B,76A ENSUITE","Substrate","Wet Area Screed Installed"
"e2cd4f08-4d64-58dd-8fed-ace37c2eb111","","checkpoint-group","not-started","","","FALSE","FALSE","Site QA","Area Ready","WING B1","B,76A ENSUITE","Walls / Ceiling"
"269adccf-9bb2-55a1-87ed-5eab7e6106b1","","checkpoint-status","not-started","","","TRUE","TRUE","Site QA","Area Ready","WING B1","B,76A ENSUITE","Walls / Ceiling","Ceiling Installed"
"fa5fdab5-c637-5e37-afd9-f3f2c69d44b3","","checkpoint-status","not-started","","","TRUE","TRUE","Site QA","Area Ready","WING B1","B,76A ENSUITE","Walls / Ceiling","Gyprock"
"313ee33a-915c-5dde-aeec-5d88f80adbcf","","checkpoint-status","not-started","","","TRUE","TRUE","Site QA","Area Ready","WING B1","B,76A ENSUITE","Walls / Ceiling","Plastered"
"06d90c9e-8164-5afc-be96-9d7e0befcb65","","checkpoint-status","not-started","","","TRUE","TRUE","Site QA","Area Ready","WING B1","B,76A ENSUITE","Walls / Ceiling","Plaster Sanded"
"04ed4c2b-c79e-5386-a9ed-01bd44b8a516","","checkpoint-status","not-started","","","TRUE","TRUE","Site QA","Area Ready","WING B1","B,76A ENSUITE","Walls / Ceiling","Painted"
"239fbf8f-f79c-4bdf-b793-1a16f2c8ab8a","","checklist-sectioned","not-started","Area Ready Checklist","checklist","FALSE","FALSE","Site QA","Area Ready","WING B1","B.24 DINING, CORRIDORS"
"b6175dd9-8a26-50b9-94a7-f46841382426","","checkpoint-group","not-started","","","FALSE","FALSE","Site QA","Area Ready","WING B1","B.24 DINING, CORRIDORS","Substrate"
"c4f8482f-d832-5a9b-a714-46afe1b2498c","","checkpoint-status","not-started","","","TRUE","TRUE","Site QA","Area Ready","WING B1","B.24 DINING, CORRIDORS","Substrate","Substrate Acceptable"
"435259cc-acfb-5dcb-a78a-69461f955e7e","","checkpoint-status","not-started","","","TRUE","TRUE","Site QA","Area Ready","WING B1","B.24 DINING, CORRIDORS","Substrate","Wet Area Screed Installed"
"64e9dfcb-dd57-573f-8a16-970ff24cc527","","checkpoint-group","not-started","","","FALSE","FALSE","Site QA","Area Ready","WING B1","B.24 DINING, CORRIDORS","Walls / Ceiling"
"f1b6e372-9e40-5d25-b63a-68a4c56836cf","","checkpoint-status","not-started","","","TRUE","TRUE","Site QA","Area Ready","WING B1","B.24 DINING, CORRIDORS","Walls / Ceiling","Ceiling Installed"
"3b50c071-2361-5509-a391-0a8db1f37971","","checkpoint-status","not-started","","","TRUE","TRUE","Site QA","Area Ready","WING B1","B.24 DINING, CORRIDORS","Walls / Ceiling","Gyprock"
"f5754767-2f18-5e93-8f84-3db8c233fa40","","checkpoint-status","not-started","","","TRUE","TRUE","Site QA","Area Ready","WING B1","B.24 DINING, CORRIDORS","Walls / Ceiling","Plastered"
"bd4eeda4-eb52-56d2-8cdf-38627e760f66","","checkpoint-status","not-started","","","TRUE","TRUE","Site QA","Area Ready","WING B1","B.24 DINING, CORRIDORS","Walls / Ceiling","Plaster Sanded"
"90ff7527-75aa-5204-bb61-e0b758372627","","checkpoint-status","not-started","","","TRUE","TRUE","Site QA","Area Ready","WING B1","B.24 DINING, CORRIDORS","Walls / Ceiling","Painted"
"ca977968-82c4-49a8-8dea-d5be7e53cf9e","","checklist-sectioned","not-started","Area Ready Checklist","checklist","FALSE","FALSE","Site QA","Area Ready","WING B1","B.47 SERVERY"
"b7bd7a9a-a364-5b21-b3a0-bea92395110e","","checkpoint-group","not-started","","","FALSE","FALSE","Site QA","Area Ready","WING B1","B.47 SERVERY","Substrate"
"a9c1cbe1-b2c3-5a67-8e9d-707c1e7be5e3","","checkpoint-status","not-started","","","TRUE","TRUE","Site QA","Area Ready","WING B1","B.47 SERVERY","Substrate","Substrate Acceptable"
"d37b30e2-7636-5aa2-b9d6-7d128894c0b2","","checkpoint-status","not-started","","","TRUE","TRUE","Site QA","Area Ready","WING B1","B.47 SERVERY","Substrate","Wet Area Screed Installed"
"1576630e-7718-5a61-807e-8f0e91554c4a","","checkpoint-group","not-started","","","FALSE","FALSE","Site QA","Area Ready","WING B1","B.47 SERVERY","Walls / Ceiling"
"9bc9ddc0-e4af-5e01-b81b-399514924cd5","","checkpoint-status","not-started","","","TRUE","TRUE","Site QA","Area Ready","WING B1","B.47 SERVERY","Walls / Ceiling","Ceiling Installed"
"c4942d4d-5f16-51d8-94d4-b4728026c9b5","","checkpoint-status","not-started","","","TRUE","TRUE","Site QA","Area Ready","WING B1","B.47 SERVERY","Walls / Ceiling","Gyprock"
"78b1957b-b96b-5991-9052-dd2c3bcfc99c","","checkpoint-status","not-started","","","TRUE","TRUE","Site QA","Area Ready","WING B1","B.47 SERVERY","Walls / Ceiling","Plastered"
"c5f5e139-6088-5aa7-8abc-b8797f16c2a5","","checkpoint-status","not-started","","","TRUE","TRUE","Site QA","Area Ready","WING B1","B.47 SERVERY","Walls / Ceiling","Plaster Sanded"
"d8f94ed7-27e3-5c8d-93ce-fcbbe3bdbae1","","checkpoint-status","not-started","","","TRUE","TRUE","Site QA","Area Ready","WING B1","B.47 SERVERY","Walls / Ceiling","Painted"
"defb7afd-4488-4258-8c3b-8b960844ba0c","","checklist-sectioned","not-started","Area Ready Checklist","checklist","FALSE","FALSE","Site QA","Area Ready","WING B1","B.48 BED"
"d7e63b92-e6d7-543d-ac49-31e0dcb16736","","checkpoint-group","not-started","","","FALSE","FALSE","Site QA","Area Ready","WING B1","B.48 BED","Substrate"
"b61d45b6-9874-5071-8761-f63f7af35321","","checkpoint-status","not-started","","","TRUE","TRUE","Site QA","Area Ready","WING B1","B.48 BED","Substrate","Substrate Acceptable"
"a724df18-e996-5e39-a906-817eef64e976","","checkpoint-status","not-started","","","TRUE","TRUE","Site QA","Area Ready","WING B1","B.48 BED","Substrate","Wet Area Screed Installed"
"c6f14a45-12ce-5cf6-b05a-3292314b433e","","checkpoint-group","not-started","","","FALSE","FALSE","Site QA","Area Ready","WING B1","B.48 BED","Walls / Ceiling"
"ced74bb6-5e95-5e6f-96ad-b26a7910b8d9","","checkpoint-status","not-started","","","TRUE","TRUE","Site QA","Area Ready","WING B1","B.48 BED","Walls / Ceiling","Ceiling Installed"
"8b115ca5-9b52-5a95-a9a1-be652b242b3a","","checkpoint-status","not-started","","","TRUE","TRUE","Site QA","Area Ready","WING B1","B.48 BED","Walls / Ceiling","Gyprock"
"1cf3f4ac-c94e-5379-9ebc-c1745ee97bdc","","checkpoint-status","not-started","","","TRUE","TRUE","Site QA","Area Ready","WING B1","B.48 BED","Walls / Ceiling","Plastered"
"b69b31c7-fb29-5b54-bb8d-2b70a529a90a","","checkpoint-status","not-started","","","TRUE","TRUE","Site QA","Area Ready","WING B1","B.48 BED","Walls / Ceiling","Plaster Sanded"
"6604e9a8-4000-527a-ac21-44f6d4a3e13e","","checkpoint-status","not-started","","","TRUE","TRUE","Site QA","Area Ready","WING B1","B.48 BED","Walls / Ceiling","Painted"
"5ccb71a9-1dac-4ffb-8b86-9d0c5ee17b33","","checklist-sectioned","not-started","Area Ready Checklist","checklist","FALSE","FALSE","Site QA","Area Ready","WING B1","B.48A ENSUITE"
"840e5b8b-1765-5eda-928d-9e16d32a5eba","","checkpoint-group","not-started","","","FALSE","FALSE","Site QA","Area Ready","WING B1","B.48A ENSUITE","Substrate"
"b8b7add7-6219-563f-9a85-cb58e5704212","","checkpoint-status","not-started","","","TRUE","TRUE","Site QA","Area Ready","WING B1","B.48A ENSUITE","Substrate","Substrate Acceptable"
"0884a8fd-c191-5d58-96c3-86367aa2cb3e","","checkpoint-status","not-started","","","TRUE","TRUE","Site QA","Area Ready","WING B1","B.48A ENSUITE","Substrate","Wet Area Screed Installed"
"b0cda53e-20b2-595e-8963-b74dcab54ff7","","checkpoint-group","not-started","","","FALSE","FALSE","Site QA","Area Ready","WING B1","B.48A ENSUITE","Walls / Ceiling"
"3ab5ded8-3d9c-5062-90f2-330ca8e29bfa","","checkpoint-status","not-started","","","TRUE","TRUE","Site QA","Area Ready","WING B1","B.48A ENSUITE","Walls / Ceiling","Ceiling Installed"
"7e1b1aba-2b57-53d8-ad69-d1011405a241","","checkpoint-status","not-started","","","TRUE","TRUE","Site QA","Area Ready","WING B1","B.48A ENSUITE","Walls / Ceiling","Gyprock"
"4a4d2dc8-384f-5bb1-99cd-13eb15e2f4e1","","checkpoint-status","not-started","","","TRUE","TRUE","Site QA","Area Ready","WING B1","B.48A ENSUITE","Walls / Ceiling","Plastered"
"2be86034-301e-5d85-b276-e759cfc1ab65","","checkpoint-status","not-started","","","TRUE","TRUE","Site QA","Area Ready","WING B1","B.48A ENSUITE","Walls / Ceiling","Plaster Sanded"
"dc8dc088-fe16-50ec-933f-ddf8cc513940","","checkpoint-status","not-started","","","TRUE","TRUE","Site QA","Area Ready","WING B1","B.48A ENSUITE","Walls / Ceiling","Painted"
"5be0835e-1e3b-48ef-8a4f-5a95c73c5a6b","","checklist-sectioned","not-started","Area Ready Checklist","checklist","FALSE","FALSE","Site QA","Area Ready","WING B1","B.49 BED"
"3cc81548-c9fb-5766-a53e-0c0294eb3827","","checkpoint-group","not-started","","","FALSE","FALSE","Site QA","Area Ready","WING B1","B.49 BED","Substrate"
"ecb01837-b681-5981-abbf-4b4c3fda5919","","checkpoint-status","not-started","","","TRUE","TRUE","Site QA","Area Ready","WING B1","B.49 BED","Substrate","Substrate Acceptable"
"9e55fd5d-8d68-5cff-9f01-47dcdb47e750","","checkpoint-status","not-started","","","TRUE","TRUE","Site QA","Area Ready","WING B1","B.49 BED","Substrate","Wet Area Screed Installed"
"b0cfa200-ed8b-5757-9ce5-b40f2897770c","","checkpoint-group","not-started","","","FALSE","FALSE","Site QA","Area Ready","WING B1","B.49 BED","Walls / Ceiling"
"aec75b1b-4a63-5e8e-b30a-47cd37de567e","","checkpoint-status","not-started","","","TRUE","TRUE","Site QA","Area Ready","WING B1","B.49 BED","Walls / Ceiling","Ceiling Installed"
"aac6fcc5-80c8-5587-83d1-96438ccceafe","","checkpoint-status","not-started","","","TRUE","TRUE","Site QA","Area Ready","WING B1","B.49 BED","Walls / Ceiling","Gyprock"
"65842430-5ef9-5152-9ee2-2cc13217844c","","checkpoint-status","not-started","","","TRUE","TRUE","Site QA","Area Ready","WING B1","B.49 BED","Walls / Ceiling","Plastered"
"4ffe2fcd-dc5a-5789-892e-4fcf0747b471","","checkpoint-status","not-started","","","TRUE","TRUE","Site QA","Area Ready","WING B1","B.49 BED","Walls / Ceiling","Plaster Sanded"
"69dce04e-4cca-553b-b02a-85b1a39f702b","","checkpoint-status","not-started","","","TRUE","TRUE","Site QA","Area Ready","WING B1","B.49 BED","Walls / Ceiling","Painted"
"2bd1fdaf-0377-46d7-8931-25fc8ab1c756","","checklist-sectioned","not-started","Area Ready Checklist","checklist","FALSE","FALSE","Site QA","Area Ready","WING B1","B.49A ENSUITE"
"71c769ad-f0ea-59aa-b2d0-3a64b6ba9565","","checkpoint-group","not-started","","","FALSE","FALSE","Site QA","Area Ready","WING B1","B.49A ENSUITE","Substrate"
"82bb6bd4-f19a-556a-9064-b66562728392","","checkpoint-status","not-started","","","TRUE","TRUE","Site QA","Area Ready","WING B1","B.49A ENSUITE","Substrate","Substrate Acceptable"
"7c12317d-cb5a-58c3-9cbd-06b4954bc2db","","checkpoint-status","not-started","","","TRUE","TRUE","Site QA","Area Ready","WING B1","B.49A ENSUITE","Substrate","Wet Area Screed Installed"
"8e6cb3d3-c36f-50ac-9faa-ccd7272f34dd","","checkpoint-group","not-started","","","FALSE","FALSE","Site QA","Area Ready","WING B1","B.49A ENSUITE","Walls / Ceiling"
"9c8ba9ac-1d12-58b1-8e92-8448b10b0c9b","","checkpoint-status","not-started","","","TRUE","TRUE","Site QA","Area Ready","WING B1","B.49A ENSUITE","Walls / Ceiling","Ceiling Installed"
"bb64cbe0-724f-5f6f-ad86-4592860e7425","","checkpoint-status","not-started","","","TRUE","TRUE","Site QA","Area Ready","WING B1","B.49A ENSUITE","Walls / Ceiling","Gyprock"
"f43ed0f9-9def-5e21-8830-e6cf59d8c406","","checkpoint-status","not-started","","","TRUE","TRUE","Site QA","Area Ready","WING B1","B.49A ENSUITE","Walls / Ceiling","Plastered"
"8c76bc45-db71-5616-af56-996dad171c0d","","checkpoint-status","not-started","","","TRUE","TRUE","Site QA","Area Ready","WING B1","B.49A ENSUITE","Walls / Ceiling","Plaster Sanded"
"dbe1bafd-4b62-5e78-9d8f-f2eef1dd7a92","","checkpoint-status","not-started","","","TRUE","TRUE","Site QA","Area Ready","WING B1","B.49A ENSUITE","Walls / Ceiling","Painted"
"9b49fd79-cd1c-44e2-a240-6f10f19c9724","","checklist-sectioned","not-started","Area Ready Checklist","checklist","FALSE","FALSE","Site QA","Area Ready","WING B1","B.50 BED"
"5360b253-c58c-50b7-b30b-cda08babc0ee","","checkpoint-group","not-started","","","FALSE","FALSE","Site QA","Area Ready","WING B1","B.50 BED","Substrate"
"b2b90828-b312-53fd-98f1-b412de240bc4","","checkpoint-status","not-started","","","TRUE","TRUE","Site QA","Area Ready","WING B1","B.50 BED","Substrate","Substrate Acceptable"
"039900ff-87a4-5f0d-9226-2d0625d392ae","","checkpoint-status","not-started","","","TRUE","TRUE","Site QA","Area Ready","WING B1","B.50 BED","Substrate","Wet Area Screed Installed"
"7baddc6e-b6e3-5b65-845d-10b866d685f1","","checkpoint-group","not-started","","","FALSE","FALSE","Site QA","Area Ready","WING B1","B.50 BED","Walls / Ceiling"
"645ed2fb-a1b7-5a84-9cfb-a214ab1bc2b5","","checkpoint-status","not-started","","","TRUE","TRUE","Site QA","Area Ready","WING B1","B.50 BED","Walls / Ceiling","Ceiling Installed"
"05cfb08f-c5f0-5cca-a272-c8629bc05d3e","","checkpoint-status","not-started","","","TRUE","TRUE","Site QA","Area Ready","WING B1","B.50 BED","Walls / Ceiling","Gyprock"
"e9db611f-3664-505a-967b-7cf127d921a1","","checkpoint-status","not-started","","","TRUE","TRUE","Site QA","Area Ready","WING B1","B.50 BED","Walls / Ceiling","Plastered"
"6cf426f3-c64f-583a-aa65-c2ecdfb9c2ae","","checkpoint-status","not-started","","","TRUE","TRUE","Site QA","Area Ready","WING B1","B.50 BED","Walls / Ceiling","Plaster Sanded"
"ad5101c5-90aa-5f8b-b06b-a124c5c46148","","checkpoint-status","not-started","","","TRUE","TRUE","Site QA","Area Ready","WING B1","B.50 BED","Walls / Ceiling","Painted"
"e0a2d8a8-8c8a-4a1b-885b-5b414388e202","","checklist-sectioned","not-started","Area Ready Checklist","checklist","FALSE","FALSE","Site QA","Area Ready","WING B1","B.50A BED"
"6087d11d-5425-5d77-bc6a-8a7046323e1d","","checkpoint-group","not-started","","","FALSE","FALSE","Site QA","Area Ready","WING B1","B.50A BED","Substrate"
"68448348-8e5b-5250-b911-da3615067403","","checkpoint-status","not-started","","","TRUE","TRUE","Site QA","Area Ready","WING B1","B.50A BED","Substrate","Substrate Acceptable"
"cb6d218c-9fc7-529e-ac33-7d10adc574d8","","checkpoint-status","not-started","","","TRUE","TRUE","Site QA","Area Ready","WING B1","B.50A BED","Substrate","Wet Area Screed Installed"
"27414dce-cae7-52b4-ad07-28e62a33c975","","checkpoint-group","not-started","","","FALSE","FALSE","Site QA","Area Ready","WING B1","B.50A BED","Walls / Ceiling"
"a2e103ba-5157-579e-a5da-e0bc18e4ad65","","checkpoint-status","not-started","","","TRUE","TRUE","Site QA","Area Ready","WING B1","B.50A BED","Walls / Ceiling","Ceiling Installed"
"73e53cb3-d10e-5188-a310-eafb31705cc6","","checkpoint-status","not-started","","","TRUE","TRUE","Site QA","Area Ready","WING B1","B.50A BED","Walls / Ceiling","Gyprock"
"3d6d6665-a7ac-5b34-927c-f647aa3d78cd","","checkpoint-status","not-started","","","TRUE","TRUE","Site QA","Area Ready","WING B1","B.50A BED","Walls / Ceiling","Plastered"
"64ff2c3f-187b-5a09-9b84-34e82c180ae0","","checkpoint-status","not-started","","","TRUE","TRUE","Site QA","Area Ready","WING B1","B.50A BED","Walls / Ceiling","Plaster Sanded"
"6010a4e4-1aa5-57a5-b4f7-baaad03674f0","","checkpoint-status","not-started","","","TRUE","TRUE","Site QA","Area Ready","WING B1","B.50A BED","Walls / Ceiling","Painted"
"39d8a04f-1f63-478f-89d2-9a41f4879a56","","checklist-sectioned","not-started","Area Ready Checklist","checklist","FALSE","FALSE","Site QA","Area Ready","WING B1","B.51 BED"
"8b5d4448-bea0-5b00-8573-f929a39b3cf9","","checkpoint-group","not-started","","","FALSE","FALSE","Site QA","Area Ready","WING B1","B.51 BED","Substrate"
"8c30c0a4-4c14-5c3a-a807-b90af3f65bba","","checkpoint-status","not-started","","","TRUE","TRUE","Site QA","Area Ready","WING B1","B.51 BED","Substrate","Substrate Acceptable"
"b9a47f46-0f94-5d0b-92c3-bed237503722","","checkpoint-status","not-started","","","TRUE","TRUE","Site QA","Area Ready","WING B1","B.51 BED","Substrate","Wet Area Screed Installed"
"a1c435c5-5e8b-5189-8c58-6cf44b1f28ee","","checkpoint-group","not-started","","","FALSE","FALSE","Site QA","Area Ready","WING B1","B.51 BED","Walls / Ceiling"
"d99c259c-b825-5f93-8859-79978675b2b7","","checkpoint-status","not-started","","","TRUE","TRUE","Site QA","Area Ready","WING B1","B.51 BED","Walls / Ceiling","Ceiling Installed"
"b74e9c37-f1d5-5617-8e62-fabb3d3b8255","","checkpoint-status","not-started","","","TRUE","TRUE","Site QA","Area Ready","WING B1","B.51 BED","Walls / Ceiling","Gyprock"
"f1b79c88-fb4e-589e-afc1-2436c9729eed","","checkpoint-status","not-started","","","TRUE","TRUE","Site QA","Area Ready","WING B1","B.51 BED","Walls / Ceiling","Plastered"
"88df05a8-d969-59cf-b491-783a9b2493ce","","checkpoint-status","not-started","","","TRUE","TRUE","Site QA","Area Ready","WING B1","B.51 BED","Walls / Ceiling","Plaster Sanded"
"7b2c1534-994c-56b1-bdd9-ca72ad708b2b","","checkpoint-status","not-started","","","TRUE","TRUE","Site QA","Area Ready","WING B1","B.51 BED","Walls / Ceiling","Painted"
"d5b37605-ecbc-4d7c-b127-54609a65673a","","checklist-sectioned","not-started","Area Ready Checklist","checklist","FALSE","FALSE","Site QA","Area Ready","WING B1","B.51A ENSUITE"
"c77e28c0-0b4e-5986-8d29-a2352f403366","","checkpoint-group","not-started","","","FALSE","FALSE","Site QA","Area Ready","WING B1","B.51A ENSUITE","Substrate"
"5adab9e7-c1f6-509b-9100-5d8e5b041234","","checkpoint-status","not-started","","","TRUE","TRUE","Site QA","Area Ready","WING B1","B.51A ENSUITE","Substrate","Substrate Acceptable"
"c90083c5-8d1d-5b1e-9dff-2e929f02e51c","","checkpoint-status","not-started","","","TRUE","TRUE","Site QA","Area Ready","WING B1","B.51A ENSUITE","Substrate","Wet Area Screed Installed"
"3ac0a735-a50f-5f6e-b87f-0c4f4ce70920","","checkpoint-group","not-started","","","FALSE","FALSE","Site QA","Area Ready","WING B1","B.51A ENSUITE","Walls / Ceiling"
"4d0851aa-8808-5b1c-932a-821da60b719d","","checkpoint-status","not-started","","","TRUE","TRUE","Site QA","Area Ready","WING B1","B.51A ENSUITE","Walls / Ceiling","Ceiling Installed"
"83031c4f-2686-55dc-8ed3-0760039b3b3c","","checkpoint-status","not-started","","","TRUE","TRUE","Site QA","Area Ready","WING B1","B.51A ENSUITE","Walls / Ceiling","Gyprock"
"19416b36-a2d4-5ec6-8a8a-f385aae70652","","checkpoint-status","not-started","","","TRUE","TRUE","Site QA","Area Ready","WING B1","B.51A ENSUITE","Walls / Ceiling","Plastered"
"e5af5549-1769-5212-b259-77805df643f5","","checkpoint-status","not-started","","","TRUE","TRUE","Site QA","Area Ready","WING B1","B.51A ENSUITE","Walls / Ceiling","Plaster Sanded"
"7f46409e-c023-5233-afde-7e1a0ff75be5","","checkpoint-status","not-started","","","TRUE","TRUE","Site QA","Area Ready","WING B1","B.51A ENSUITE","Walls / Ceiling","Painted"
"d7754390-3e46-4e2d-bf55-df0d7f99400e","","checklist-sectioned","not-started","Area Ready Checklist","checklist","FALSE","FALSE","Site QA","Area Ready","WING B1","B.53 PAN ROOM"
"b808029b-1d3d-571c-8813-f90d79acefd3","","checkpoint-group","not-started","","","FALSE","FALSE","Site QA","Area Ready","WING B1","B.53 PAN ROOM","Substrate"
"143d8e29-806d-5aa8-92f0-7823acd45477","","checkpoint-status","not-started","","","TRUE","TRUE","Site QA","Area Ready","WING B1","B.53 PAN ROOM","Substrate","Substrate Acceptable"
"ca035314-489d-5289-b071-04278586c84d","","checkpoint-status","not-started","","","TRUE","TRUE","Site QA","Area Ready","WING B1","B.53 PAN ROOM","Substrate","Wet Area Screed Installed"
"9d38cf34-4e64-5e8d-8037-a7855be01c91","","checkpoint-group","not-started","","","FALSE","FALSE","Site QA","Area Ready","WING B1","B.53 PAN ROOM","Walls / Ceiling"
"e7ba7da4-8601-5a0b-aa9d-6310c5015731","","checkpoint-status","not-started","","","TRUE","TRUE","Site QA","Area Ready","WING B1","B.53 PAN ROOM","Walls / Ceiling","Ceiling Installed"
"b2c3337c-72ec-551a-bb62-5179d4d650d0","","checkpoint-status","not-started","","","TRUE","TRUE","Site QA","Area Ready","WING B1","B.53 PAN ROOM","Walls / Ceiling","Gyprock"
"3b22c7c7-47b2-5052-b322-7e7bbd9eb96c","","checkpoint-status","not-started","","","TRUE","TRUE","Site QA","Area Ready","WING B1","B.53 PAN ROOM","Walls / Ceiling","Plastered"
"abfe56a1-e77f-5909-91b0-d09083ca3140","","checkpoint-status","not-started","","","TRUE","TRUE","Site QA","Area Ready","WING B1","B.53 PAN ROOM","Walls / Ceiling","Plaster Sanded"
"93a3f653-b2b5-5377-8dfa-0bddc370562a","","checkpoint-status","not-started","","","TRUE","TRUE","Site QA","Area Ready","WING B1","B.53 PAN ROOM","Walls / Ceiling","Painted"
"1fc88dde-f067-47d9-a938-db43230be708","","checklist-sectioned","not-started","Area Ready Checklist","checklist","FALSE","FALSE","Site QA","Area Ready","WING B1","B.55 STORE"
"c1d2e0bf-ffa9-5aa9-b361-c779fc36dc86","","checkpoint-group","not-started","","","FALSE","FALSE","Site QA","Area Ready","WING B1","B.55 STORE","Substrate"
"bfc8b336-e268-5867-93ec-9ed5c32a9f63","","checkpoint-status","not-started","","","TRUE","TRUE","Site QA","Area Ready","WING B1","B.55 STORE","Substrate","Substrate Acceptable"
"e066e9e5-42c5-5ee1-9eb3-bbefbe0ae155","","checkpoint-status","not-started","","","TRUE","TRUE","Site QA","Area Ready","WING B1","B.55 STORE","Substrate","Wet Area Screed Installed"
"ec2d0880-7bf0-5483-83b6-4a769ae2106d","","checkpoint-group","not-started","","","FALSE","FALSE","Site QA","Area Ready","WING B1","B.55 STORE","Walls / Ceiling"
"338ea22a-e272-559d-8f24-16bfc5837950","","checkpoint-status","not-started","","","TRUE","TRUE","Site QA","Area Ready","WING B1","B.55 STORE","Walls / Ceiling","Ceiling Installed"
"b2ea2ec7-6136-56b1-88b1-585311dc259f","","checkpoint-status","not-started","","","TRUE","TRUE","Site QA","Area Ready","WING B1","B.55 STORE","Walls / Ceiling","Gyprock"
"17acc274-8f4e-511b-a38b-805b557dd083","","checkpoint-status","not-started","","","TRUE","TRUE","Site QA","Area Ready","WING B1","B.55 STORE","Walls / Ceiling","Plastered"
"55590394-a6ca-540a-8121-18df0af3e1c2","","checkpoint-status","not-started","","","TRUE","TRUE","Site QA","Area Ready","WING B1","B.55 STORE","Walls / Ceiling","Plaster Sanded"
"d674c596-9cfe-5922-8b80-b141fb116863","","checkpoint-status","not-started","","","TRUE","TRUE","Site QA","Area Ready","WING B1","B.55 STORE","Walls / Ceiling","Painted"
"09552a5a-4025-44a0-b540-6bc43e01154b","","checklist-sectioned","not-started","Area Ready Checklist","checklist","FALSE","FALSE","Site QA","Area Ready","WING B1","B.56 ACTIVITIES"
"b010d4e0-6afa-5bd0-b6ee-5d9b5c7acde4","","checkpoint-group","not-started","","","FALSE","FALSE","Site QA","Area Ready","WING B1","B.56 ACTIVITIES","Substrate"
"e8124262-06ba-50ad-b400-4f82c6ad5753","","checkpoint-status","not-started","","","TRUE","TRUE","Site QA","Area Ready","WING B1","B.56 ACTIVITIES","Substrate","Substrate Acceptable"
"71435d60-881b-5cd8-a9d2-72935c400517","","checkpoint-status","not-started","","","TRUE","TRUE","Site QA","Area Ready","WING B1","B.56 ACTIVITIES","Substrate","Wet Area Screed Installed"
"89f05b43-126e-55ba-905c-35d620a6b20e","","checkpoint-group","not-started","","","FALSE","FALSE","Site QA","Area Ready","WING B1","B.56 ACTIVITIES","Walls / Ceiling"
"c0788ba7-dd17-5c08-bcae-6aa68e66c743","","checkpoint-status","not-started","","","TRUE","TRUE","Site QA","Area Ready","WING B1","B.56 ACTIVITIES","Walls / Ceiling","Ceiling Installed"
"21e76a25-8330-55cf-be55-4e92d8b97d04","","checkpoint-status","not-started","","","TRUE","TRUE","Site QA","Area Ready","WING B1","B.56 ACTIVITIES","Walls / Ceiling","Gyprock"
"a93c64d8-c018-5580-8023-cdc801cc08ec","","checkpoint-status","not-started","","","TRUE","TRUE","Site QA","Area Ready","WING B1","B.56 ACTIVITIES","Walls / Ceiling","Plastered"
"b0e7c260-aef6-54b8-b238-aac335900b8c","","checkpoint-status","not-started","","","TRUE","TRUE","Site QA","Area Ready","WING B1","B.56 ACTIVITIES","Walls / Ceiling","Plaster Sanded"
"0a3559e5-8607-56c3-a0a7-60bedf6fbdc4","","checkpoint-status","not-started","","","TRUE","TRUE","Site QA","Area Ready","WING B1","B.56 ACTIVITIES","Walls / Ceiling","Painted"
"1f085556-a74f-4603-a7f9-3154edc73502","","checklist-sectioned","not-started","Area Ready Checklist","checklist","FALSE","FALSE","Site QA","Area Ready","WING B1","B.57 BED"
"964d71b0-24d5-5d13-a8e5-cc1c14950cac","","checkpoint-group","not-started","","","FALSE","FALSE","Site QA","Area Ready","WING B1","B.57 BED","Substrate"
"67e48943-92f4-5a95-86b5-4cf11bcf70e7","","checkpoint-status","not-started","","","TRUE","TRUE","Site QA","Area Ready","WING B1","B.57 BED","Substrate","Substrate Acceptable"
"7eaf0db5-1c10-54cd-a29f-4debf7305fab","","checkpoint-status","not-started","","","TRUE","TRUE","Site QA","Area Ready","WING B1","B.57 BED","Substrate","Wet Area Screed Installed"
"8c62e4e9-eb71-54d1-b888-2335d2706829","","checkpoint-group","not-started","","","FALSE","FALSE","Site QA","Area Ready","WING B1","B.57 BED","Walls / Ceiling"
"041dd739-e03c-5f16-9c49-7df155e43b13","","checkpoint-status","not-started","","","TRUE","TRUE","Site QA","Area Ready","WING B1","B.57 BED","Walls / Ceiling","Ceiling Installed"
"b49e0cae-9c93-5c02-b55d-219f8f6a329c","","checkpoint-status","not-started","","","TRUE","TRUE","Site QA","Area Ready","WING B1","B.57 BED","Walls / Ceiling","Gyprock"
"e91f99d8-0095-543a-8b31-d439c76de8de","","checkpoint-status","not-started","","","TRUE","TRUE","Site QA","Area Ready","WING B1","B.57 BED","Walls / Ceiling","Plastered"
"d3995b13-e076-57d8-a3a6-606433f27fd7","","checkpoint-status","not-started","","","TRUE","TRUE","Site QA","Area Ready","WING B1","B.57 BED","Walls / Ceiling","Plaster Sanded"
"0f194bc0-0d91-58ac-ae04-929630dbc899","","checkpoint-status","not-started","","","TRUE","TRUE","Site QA","Area Ready","WING B1","B.57 BED","Walls / Ceiling","Painted"
"92affcb4-e8c4-4521-a6ac-23f25870c66e","","checklist-sectioned","not-started","Area Ready Checklist","checklist","FALSE","FALSE","Site QA","Area Ready","WING B1","B.57A ENSUITE"
"e80d31ab-bca7-579c-8426-48d178a4028b","","checkpoint-group","not-started","","","FALSE","FALSE","Site QA","Area Ready","WING B1","B.57A ENSUITE","Substrate"
"349d9962-ab01-5dcf-a841-7ff3c880303e","","checkpoint-status","not-started","","","TRUE","TRUE","Site QA","Area Ready","WING B1","B.57A ENSUITE","Substrate","Substrate Acceptable"
"7a56f21b-050c-51ef-b39b-9bc6eca8d349","","checkpoint-status","not-started","","","TRUE","TRUE","Site QA","Area Ready","WING B1","B.57A ENSUITE","Substrate","Wet Area Screed Installed"
"e77cc84e-7e03-5cb2-84fd-24c6ab7b2e86","","checkpoint-group","not-started","","","FALSE","FALSE","Site QA","Area Ready","WING B1","B.57A ENSUITE","Walls / Ceiling"
"4850cf06-1c76-53ee-a2fc-d4187e689b53","","checkpoint-status","not-started","","","TRUE","TRUE","Site QA","Area Ready","WING B1","B.57A ENSUITE","Walls / Ceiling","Ceiling Installed"
"0d43ddf8-79be-5260-b618-c82d155d01b4","","checkpoint-status","not-started","","","TRUE","TRUE","Site QA","Area Ready","WING B1","B.57A ENSUITE","Walls / Ceiling","Gyprock"
"457ca618-e499-5356-963f-12920c7275cf","","checkpoint-status","not-started","","","TRUE","TRUE","Site QA","Area Ready","WING B1","B.57A ENSUITE","Walls / Ceiling","Plastered"
"453d4273-35c2-5c9d-b183-eae95341564b","","checkpoint-status","not-started","","","TRUE","TRUE","Site QA","Area Ready","WING B1","B.57A ENSUITE","Walls / Ceiling","Plaster Sanded"
"29412655-37ea-515e-b757-eb1191e8ad7d","","checkpoint-status","not-started","","","TRUE","TRUE","Site QA","Area Ready","WING B1","B.57A ENSUITE","Walls / Ceiling","Painted"
"5abb3827-db94-4340-9a21-e365ebc4435e","","checklist-sectioned","not-started","Area Ready Checklist","checklist","FALSE","FALSE","Site QA","Area Ready","WING B1","B.58 BED"
"33f81498-4ec4-5072-82f1-1a1ff25d9a8d","","checkpoint-group","not-started","","","FALSE","FALSE","Site QA","Area Ready","WING B1","B.58 BED","Substrate"
"6da8818f-6f5a-5485-8dbe-2682df364dc0","","checkpoint-status","not-started","","","TRUE","TRUE","Site QA","Area Ready","WING B1","B.58 BED","Substrate","Substrate Acceptable"
"c703db31-908d-5fb2-930b-a2dbe9117f31","","checkpoint-status","not-started","","","TRUE","TRUE","Site QA","Area Ready","WING B1","B.58 BED","Substrate","Wet Area Screed Installed"
"38bbfc3b-b65a-5316-9516-1e175f86f719","","checkpoint-group","not-started","","","FALSE","FALSE","Site QA","Area Ready","WING B1","B.58 BED","Walls / Ceiling"
"1905a3f6-760e-5128-a0b9-e0e6f37a122a","","checkpoint-status","not-started","","","TRUE","TRUE","Site QA","Area Ready","WING B1","B.58 BED","Walls / Ceiling","Ceiling Installed"
"d86685b7-4954-53c7-8a41-afe6426c68db","","checkpoint-status","not-started","","","TRUE","TRUE","Site QA","Area Ready","WING B1","B.58 BED","Walls / Ceiling","Gyprock"
"c2899d02-020e-5aa2-9e90-6868b1e6120c","","checkpoint-status","not-started","","","TRUE","TRUE","Site QA","Area Ready","WING B1","B.58 BED","Walls / Ceiling","Plastered"
"16f37201-f3df-5843-920b-126ccf0f353b","","checkpoint-status","not-started","","","TRUE","TRUE","Site QA","Area Ready","WING B1","B.58 BED","Walls / Ceiling","Plaster Sanded"
"c20579b6-ce86-53b4-81e2-ac7dfceb8308","","checkpoint-status","not-started","","","TRUE","TRUE","Site QA","Area Ready","WING B1","B.58 BED","Walls / Ceiling","Painted"
"861dae18-bf39-496c-9a3d-980a30ce8150","","checklist-sectioned","not-started","Area Ready Checklist","checklist","FALSE","FALSE","Site QA","Area Ready","WING B1","B.58A ENSUITE"
"332f1f77-caa6-5df1-a208-e63ffd01fb1a","","checkpoint-group","not-started","","","FALSE","FALSE","Site QA","Area Ready","WING B1","B.58A ENSUITE","Substrate"
"2529d236-139d-5e23-9478-054231e5959a","","checkpoint-status","not-started","","","TRUE","TRUE","Site QA","Area Ready","WING B1","B.58A ENSUITE","Substrate","Substrate Acceptable"
"57660c96-6cee-584d-b6b5-d8ab0edcd575","","checkpoint-status","not-started","","","TRUE","TRUE","Site QA","Area Ready","WING B1","B.58A ENSUITE","Substrate","Wet Area Screed Installed"
"70bee779-3ee9-5dca-852b-47e7308485e7","","checkpoint-group","not-started","","","FALSE","FALSE","Site QA","Area Ready","WING B1","B.58A ENSUITE","Walls / Ceiling"
"903a43fd-3f04-52d8-bdf2-d11f156cb456","","checkpoint-status","not-started","","","TRUE","TRUE","Site QA","Area Ready","WING B1","B.58A ENSUITE","Walls / Ceiling","Ceiling Installed"
"ad8fcef8-e5b0-5339-8eef-5c24c5e0f513","","checkpoint-status","not-started","","","TRUE","TRUE","Site QA","Area Ready","WING B1","B.58A ENSUITE","Walls / Ceiling","Gyprock"
"cf8d1c9f-498f-57a8-a44f-e0616ceeb77d","","checkpoint-status","not-started","","","TRUE","TRUE","Site QA","Area Ready","WING B1","B.58A ENSUITE","Walls / Ceiling","Plastered"
"c08a9ccc-4db3-5fa6-9bd1-0e2859226aed","","checkpoint-status","not-started","","","TRUE","TRUE","Site QA","Area Ready","WING B1","B.58A ENSUITE","Walls / Ceiling","Plaster Sanded"
"1c01d792-fde9-57f4-87d2-5001162359eb","","checkpoint-status","not-started","","","TRUE","TRUE","Site QA","Area Ready","WING B1","B.58A ENSUITE","Walls / Ceiling","Painted"
"9a4e0328-f144-4b38-ada1-faa738b9c9a4","","checklist-sectioned","not-started","Area Ready Checklist","checklist","FALSE","FALSE","Site QA","Area Ready","WING B1","B.59 BED"
"24ef16f1-a2ca-5d3a-ab9c-96fac3c775b6","","checkpoint-group","not-started","","","FALSE","FALSE","Site QA","Area Ready","WING B1","B.59 BED","Substrate"
"87a3baa7-ff91-5ebe-a331-93b8707cb8f8","","checkpoint-status","not-started","","","TRUE","TRUE","Site QA","Area Ready","WING B1","B.59 BED","Substrate","Substrate Acceptable"
"c7831a14-c740-570e-b182-7d45361765f0","","checkpoint-status","not-started","","","TRUE","TRUE","Site QA","Area Ready","WING B1","B.59 BED","Substrate","Wet Area Screed Installed"
"d090f99e-ae6b-55fd-96b2-32ec9283a3b4","","checkpoint-group","not-started","","","FALSE","FALSE","Site QA","Area Ready","WING B1","B.59 BED","Walls / Ceiling"
"e4e6c552-15e9-5911-80fd-9ddd9534b18b","","checkpoint-status","not-started","","","TRUE","TRUE","Site QA","Area Ready","WING B1","B.59 BED","Walls / Ceiling","Ceiling Installed"
"9923022d-30c6-562b-880f-991b4e6814e1","","checkpoint-status","not-started","","","TRUE","TRUE","Site QA","Area Ready","WING B1","B.59 BED","Walls / Ceiling","Gyprock"
"c6ace11d-cf2d-50f0-958f-09ac9c354c89","","checkpoint-status","not-started","","","TRUE","TRUE","Site QA","Area Ready","WING B1","B.59 BED","Walls / Ceiling","Plastered"
"314bbfe5-3b57-5b52-a024-dae77091ac70","","checkpoint-status","not-started","","","TRUE","TRUE","Site QA","Area Ready","WING B1","B.59 BED","Walls / Ceiling","Plaster Sanded"
"12d13f06-cbfa-5b4f-a7a7-b7aeb990676f","","checkpoint-status","not-started","","","TRUE","TRUE","Site QA","Area Ready","WING B1","B.59 BED","Walls / Ceiling","Painted"
"41f45f30-9908-4545-83ce-6ac720a280c9","","checklist-sectioned","not-started","Area Ready Checklist","checklist","FALSE","FALSE","Site QA","Area Ready","WING B1","B.59A ENSUITE"
"34f695dc-8ded-552c-af11-b8e658765897","","checkpoint-group","not-started","","","FALSE","FALSE","Site QA","Area Ready","WING B1","B.59A ENSUITE","Substrate"
"59acc98c-1481-5a32-92ea-d92fe87e9b23","","checkpoint-status","not-started","","","TRUE","TRUE","Site QA","Area Ready","WING B1","B.59A ENSUITE","Substrate","Substrate Acceptable"
"b6ab042c-e90c-5adb-aee9-296f6501ead0","","checkpoint-status","not-started","","","TRUE","TRUE","Site QA","Area Ready","WING B1","B.59A ENSUITE","Substrate","Wet Area Screed Installed"
"9ca037a2-466d-53d7-aa2f-4298f73af816","","checkpoint-group","not-started","","","FALSE","FALSE","Site QA","Area Ready","WING B1","B.59A ENSUITE","Walls / Ceiling"
"d1c322b5-4192-557e-9a1f-cd220ea8477d","","checkpoint-status","not-started","","","TRUE","TRUE","Site QA","Area Ready","WING B1","B.59A ENSUITE","Walls / Ceiling","Ceiling Installed"
"7142ea63-9c6c-5861-b731-a604e5086502","","checkpoint-status","not-started","","","TRUE","TRUE","Site QA","Area Ready","WING B1","B.59A ENSUITE","Walls / Ceiling","Gyprock"
"c026b8d9-1b55-503a-8adc-c09c5fba3498","","checkpoint-status","not-started","","","TRUE","TRUE","Site QA","Area Ready","WING B1","B.59A ENSUITE","Walls / Ceiling","Plastered"
"1ad7259a-cd41-5a04-9001-a23a7b7a591f","","checkpoint-status","not-started","","","TRUE","TRUE","Site QA","Area Ready","WING B1","B.59A ENSUITE","Walls / Ceiling","Plaster Sanded"
"ec89a1df-4116-5937-a640-9f7a5400d3ee","","checkpoint-status","not-started","","","TRUE","TRUE","Site QA","Area Ready","WING B1","B.59A ENSUITE","Walls / Ceiling","Painted"
"530fd43b-3d71-4aff-bba9-aae656017bc9","","checklist-sectioned","not-started","Area Ready Checklist","checklist","FALSE","FALSE","Site QA","Area Ready","WING B1","B.60 BED"
"470e0291-81f6-5b56-9d87-14cb06b16872","","checkpoint-group","not-started","","","FALSE","FALSE","Site QA","Area Ready","WING B1","B.60 BED","Substrate"
"2998f399-60a3-5eb8-944c-704a5da13d04","","checkpoint-status","not-started","","","TRUE","TRUE","Site QA","Area Ready","WING B1","B.60 BED","Substrate","Substrate Acceptable"
"f528125d-f19c-5dfc-8d5f-4997ac2e29b0","","checkpoint-status","not-started","","","TRUE","TRUE","Site QA","Area Ready","WING B1","B.60 BED","Substrate","Wet Area Screed Installed"
"7b9b1f76-6269-5b1d-968e-9dc4e9b44600","","checkpoint-group","not-started","","","FALSE","FALSE","Site QA","Area Ready","WING B1","B.60 BED","Walls / Ceiling"
"86ef4dc8-2257-5e2a-b366-98df62ea853f","","checkpoint-status","not-started","","","TRUE","TRUE","Site QA","Area Ready","WING B1","B.60 BED","Walls / Ceiling","Ceiling Installed"
"4ad96667-2190-5783-89c5-91a250f84d0d","","checkpoint-status","not-started","","","TRUE","TRUE","Site QA","Area Ready","WING B1","B.60 BED","Walls / Ceiling","Gyprock"
"5dc59781-50fa-54fa-a32d-b705796e54c7","","checkpoint-status","not-started","","","TRUE","TRUE","Site QA","Area Ready","WING B1","B.60 BED","Walls / Ceiling","Plastered"
"a9b8664a-8fd5-5bf5-805b-7c5293fdc968","","checkpoint-status","not-started","","","TRUE","TRUE","Site QA","Area Ready","WING B1","B.60 BED","Walls / Ceiling","Plaster Sanded"
"c2b26b5e-db3b-5a7a-8f39-5618a7edfcc7","","checkpoint-status","not-started","","","TRUE","TRUE","Site QA","Area Ready","WING B1","B.60 BED","Walls / Ceiling","Painted"
"f573a7c8-c2f7-4069-b69f-65ade4f8c590","","checklist-sectioned","not-started","Area Ready Checklist","checklist","FALSE","FALSE","Site QA","Area Ready","WING B1","B.60A ENSUITE"
"662c1a00-647f-5b37-8f70-c41f07429ecc","","checkpoint-group","not-started","","","FALSE","FALSE","Site QA","Area Ready","WING B1","B.60A ENSUITE","Substrate"
"f9b434e0-10f0-5e7d-be5d-0f57fd5ab1e2","","checkpoint-status","not-started","","","TRUE","TRUE","Site QA","Area Ready","WING B1","B.60A ENSUITE","Substrate","Substrate Acceptable"
"f0ee2fd2-c1d1-583b-869b-91e1864419bf","","checkpoint-status","not-started","","","TRUE","TRUE","Site QA","Area Ready","WING B1","B.60A ENSUITE","Substrate","Wet Area Screed Installed"
"3570c4e8-3a53-517c-affe-f31f1b380833","","checkpoint-group","not-started","","","FALSE","FALSE","Site QA","Area Ready","WING B1","B.60A ENSUITE","Walls / Ceiling"
"6aa6eabd-1f60-51be-8aa8-b95b9d6da1a5","","checkpoint-status","not-started","","","TRUE","TRUE","Site QA","Area Ready","WING B1","B.60A ENSUITE","Walls / Ceiling","Ceiling Installed"
"24800a7f-3688-5a00-b322-1ed75e32479d","","checkpoint-status","not-started","","","TRUE","TRUE","Site QA","Area Ready","WING B1","B.60A ENSUITE","Walls / Ceiling","Gyprock"
"3f95cd18-6d07-5795-b41a-4152137de6ed","","checkpoint-status","not-started","","","TRUE","TRUE","Site QA","Area Ready","WING B1","B.60A ENSUITE","Walls / Ceiling","Plastered"
"780daafb-d784-598b-85a5-349953648dce","","checkpoint-status","not-started","","","TRUE","TRUE","Site QA","Area Ready","WING B1","B.60A ENSUITE","Walls / Ceiling","Plaster Sanded"
"5e481f26-3960-595e-b134-71b36b7af19d","","checkpoint-status","not-started","","","TRUE","TRUE","Site QA","Area Ready","WING B1","B.60A ENSUITE","Walls / Ceiling","Painted"
"1f233be9-a62d-4d0b-9aca-5e545dfe40d2","","checklist-sectioned","not-started","Area Ready Checklist","checklist","FALSE","FALSE","Site QA","Area Ready","WING B1","B.61 BED"
"ef6c4033-36b1-572a-9981-2d903b8374ab","","checkpoint-group","not-started","","","FALSE","FALSE","Site QA","Area Ready","WING B1","B.61 BED","Substrate"
"2c57e091-916d-5b47-bf62-aa7967f1642b","","checkpoint-status","not-started","","","TRUE","TRUE","Site QA","Area Ready","WING B1","B.61 BED","Substrate","Substrate Acceptable"
"c3f6f907-3336-50e8-83a1-40d957aa9e23","","checkpoint-status","not-started","","","TRUE","TRUE","Site QA","Area Ready","WING B1","B.61 BED","Substrate","Wet Area Screed Installed"
"b6a21d57-7f97-545c-bd94-6c1d5c618570","","checkpoint-group","not-started","","","FALSE","FALSE","Site QA","Area Ready","WING B1","B.61 BED","Walls / Ceiling"
"1fb7e27e-2572-5a85-bc3a-2c50f2476841","","checkpoint-status","not-started","","","TRUE","TRUE","Site QA","Area Ready","WING B1","B.61 BED","Walls / Ceiling","Ceiling Installed"
"282265d7-a1f0-5f3c-8759-d67c27b512f5","","checkpoint-status","not-started","","","TRUE","TRUE","Site QA","Area Ready","WING B1","B.61 BED","Walls / Ceiling","Gyprock"
"ec99e08e-3095-5a8c-8711-513b95a50c5d","","checkpoint-status","not-started","","","TRUE","TRUE","Site QA","Area Ready","WING B1","B.61 BED","Walls / Ceiling","Plastered"
"4f8d45c8-6b83-5648-bd3e-56b1460651db","","checkpoint-status","not-started","","","TRUE","TRUE","Site QA","Area Ready","WING B1","B.61 BED","Walls / Ceiling","Plaster Sanded"
"076baf54-83cf-572b-9702-4a31fc603594","","checkpoint-status","not-started","","","TRUE","TRUE","Site QA","Area Ready","WING B1","B.61 BED","Walls / Ceiling","Painted"
"4b7e5a14-f546-402f-a9ff-4573baf598c6","","checklist-sectioned","not-started","Area Ready Checklist","checklist","FALSE","FALSE","Site QA","Area Ready","WING B1","B.61A ENSUITE"
"b658a71b-c04d-5c48-a8ff-23f01dea39fe","","checkpoint-group","not-started","","","FALSE","FALSE","Site QA","Area Ready","WING B1","B.61A ENSUITE","Substrate"
"f5eda972-d50d-5350-8070-24f57588e063","","checkpoint-status","not-started","","","TRUE","TRUE","Site QA","Area Ready","WING B1","B.61A ENSUITE","Substrate","Substrate Acceptable"
"4db42305-0b2e-554e-b0d8-1c8ece242afd","","checkpoint-status","not-started","","","TRUE","TRUE","Site QA","Area Ready","WING B1","B.61A ENSUITE","Substrate","Wet Area Screed Installed"
"020d162d-e784-5c30-8891-777a48ec75d4","","checkpoint-group","not-started","","","FALSE","FALSE","Site QA","Area Ready","WING B1","B.61A ENSUITE","Walls / Ceiling"
"c121ea42-ec11-543f-95b2-2b167d4c68f7","","checkpoint-status","not-started","","","TRUE","TRUE","Site QA","Area Ready","WING B1","B.61A ENSUITE","Walls / Ceiling","Ceiling Installed"
"375f9e6c-5560-5eee-9a09-5fab3c6ff2e1","","checkpoint-status","not-started","","","TRUE","TRUE","Site QA","Area Ready","WING B1","B.61A ENSUITE","Walls / Ceiling","Gyprock"
"b76ce567-d10e-54b4-bdfd-8ad56a0fe479","","checkpoint-status","not-started","","","TRUE","TRUE","Site QA","Area Ready","WING B1","B.61A ENSUITE","Walls / Ceiling","Plastered"
"083fa027-865d-5dff-baa6-80b4536cac99","","checkpoint-status","not-started","","","TRUE","TRUE","Site QA","Area Ready","WING B1","B.61A ENSUITE","Walls / Ceiling","Plaster Sanded"
"7930af28-8a6e-5eab-ba1c-aacdfebb69df","","checkpoint-status","not-started","","","TRUE","TRUE","Site QA","Area Ready","WING B1","B.61A ENSUITE","Walls / Ceiling","Painted"
"2165577c-0d09-4c4c-b35d-b1d859f85c33","","checklist-sectioned","not-started","Area Ready Checklist","checklist","FALSE","FALSE","Site QA","Area Ready","WING B1","B.62 BED"
"31c7f506-ce6d-595e-b3fe-29d9d5207d32","","checkpoint-group","not-started","","","FALSE","FALSE","Site QA","Area Ready","WING B1","B.62 BED","Substrate"
"eb298ee1-60bd-5611-a7be-bc05e0e712a5","","checkpoint-status","not-started","","","TRUE","TRUE","Site QA","Area Ready","WING B1","B.62 BED","Substrate","Substrate Acceptable"
"22ad91ff-7cc0-59ef-a30b-486bae55ed4a","","checkpoint-status","not-started","","","TRUE","TRUE","Site QA","Area Ready","WING B1","B.62 BED","Substrate","Wet Area Screed Installed"
"9f60e33b-dae2-5c2b-a13b-61d7a73586f5","","checkpoint-group","not-started","","","FALSE","FALSE","Site QA","Area Ready","WING B1","B.62 BED","Walls / Ceiling"
"25d89f3b-b1ef-5aa1-a34b-e1624122827a","","checkpoint-status","not-started","","","TRUE","TRUE","Site QA","Area Ready","WING B1","B.62 BED","Walls / Ceiling","Ceiling Installed"
"632806db-78f8-589b-b912-691f79405cc9","","checkpoint-status","not-started","","","TRUE","TRUE","Site QA","Area Ready","WING B1","B.62 BED","Walls / Ceiling","Gyprock"
"ab6ab4a5-7083-50c6-993a-582e9a1a4056","","checkpoint-status","not-started","","","TRUE","TRUE","Site QA","Area Ready","WING B1","B.62 BED","Walls / Ceiling","Plastered"
"d6217e8e-9152-54f2-bc22-92c37f952e70","","checkpoint-status","not-started","","","TRUE","TRUE","Site QA","Area Ready","WING B1","B.62 BED","Walls / Ceiling","Plaster Sanded"
"468d237c-064f-5b74-b726-fbc6bb113789","","checkpoint-status","not-started","","","TRUE","TRUE","Site QA","Area Ready","WING B1","B.62 BED","Walls / Ceiling","Painted"
"5ba0c0d9-6c2a-4cbd-9869-69adc087d14b","","checklist-sectioned","not-started","Area Ready Checklist","checklist","FALSE","FALSE","Site QA","Area Ready","WING B1","B.62A ENSUITE"
"06dd557b-311f-575d-8204-b67e51ae5d47","","checkpoint-group","not-started","","","FALSE","FALSE","Site QA","Area Ready","WING B1","B.62A ENSUITE","Substrate"
"097e2a8c-b6b8-5193-956b-b7da8a1b5b3d","","checkpoint-status","not-started","","","TRUE","TRUE","Site QA","Area Ready","WING B1","B.62A ENSUITE","Substrate","Substrate Acceptable"
"4a3bc2bf-e330-5a3b-be5d-cb85604293dc","","checkpoint-status","not-started","","","TRUE","TRUE","Site QA","Area Ready","WING B1","B.62A ENSUITE","Substrate","Wet Area Screed Installed"
"b6300fca-5d00-5db8-9124-5bf18d58fc2a","","checkpoint-group","not-started","","","FALSE","FALSE","Site QA","Area Ready","WING B1","B.62A ENSUITE","Walls / Ceiling"
"1ec9b01b-4d5e-5bb5-be90-5d931e39c589","","checkpoint-status","not-started","","","TRUE","TRUE","Site QA","Area Ready","WING B1","B.62A ENSUITE","Walls / Ceiling","Ceiling Installed"
"029b804f-62f9-5e84-8e89-34443dee5914","","checkpoint-status","not-started","","","TRUE","TRUE","Site QA","Area Ready","WING B1","B.62A ENSUITE","Walls / Ceiling","Gyprock"
"aca30bf5-3a61-57a8-971f-5c6f6a6aba7c","","checkpoint-status","not-started","","","TRUE","TRUE","Site QA","Area Ready","WING B1","B.62A ENSUITE","Walls / Ceiling","Plastered"
"827a0ee0-aa47-54c1-a2d1-6cb4f273cda5","","checkpoint-status","not-started","","","TRUE","TRUE","Site QA","Area Ready","WING B1","B.62A ENSUITE","Walls / Ceiling","Plaster Sanded"
"d526f85e-f824-5917-8309-49cf373b1c6d","","checkpoint-status","not-started","","","TRUE","TRUE","Site QA","Area Ready","WING B1","B.62A ENSUITE","Walls / Ceiling","Painted"
"c0b6efa8-7760-4419-97ef-d9d514ccb76c","","checklist-sectioned","not-started","Area Ready Checklist","checklist","FALSE","FALSE","Site QA","Area Ready","WING B1","B.63 BED"
"e0fcd3dd-33a1-505e-be01-00cc849f707e","","checkpoint-group","not-started","","","FALSE","FALSE","Site QA","Area Ready","WING B1","B.63 BED","Substrate"
"c4f3c5f2-d8c1-5211-858f-7dc1aa99f198","","checkpoint-status","not-started","","","TRUE","TRUE","Site QA","Area Ready","WING B1","B.63 BED","Substrate","Substrate Acceptable"
"f6950f42-bae4-5861-9202-b4ea960956b6","","checkpoint-status","not-started","","","TRUE","TRUE","Site QA","Area Ready","WING B1","B.63 BED","Substrate","Wet Area Screed Installed"
"34185028-1879-55d7-977b-7bed015d6d87","","checkpoint-group","not-started","","","FALSE","FALSE","Site QA","Area Ready","WING B1","B.63 BED","Walls / Ceiling"
"8bc189a0-1a38-58f3-9146-2f7c7525d8a1","","checkpoint-status","not-started","","","TRUE","TRUE","Site QA","Area Ready","WING B1","B.63 BED","Walls / Ceiling","Ceiling Installed"
"d11330ac-d0f6-5cec-812a-60b6826fd1e5","","checkpoint-status","not-started","","","TRUE","TRUE","Site QA","Area Ready","WING B1","B.63 BED","Walls / Ceiling","Gyprock"
"5f8cbc24-eae1-5d24-8e0b-d4cf005459cd","","checkpoint-status","not-started","","","TRUE","TRUE","Site QA","Area Ready","WING B1","B.63 BED","Walls / Ceiling","Plastered"
"581e1027-c8c3-5088-9f34-803a760460a8","","checkpoint-status","not-started","","","TRUE","TRUE","Site QA","Area Ready","WING B1","B.63 BED","Walls / Ceiling","Plaster Sanded"
"08a2e9e0-b90a-5bb2-a99c-5fae9abf6b98","","checkpoint-status","not-started","","","TRUE","TRUE","Site QA","Area Ready","WING B1","B.63 BED","Walls / Ceiling","Painted"
"8636e862-869b-4b78-a28e-e3f6bae1e73c","","checklist-sectioned","not-started","Area Ready Checklist","checklist","FALSE","FALSE","Site QA","Area Ready","WING B1","B.63A ENSUITE"
"7cae2cc5-3113-5e0e-99e2-2b414246a91f","","checkpoint-group","not-started","","","FALSE","FALSE","Site QA","Area Ready","WING B1","B.63A ENSUITE","Substrate"
"4cb45ea8-50f4-508a-a187-9e0b7fe860ed","","checkpoint-status","not-started","","","TRUE","TRUE","Site QA","Area Ready","WING B1","B.63A ENSUITE","Substrate","Substrate Acceptable"
"3ab4aef5-61c6-5baa-b328-218176bc4771","","checkpoint-status","not-started","","","TRUE","TRUE","Site QA","Area Ready","WING B1","B.63A ENSUITE","Substrate","Wet Area Screed Installed"
"6799735e-0135-5724-9f2d-3b27752e9bda","","checkpoint-group","not-started","","","FALSE","FALSE","Site QA","Area Ready","WING B1","B.63A ENSUITE","Walls / Ceiling"
"a2f15654-acf0-5a3d-bee7-8a78abc36552","","checkpoint-status","not-started","","","TRUE","TRUE","Site QA","Area Ready","WING B1","B.63A ENSUITE","Walls / Ceiling","Ceiling Installed"
"c49883db-3828-5a6e-8ef7-84e1defc57c2","","checkpoint-status","not-started","","","TRUE","TRUE","Site QA","Area Ready","WING B1","B.63A ENSUITE","Walls / Ceiling","Gyprock"
"27b3aa90-42dc-5f39-ad8b-fcf77a678ca7","","checkpoint-status","not-started","","","TRUE","TRUE","Site QA","Area Ready","WING B1","B.63A ENSUITE","Walls / Ceiling","Plastered"
"336d641a-a1cc-5b6b-82c9-c62f62abe7f2","","checkpoint-status","not-started","","","TRUE","TRUE","Site QA","Area Ready","WING B1","B.63A ENSUITE","Walls / Ceiling","Plaster Sanded"
"c49c0d3a-a1fc-5767-9413-b68f51fb5345","","checkpoint-status","not-started","","","TRUE","TRUE","Site QA","Area Ready","WING B1","B.63A ENSUITE","Walls / Ceiling","Painted"
"6eb28697-5d8a-46cb-9a0d-88f99cb1e487","","checklist-sectioned","not-started","Area Ready Checklist","checklist","FALSE","FALSE","Site QA","Area Ready","WING B1","B.64 BED"
"f6eb9a9b-b158-51bc-a5cf-74a879751889","","checkpoint-group","not-started","","","FALSE","FALSE","Site QA","Area Ready","WING B1","B.64 BED","Substrate"
"e855aca6-fc9b-5482-88b6-a06dd03894da","","checkpoint-status","not-started","","","TRUE","TRUE","Site QA","Area Ready","WING B1","B.64 BED","Substrate","Substrate Acceptable"
"a4a0c95a-12cb-5293-b575-ffe5463d81bc","","checkpoint-status","not-started","","","TRUE","TRUE","Site QA","Area Ready","WING B1","B.64 BED","Substrate","Wet Area Screed Installed"
"f678af29-3a14-5499-bc57-fe214593b680","","checkpoint-group","not-started","","","FALSE","FALSE","Site QA","Area Ready","WING B1","B.64 BED","Walls / Ceiling"
"fe0f23f8-37c9-52c7-b553-03ce3b7c1e30","","checkpoint-status","not-started","","","TRUE","TRUE","Site QA","Area Ready","WING B1","B.64 BED","Walls / Ceiling","Ceiling Installed"
"4bb080f3-a770-52fa-8225-0d8533dbe84b","","checkpoint-status","not-started","","","TRUE","TRUE","Site QA","Area Ready","WING B1","B.64 BED","Walls / Ceiling","Gyprock"
"0a4b0e62-1ef0-5bd3-8bfc-2e39c0030e3d","","checkpoint-status","not-started","","","TRUE","TRUE","Site QA","Area Ready","WING B1","B.64 BED","Walls / Ceiling","Plastered"
"ee1e2349-9ecc-576f-9ef7-74074ab88d74","","checkpoint-status","not-started","","","TRUE","TRUE","Site QA","Area Ready","WING B1","B.64 BED","Walls / Ceiling","Plaster Sanded"
"1c37afa1-da7d-58b7-997e-42f11324c769","","checkpoint-status","not-started","","","TRUE","TRUE","Site QA","Area Ready","WING B1","B.64 BED","Walls / Ceiling","Painted"
"085f3f3f-022d-460b-9c66-d53c6688660e","","checklist-sectioned","not-started","Area Ready Checklist","checklist","FALSE","FALSE","Site QA","Area Ready","WING B1","B.64A ENSUITE"
"7b18e74a-ddc8-524b-b979-59ce96b8455f","","checkpoint-group","not-started","","","FALSE","FALSE","Site QA","Area Ready","WING B1","B.64A ENSUITE","Substrate"
"b0ebaec2-d07e-5d8c-bea9-1b67a678e2d7","","checkpoint-status","not-started","","","TRUE","TRUE","Site QA","Area Ready","WING B1","B.64A ENSUITE","Substrate","Substrate Acceptable"
"87adddb6-810d-50cf-adc0-8aff637e3e10","","checkpoint-status","not-started","","","TRUE","TRUE","Site QA","Area Ready","WING B1","B.64A ENSUITE","Substrate","Wet Area Screed Installed"
"af4b1161-5a05-5ed7-8a8b-5ef0f7cdc122","","checkpoint-group","not-started","","","FALSE","FALSE","Site QA","Area Ready","WING B1","B.64A ENSUITE","Walls / Ceiling"
"175f9720-fb5a-5003-a6d2-60a91e470308","","checkpoint-status","not-started","","","TRUE","TRUE","Site QA","Area Ready","WING B1","B.64A ENSUITE","Walls / Ceiling","Ceiling Installed"
"5f3e9b37-32ba-5a51-ada3-c6834f79105c","","checkpoint-status","not-started","","","TRUE","TRUE","Site QA","Area Ready","WING B1","B.64A ENSUITE","Walls / Ceiling","Gyprock"
"29e323c8-70aa-5c54-be4f-19b649c2899d","","checkpoint-status","not-started","","","TRUE","TRUE","Site QA","Area Ready","WING B1","B.64A ENSUITE","Walls / Ceiling","Plastered"
"4dd72ae6-8980-51d4-b651-32531cb90ca8","","checkpoint-status","not-started","","","TRUE","TRUE","Site QA","Area Ready","WING B1","B.64A ENSUITE","Walls / Ceiling","Plaster Sanded"
"c0b59e0b-bcb4-5407-94a8-0e68041de015","","checkpoint-status","not-started","","","TRUE","TRUE","Site QA","Area Ready","WING B1","B.64A ENSUITE","Walls / Ceiling","Painted"
"d2949755-7101-4692-b517-8572ad607400","","checklist-sectioned","not-started","Area Ready Checklist","checklist","FALSE","FALSE","Site QA","Area Ready","WING B1","B.65 BED"
"b1d9c05e-fcb1-591c-b802-2f361a8c57fc","","checkpoint-group","not-started","","","FALSE","FALSE","Site QA","Area Ready","WING B1","B.65 BED","Substrate"
"afac4cbd-1580-57b3-9973-e09b02c7be77","","checkpoint-status","not-started","","","TRUE","TRUE","Site QA","Area Ready","WING B1","B.65 BED","Substrate","Substrate Acceptable"
"ef5f7b8e-73ff-5b49-9094-59fd953f6629","","checkpoint-status","not-started","","","TRUE","TRUE","Site QA","Area Ready","WING B1","B.65 BED","Substrate","Wet Area Screed Installed"
"317d3232-7609-5ba2-9044-298ed3ed9a4b","","checkpoint-group","not-started","","","FALSE","FALSE","Site QA","Area Ready","WING B1","B.65 BED","Walls / Ceiling"
"bd8f0f4c-e741-55f5-9689-e5b6594cbc37","","checkpoint-status","not-started","","","TRUE","TRUE","Site QA","Area Ready","WING B1","B.65 BED","Walls / Ceiling","Ceiling Installed"
"11bf0530-dd22-5167-928a-2e611696c8c9","","checkpoint-status","not-started","","","TRUE","TRUE","Site QA","Area Ready","WING B1","B.65 BED","Walls / Ceiling","Gyprock"
"33128dff-300e-5e6f-a6e7-69f402fe29c2","","checkpoint-status","not-started","","","TRUE","TRUE","Site QA","Area Ready","WING B1","B.65 BED","Walls / Ceiling","Plastered"
"ce871bf6-b459-574c-865f-a8c9acb43868","","checkpoint-status","not-started","","","TRUE","TRUE","Site QA","Area Ready","WING B1","B.65 BED","Walls / Ceiling","Plaster Sanded"
"01c3c818-b68a-5892-8f09-19cf6fbe4dff","","checkpoint-status","not-started","","","TRUE","TRUE","Site QA","Area Ready","WING B1","B.65 BED","Walls / Ceiling","Painted"
"1d2ce245-51b3-48d2-b5ff-83a3dea9c23c","","checklist-sectioned","not-started","Area Ready Checklist","checklist","FALSE","FALSE","Site QA","Area Ready","WING B1","B.65A ENSUITE"
"e864b7b8-6239-5cc9-90df-52c1fd032977","","checkpoint-group","not-started","","","FALSE","FALSE","Site QA","Area Ready","WING B1","B.65A ENSUITE","Substrate"
"f8c849b3-ba8c-5597-82a3-083697527709","","checkpoint-status","not-started","","","TRUE","TRUE","Site QA","Area Ready","WING B1","B.65A ENSUITE","Substrate","Substrate Acceptable"
"d686c9b3-6fd0-52d0-a106-b86cb2215757","","checkpoint-status","not-started","","","TRUE","TRUE","Site QA","Area Ready","WING B1","B.65A ENSUITE","Substrate","Wet Area Screed Installed"
"cac7770e-5225-5349-b1df-e9ea36184a1c","","checkpoint-group","not-started","","","FALSE","FALSE","Site QA","Area Ready","WING B1","B.65A ENSUITE","Walls / Ceiling"
"f36b9280-b383-5ff8-9c5c-7850ec8c8c5f","","checkpoint-status","not-started","","","TRUE","TRUE","Site QA","Area Ready","WING B1","B.65A ENSUITE","Walls / Ceiling","Ceiling Installed"
"a51acccc-0c51-504d-9138-77066334db8d","","checkpoint-status","not-started","","","TRUE","TRUE","Site QA","Area Ready","WING B1","B.65A ENSUITE","Walls / Ceiling","Gyprock"
"295ab418-271e-5cf0-95ac-cd6aeb5a4adb","","checkpoint-status","not-started","","","TRUE","TRUE","Site QA","Area Ready","WING B1","B.65A ENSUITE","Walls / Ceiling","Plastered"
"3ed0d5a1-b0a1-5843-9054-54e45e0bb94e","","checkpoint-status","not-started","","","TRUE","TRUE","Site QA","Area Ready","WING B1","B.65A ENSUITE","Walls / Ceiling","Plaster Sanded"
"289925e2-49e5-56ba-bc9d-3b29114a1af8","","checkpoint-status","not-started","","","TRUE","TRUE","Site QA","Area Ready","WING B1","B.65A ENSUITE","Walls / Ceiling","Painted"
"6e348ac8-4d3d-4d4a-b8c5-8eb1dcd45d9e","","checklist-sectioned","not-started","Area Ready Checklist","checklist","FALSE","FALSE","Site QA","Area Ready","WING B1","B.71 ACCESS BED"
"eedda3f4-7970-5721-80c4-7a2ecdb8cae6","","checkpoint-group","not-started","","","FALSE","FALSE","Site QA","Area Ready","WING B1","B.71 ACCESS BED","Substrate"
"84613c58-da18-5fdf-ab85-5a9445638452","","checkpoint-status","not-started","","","TRUE","TRUE","Site QA","Area Ready","WING B1","B.71 ACCESS BED","Substrate","Substrate Acceptable"
"f150b942-8b60-5a4f-87a0-4887f22a6353","","checkpoint-status","not-started","","","TRUE","TRUE","Site QA","Area Ready","WING B1","B.71 ACCESS BED","Substrate","Wet Area Screed Installed"
"7d090915-068e-5002-b1a0-7d053faa71cb","","checkpoint-group","not-started","","","FALSE","FALSE","Site QA","Area Ready","WING B1","B.71 ACCESS BED","Walls / Ceiling"
"c233b96f-c0b4-578b-b6a6-5595fed656ba","","checkpoint-status","not-started","","","TRUE","TRUE","Site QA","Area Ready","WING B1","B.71 ACCESS BED","Walls / Ceiling","Ceiling Installed"
"f957d31f-144b-5559-ac84-c367caefae4f","","checkpoint-status","not-started","","","TRUE","TRUE","Site QA","Area Ready","WING B1","B.71 ACCESS BED","Walls / Ceiling","Gyprock"
"79b9f9c6-103d-5ba5-b63d-113ea625e054","","checkpoint-status","not-started","","","TRUE","TRUE","Site QA","Area Ready","WING B1","B.71 ACCESS BED","Walls / Ceiling","Plastered"
"2e31da33-da62-5004-bbc5-6a47a9587c19","","checkpoint-status","not-started","","","TRUE","TRUE","Site QA","Area Ready","WING B1","B.71 ACCESS BED","Walls / Ceiling","Plaster Sanded"
"8cc223a6-777a-53c6-ab38-15b2503e8449","","checkpoint-status","not-started","","","TRUE","TRUE","Site QA","Area Ready","WING B1","B.71 ACCESS BED","Walls / Ceiling","Painted"
"c642cbb8-2499-4615-a05e-9d0067bcc9d3","","checklist-sectioned","not-started","Area Ready Checklist","checklist","FALSE","FALSE","Site QA","Area Ready","WING B1","B.71A ACCESS ENSUITE"
"7a8965ba-a22d-53e7-beae-14cc553c1109","","checkpoint-group","not-started","","","FALSE","FALSE","Site QA","Area Ready","WING B1","B.71A ACCESS ENSUITE","Substrate"
"c3538511-eb2d-509e-abf2-075184013c94","","checkpoint-status","not-started","","","TRUE","TRUE","Site QA","Area Ready","WING B1","B.71A ACCESS ENSUITE","Substrate","Substrate Acceptable"
"3388d9b0-dddf-5b90-a757-43f8d36256d9","","checkpoint-status","not-started","","","TRUE","TRUE","Site QA","Area Ready","WING B1","B.71A ACCESS ENSUITE","Substrate","Wet Area Screed Installed"
"4daee27d-ec45-5c8b-8827-9c40cefe9140","","checkpoint-group","not-started","","","FALSE","FALSE","Site QA","Area Ready","WING B1","B.71A ACCESS ENSUITE","Walls / Ceiling"
"2ae53270-922d-5c9a-8cf9-fc9fa448d29f","","checkpoint-status","not-started","","","TRUE","TRUE","Site QA","Area Ready","WING B1","B.71A ACCESS ENSUITE","Walls / Ceiling","Ceiling Installed"
"ab49740a-1c81-5062-a3c9-af83bf5ddc68","","checkpoint-status","not-started","","","TRUE","TRUE","Site QA","Area Ready","WING B1","B.71A ACCESS ENSUITE","Walls / Ceiling","Gyprock"
"2b9ca009-0700-5355-a15b-08134fb83c52","","checkpoint-status","not-started","","","TRUE","TRUE","Site QA","Area Ready","WING B1","B.71A ACCESS ENSUITE","Walls / Ceiling","Plastered"
"7f629415-5191-5a7d-a6b8-66f8043fa68f","","checkpoint-status","not-started","","","TRUE","TRUE","Site QA","Area Ready","WING B1","B.71A ACCESS ENSUITE","Walls / Ceiling","Plaster Sanded"
"bbd73d1a-b573-5ba1-a6b7-79f8242aba18","","checkpoint-status","not-started","","","TRUE","TRUE","Site QA","Area Ready","WING B1","B.71A ACCESS ENSUITE","Walls / Ceiling","Painted"
"d358f885-4416-447a-a6bd-8a1f1fab52b6","","checklist-sectioned","not-started","Area Ready Checklist","checklist","FALSE","FALSE","Site QA","Area Ready","WING B1","B.72 STORE"
"b6bd34be-50fc-5f4d-953b-be5acbbc7ca2","","checkpoint-group","not-started","","","FALSE","FALSE","Site QA","Area Ready","WING B1","B.72 STORE","Substrate"
"aa38fd81-c769-522c-8fa7-247eae01a51c","","checkpoint-status","not-started","","","TRUE","TRUE","Site QA","Area Ready","WING B1","B.72 STORE","Substrate","Substrate Acceptable"
"9004c680-c1f7-53d0-bad9-d4c374ba4860","","checkpoint-status","not-started","","","TRUE","TRUE","Site QA","Area Ready","WING B1","B.72 STORE","Substrate","Wet Area Screed Installed"
"e77355af-3db8-500d-b76d-7ad3ac9de68d","","checkpoint-group","not-started","","","FALSE","FALSE","Site QA","Area Ready","WING B1","B.72 STORE","Walls / Ceiling"
"562d8984-94e3-5c1e-8536-372969c14440","","checkpoint-status","not-started","","","TRUE","TRUE","Site QA","Area Ready","WING B1","B.72 STORE","Walls / Ceiling","Ceiling Installed"
"5ad60da0-4cbe-5ddb-b1f0-d89d68e49f3e","","checkpoint-status","not-started","","","TRUE","TRUE","Site QA","Area Ready","WING B1","B.72 STORE","Walls / Ceiling","Gyprock"
"fd82c655-78ae-5644-9ff2-84c9d1c08696","","checkpoint-status","not-started","","","TRUE","TRUE","Site QA","Area Ready","WING B1","B.72 STORE","Walls / Ceiling","Plastered"
"76d7898c-c02c-5784-b428-b490aee192de","","checkpoint-status","not-started","","","TRUE","TRUE","Site QA","Area Ready","WING B1","B.72 STORE","Walls / Ceiling","Plaster Sanded"
"34e16e25-5f19-5a48-9dcc-2801fedbe158","","checkpoint-status","not-started","","","TRUE","TRUE","Site QA","Area Ready","WING B1","B.72 STORE","Walls / Ceiling","Painted"
"4560ae8f-5c44-4607-94d5-7de9cfc99635","","checklist-sectioned","not-started","Area Ready Checklist","checklist","FALSE","FALSE","Site QA","Area Ready","WING B1","B.73 BED"
"e02675b5-850c-5268-81c7-83e8ccfa14a6","","checkpoint-group","not-started","","","FALSE","FALSE","Site QA","Area Ready","WING B1","B.73 BED","Substrate"
"c35fd988-a45d-5054-94ed-f255679c2175","","checkpoint-status","not-started","","","TRUE","TRUE","Site QA","Area Ready","WING B1","B.73 BED","Substrate","Substrate Acceptable"
"d7d7a85f-0b44-5bdd-b835-13335a863c7e","","checkpoint-status","not-started","","","TRUE","TRUE","Site QA","Area Ready","WING B1","B.73 BED","Substrate","Wet Area Screed Installed"
"35c55174-7c13-5374-aa3d-76825f78b031","","checkpoint-group","not-started","","","FALSE","FALSE","Site QA","Area Ready","WING B1","B.73 BED","Walls / Ceiling"
"89e21952-2272-5f49-bd33-a637fc1cf29f","","checkpoint-status","not-started","","","TRUE","TRUE","Site QA","Area Ready","WING B1","B.73 BED","Walls / Ceiling","Ceiling Installed"
"e03890a8-a963-5832-b6a3-b8b61fb77f2f","","checkpoint-status","not-started","","","TRUE","TRUE","Site QA","Area Ready","WING B1","B.73 BED","Walls / Ceiling","Gyprock"
"f8206811-812d-53bc-9e99-48ea6033f126","","checkpoint-status","not-started","","","TRUE","TRUE","Site QA","Area Ready","WING B1","B.73 BED","Walls / Ceiling","Plastered"
"44fbf1fb-900e-5fae-b6d0-d7f94ff52065","","checkpoint-status","not-started","","","TRUE","TRUE","Site QA","Area Ready","WING B1","B.73 BED","Walls / Ceiling","Plaster Sanded"
"4d208cb2-4be2-5d0c-8d76-a4712a899b45","","checkpoint-status","not-started","","","TRUE","TRUE","Site QA","Area Ready","WING B1","B.73 BED","Walls / Ceiling","Painted"
"574d314f-006d-4791-a363-a40def3e51d9","","checklist-sectioned","not-started","Area Ready Checklist","checklist","FALSE","FALSE","Site QA","Area Ready","WING B1","B.73A ENSUITE"
"b0c831d4-4381-5d06-ae8b-0aa257333cf4","","checkpoint-group","not-started","","","FALSE","FALSE","Site QA","Area Ready","WING B1","B.73A ENSUITE","Substrate"
"3d40a461-23d0-5f0d-a759-50c972be2caa","","checkpoint-status","not-started","","","TRUE","TRUE","Site QA","Area Ready","WING B1","B.73A ENSUITE","Substrate","Substrate Acceptable"
"7aadf2fa-ffcd-5329-9c4d-488b28e51e04","","checkpoint-status","not-started","","","TRUE","TRUE","Site QA","Area Ready","WING B1","B.73A ENSUITE","Substrate","Wet Area Screed Installed"
"0df028fb-163c-56e8-9fc0-4db664d60c6a","","checkpoint-group","not-started","","","FALSE","FALSE","Site QA","Area Ready","WING B1","B.73A ENSUITE","Walls / Ceiling"
"b57bfce3-f924-506d-a7a7-f17e53e80946","","checkpoint-status","not-started","","","TRUE","TRUE","Site QA","Area Ready","WING B1","B.73A ENSUITE","Walls / Ceiling","Ceiling Installed"
"a1a986a5-7602-56de-9260-1bee8e6177a0","","checkpoint-status","not-started","","","TRUE","TRUE","Site QA","Area Ready","WING B1","B.73A ENSUITE","Walls / Ceiling","Gyprock"
"8109c51a-d616-55f2-8f9c-5a43f8df625d","","checkpoint-status","not-started","","","TRUE","TRUE","Site QA","Area Ready","WING B1","B.73A ENSUITE","Walls / Ceiling","Plastered"
"ebf38855-ff80-5b82-87d6-edb3284c5371","","checkpoint-status","not-started","","","TRUE","TRUE","Site QA","Area Ready","WING B1","B.73A ENSUITE","Walls / Ceiling","Plaster Sanded"
"6e8cd87a-5f4a-5b6a-aac7-af66156ffd37","","checkpoint-status","not-started","","","TRUE","TRUE","Site QA","Area Ready","WING B1","B.73A ENSUITE","Walls / Ceiling","Painted"
"a700bec1-6d67-448b-9e79-a9fd7250252c","","checklist-sectioned","not-started","Area Ready Checklist","checklist","FALSE","FALSE","Site QA","Area Ready","WING B1","B.74 BED"
"5de748d4-4c11-5981-8837-7005c11e5269","","checkpoint-group","not-started","","","FALSE","FALSE","Site QA","Area Ready","WING B1","B.74 BED","Substrate"
"be1d3fb9-0f7b-5968-a260-03e4b8be25dc","","checkpoint-status","not-started","","","TRUE","TRUE","Site QA","Area Ready","WING B1","B.74 BED","Substrate","Substrate Acceptable"
"1a5816a4-54e6-5270-8c78-62c795e720e8","","checkpoint-status","not-started","","","TRUE","TRUE","Site QA","Area Ready","WING B1","B.74 BED","Substrate","Wet Area Screed Installed"
"729f10cc-b61b-5ec7-9355-982810c38fe4","","checkpoint-group","not-started","","","FALSE","FALSE","Site QA","Area Ready","WING B1","B.74 BED","Walls / Ceiling"
"d04de94d-d75f-53ad-9cd0-d1c9650a78b9","","checkpoint-status","not-started","","","TRUE","TRUE","Site QA","Area Ready","WING B1","B.74 BED","Walls / Ceiling","Ceiling Installed"
"64d5cab5-ecae-5799-a98f-84c156008b52","","checkpoint-status","not-started","","","TRUE","TRUE","Site QA","Area Ready","WING B1","B.74 BED","Walls / Ceiling","Gyprock"
"a805d96f-e5f1-5663-b812-fe450e4076a6","","checkpoint-status","not-started","","","TRUE","TRUE","Site QA","Area Ready","WING B1","B.74 BED","Walls / Ceiling","Plastered"
"29431b16-3a38-5f37-a74f-172839d84deb","","checkpoint-status","not-started","","","TRUE","TRUE","Site QA","Area Ready","WING B1","B.74 BED","Walls / Ceiling","Plaster Sanded"
"af78853f-641e-5557-8681-6c3bb5d81508","","checkpoint-status","not-started","","","TRUE","TRUE","Site QA","Area Ready","WING B1","B.74 BED","Walls / Ceiling","Painted"
"0a65c6c2-d3a9-4ff7-b64b-e464c09e42ad","","checklist-sectioned","not-started","Area Ready Checklist","checklist","FALSE","FALSE","Site QA","Area Ready","WING B1","B.74A ENSUITE"
"e4869fbf-5d5f-55de-b188-c0eb9dec75ee","","checkpoint-group","not-started","","","FALSE","FALSE","Site QA","Area Ready","WING B1","B.74A ENSUITE","Substrate"
"fb3362f8-0b0f-5ed0-b2dc-825e3282dcc0","","checkpoint-status","not-started","","","TRUE","TRUE","Site QA","Area Ready","WING B1","B.74A ENSUITE","Substrate","Substrate Acceptable"
"2ab9a8d5-fa8d-5899-b805-69d01bcc67a0","","checkpoint-status","not-started","","","TRUE","TRUE","Site QA","Area Ready","WING B1","B.74A ENSUITE","Substrate","Wet Area Screed Installed"
"b3605422-9a02-5728-a073-78de6612c82d","","checkpoint-group","not-started","","","FALSE","FALSE","Site QA","Area Ready","WING B1","B.74A ENSUITE","Walls / Ceiling"
"ff947a06-ac41-5e8a-a656-e7158a1bc414","","checkpoint-status","not-started","","","TRUE","TRUE","Site QA","Area Ready","WING B1","B.74A ENSUITE","Walls / Ceiling","Ceiling Installed"
"6a1ec1ad-6ed5-557b-8aee-e568c048bbb1","","checkpoint-status","not-started","","","TRUE","TRUE","Site QA","Area Ready","WING B1","B.74A ENSUITE","Walls / Ceiling","Gyprock"
"f10b8835-facf-56a1-99ff-a605334a2f81","","checkpoint-status","not-started","","","TRUE","TRUE","Site QA","Area Ready","WING B1","B.74A ENSUITE","Walls / Ceiling","Plastered"
"b287c99f-43ce-5a3d-94a3-628ade1b4f5b","","checkpoint-status","not-started","","","TRUE","TRUE","Site QA","Area Ready","WING B1","B.74A ENSUITE","Walls / Ceiling","Plaster Sanded"
"4787a448-f372-5026-b197-04b745549974","","checkpoint-status","not-started","","","TRUE","TRUE","Site QA","Area Ready","WING B1","B.74A ENSUITE","Walls / Ceiling","Painted"
"23234ab9-4963-47dd-89ae-414b0b0fd321","","checklist-sectioned","not-started","Area Ready Checklist","checklist","FALSE","FALSE","Site QA","Area Ready","WING B1","B.75 BED"
"a6b41e39-9b3c-5b07-a607-ba33641fe4ce","","checkpoint-group","not-started","","","FALSE","FALSE","Site QA","Area Ready","WING B1","B.75 BED","Substrate"
"a8650236-4458-50b2-a650-f560a55dcd7d","","checkpoint-status","not-started","","","TRUE","TRUE","Site QA","Area Ready","WING B1","B.75 BED","Substrate","Substrate Acceptable"
"6c923982-fee9-50f4-8e9e-1945ef47fb46","","checkpoint-status","not-started","","","TRUE","TRUE","Site QA","Area Ready","WING B1","B.75 BED","Substrate","Wet Area Screed Installed"
"eab4cb5a-6a54-5fd6-bbec-8f1f6fc62466","","checkpoint-group","not-started","","","FALSE","FALSE","Site QA","Area Ready","WING B1","B.75 BED","Walls / Ceiling"
"93a77f13-2751-5acb-9d42-04194953c936","","checkpoint-status","not-started","","","TRUE","TRUE","Site QA","Area Ready","WING B1","B.75 BED","Walls / Ceiling","Ceiling Installed"
"31ff98df-545a-580b-b9d9-2c2aa9551e99","","checkpoint-status","not-started","","","TRUE","TRUE","Site QA","Area Ready","WING B1","B.75 BED","Walls / Ceiling","Gyprock"
"79ee500e-eccf-55d7-a0f9-2aee4e5b5180","","checkpoint-status","not-started","","","TRUE","TRUE","Site QA","Area Ready","WING B1","B.75 BED","Walls / Ceiling","Plastered"
"74d3b9d3-1369-596a-a35b-1eb6b9a4989e","","checkpoint-status","not-started","","","TRUE","TRUE","Site QA","Area Ready","WING B1","B.75 BED","Walls / Ceiling","Plaster Sanded"
"7990b3f3-1d5d-5b9c-ab53-440b74eb29f3","","checkpoint-status","not-started","","","TRUE","TRUE","Site QA","Area Ready","WING B1","B.75 BED","Walls / Ceiling","Painted"
"e804d4ce-351c-45dd-be03-20df046f32c7","","checklist-sectioned","not-started","Area Ready Checklist","checklist","FALSE","FALSE","Site QA","Area Ready","WING B1","B.75A ENSUITE"
"d7b65dd9-ea58-5cea-af32-d732db8cb01b","","checkpoint-group","not-started","","","FALSE","FALSE","Site QA","Area Ready","WING B1","B.75A ENSUITE","Substrate"
"f447d2a8-530e-5a88-80ad-43d54ec2c263","","checkpoint-status","not-started","","","TRUE","TRUE","Site QA","Area Ready","WING B1","B.75A ENSUITE","Substrate","Substrate Acceptable"
"9b92ab4a-ea9c-508c-aa4f-417b4f55af8b","","checkpoint-status","not-started","","","TRUE","TRUE","Site QA","Area Ready","WING B1","B.75A ENSUITE","Substrate","Wet Area Screed Installed"
"4676953e-4e8a-5508-9c01-ee02d647e093","","checkpoint-group","not-started","","","FALSE","FALSE","Site QA","Area Ready","WING B1","B.75A ENSUITE","Walls / Ceiling"
"08da76a8-30fd-5871-9d4b-7df3d7e22b2b","","checkpoint-status","not-started","","","TRUE","TRUE","Site QA","Area Ready","WING B1","B.75A ENSUITE","Walls / Ceiling","Ceiling Installed"
"dc7c6884-adf5-57c0-8d6c-4353c4211b5d","","checkpoint-status","not-started","","","TRUE","TRUE","Site QA","Area Ready","WING B1","B.75A ENSUITE","Walls / Ceiling","Gyprock"
"9b790f30-973f-5e20-832b-bbfd5d3e9136","","checkpoint-status","not-started","","","TRUE","TRUE","Site QA","Area Ready","WING B1","B.75A ENSUITE","Walls / Ceiling","Plastered"
"e4729c30-260e-5fa0-a4c9-9ed4869cb418","","checkpoint-status","not-started","","","TRUE","TRUE","Site QA","Area Ready","WING B1","B.75A ENSUITE","Walls / Ceiling","Plaster Sanded"
"2cca92f0-8e56-544f-a514-594ee7031dee","","checkpoint-status","not-started","","","TRUE","TRUE","Site QA","Area Ready","WING B1","B.75A ENSUITE","Walls / Ceiling","Painted"
"bf3df372-e5f5-4c01-821c-d1f03a90d415","","checklist-sectioned","not-started","Area Ready Checklist","checklist","FALSE","FALSE","Site QA","Area Ready","WING B1","B.76 BED"
"077ce919-29d4-5216-84ab-c134ef71b77e","","checkpoint-group","not-started","","","FALSE","FALSE","Site QA","Area Ready","WING B1","B.76 BED","Substrate"
"bd113f65-eba3-5571-b4b9-06d00ee91179","","checkpoint-status","not-started","","","TRUE","TRUE","Site QA","Area Ready","WING B1","B.76 BED","Substrate","Substrate Acceptable"
"de163fc3-a9b4-57df-bb5d-c96bfc6f971e","","checkpoint-status","not-started","","","TRUE","TRUE","Site QA","Area Ready","WING B1","B.76 BED","Substrate","Wet Area Screed Installed"
"548f677a-9737-5b3b-bd50-d4312a2b0793","","checkpoint-group","not-started","","","FALSE","FALSE","Site QA","Area Ready","WING B1","B.76 BED","Walls / Ceiling"
"ef01c2fe-16aa-5df5-9517-b265b17e5040","","checkpoint-status","not-started","","","TRUE","TRUE","Site QA","Area Ready","WING B1","B.76 BED","Walls / Ceiling","Ceiling Installed"
"f67050f1-f911-5c64-9c72-a3a45358cfb3","","checkpoint-status","not-started","","","TRUE","TRUE","Site QA","Area Ready","WING B1","B.76 BED","Walls / Ceiling","Gyprock"
"6023176a-4054-55af-aa0c-9203ecda929e","","checkpoint-status","not-started","","","TRUE","TRUE","Site QA","Area Ready","WING B1","B.76 BED","Walls / Ceiling","Plastered"
"72137f53-0a0b-5390-971e-62e84685d080","","checkpoint-status","not-started","","","TRUE","TRUE","Site QA","Area Ready","WING B1","B.76 BED","Walls / Ceiling","Plaster Sanded"
"432f15bb-a220-5e3b-9315-2edcb8e5783e","","checkpoint-status","not-started","","","TRUE","TRUE","Site QA","Area Ready","WING B1","B.76 BED","Walls / Ceiling","Painted"
"9935fdaf-0226-451d-85cc-db295cb73709","","checklist-sectioned","not-started","Area Ready Checklist","checklist","FALSE","FALSE","Site QA","Area Ready","WING B1","B.77 BED"
"36be42de-4064-56a7-9d04-83e387a33445","","checkpoint-group","not-started","","","FALSE","FALSE","Site QA","Area Ready","WING B1","B.77 BED","Substrate"
"5e1fe0fe-8eed-57ff-bcfb-64101310b7ec","","checkpoint-status","not-started","","","TRUE","TRUE","Site QA","Area Ready","WING B1","B.77 BED","Substrate","Substrate Acceptable"
"f240e9f6-d09e-572c-abbf-11dbfb65d256","","checkpoint-status","not-started","","","TRUE","TRUE","Site QA","Area Ready","WING B1","B.77 BED","Substrate","Wet Area Screed Installed"
"47db6590-d2ab-5dca-8844-f483cfcca8ec","","checkpoint-group","not-started","","","FALSE","FALSE","Site QA","Area Ready","WING B1","B.77 BED","Walls / Ceiling"
"12157f38-4a14-5dbf-aa8c-f73644cdc9b0","","checkpoint-status","not-started","","","TRUE","TRUE","Site QA","Area Ready","WING B1","B.77 BED","Walls / Ceiling","Ceiling Installed"
"2da7c6b8-9033-5fcd-85a8-7090301891f6","","checkpoint-status","not-started","","","TRUE","TRUE","Site QA","Area Ready","WING B1","B.77 BED","Walls / Ceiling","Gyprock"
"d75e1bd1-d665-5535-8830-188fbbf7e6c0","","checkpoint-status","not-started","","","TRUE","TRUE","Site QA","Area Ready","WING B1","B.77 BED","Walls / Ceiling","Plastered"
"3fbce463-ac3d-54c3-82d7-b8481995f9c3","","checkpoint-status","not-started","","","TRUE","TRUE","Site QA","Area Ready","WING B1","B.77 BED","Walls / Ceiling","Plaster Sanded"
"27fc3c53-bbc6-511d-9f1e-8902a04e5606","","checkpoint-status","not-started","","","TRUE","TRUE","Site QA","Area Ready","WING B1","B.77 BED","Walls / Ceiling","Painted"
"623eaa08-308e-47d5-85bb-409c5e8cfd77","","checklist-sectioned","not-started","Area Ready Checklist","checklist","FALSE","FALSE","Site QA","Area Ready","WING B1","B.77A ENSUITE"
"6a1ab54b-07a0-5287-b75a-e82186612b0b","","checkpoint-group","not-started","","","FALSE","FALSE","Site QA","Area Ready","WING B1","B.77A ENSUITE","Substrate"
"c1144287-940e-58d5-9be8-6b2bcf475284","","checkpoint-status","not-started","","","TRUE","TRUE","Site QA","Area Ready","WING B1","B.77A ENSUITE","Substrate","Substrate Acceptable"
"cd541084-c6a3-54a1-ae0d-49e77049a7ef","","checkpoint-status","not-started","","","TRUE","TRUE","Site QA","Area Ready","WING B1","B.77A ENSUITE","Substrate","Wet Area Screed Installed"
"e8a2bd85-03e9-5e02-9a85-42706db90bd9","","checkpoint-group","not-started","","","FALSE","FALSE","Site QA","Area Ready","WING B1","B.77A ENSUITE","Walls / Ceiling"
"c18d6540-bfce-5158-a1a2-103f902fa6b6","","checkpoint-status","not-started","","","TRUE","TRUE","Site QA","Area Ready","WING B1","B.77A ENSUITE","Walls / Ceiling","Ceiling Installed"
"37e109d7-15fa-5914-be99-d4912700bcbb","","checkpoint-status","not-started","","","TRUE","TRUE","Site QA","Area Ready","WING B1","B.77A ENSUITE","Walls / Ceiling","Gyprock"
"c144b11c-3da3-5a2d-a507-41d6efd27d2e","","checkpoint-status","not-started","","","TRUE","TRUE","Site QA","Area Ready","WING B1","B.77A ENSUITE","Walls / Ceiling","Plastered"
"148b7b45-36f2-57ca-a3aa-aad3c0c03a17","","checkpoint-status","not-started","","","TRUE","TRUE","Site QA","Area Ready","WING B1","B.77A ENSUITE","Walls / Ceiling","Plaster Sanded"
"ebddfecb-5c9e-5b4b-a947-11ecfd8c388b","","checkpoint-status","not-started","","","TRUE","TRUE","Site QA","Area Ready","WING B1","B.77A ENSUITE","Walls / Ceiling","Painted"
"88f48f43-6722-45c0-8cbf-948ae5e97c17","","checklist-sectioned","not-started","Area Ready Checklist","checklist","FALSE","FALSE","Site QA","Area Ready","WING B1","B.78 BED"
"b46e457f-ebd3-5acb-ac01-0cf085daf393","","checkpoint-group","not-started","","","FALSE","FALSE","Site QA","Area Ready","WING B1","B.78 BED","Substrate"
"cf395821-4e47-5b59-ab2b-68e57b7dccbe","","checkpoint-status","not-started","","","TRUE","TRUE","Site QA","Area Ready","WING B1","B.78 BED","Substrate","Substrate Acceptable"
"757d9cd9-6efa-5783-9b82-4cf9db2f985d","","checkpoint-status","not-started","","","TRUE","TRUE","Site QA","Area Ready","WING B1","B.78 BED","Substrate","Wet Area Screed Installed"
"cf287fec-698f-5bb2-805c-231ae9aa89bc","","checkpoint-group","not-started","","","FALSE","FALSE","Site QA","Area Ready","WING B1","B.78 BED","Walls / Ceiling"
"5d06836f-bd67-52a7-b017-cdabf250fb06","","checkpoint-status","not-started","","","TRUE","TRUE","Site QA","Area Ready","WING B1","B.78 BED","Walls / Ceiling","Ceiling Installed"
"7c0666a7-1648-5b51-9817-3a4d99b96fdb","","checkpoint-status","not-started","","","TRUE","TRUE","Site QA","Area Ready","WING B1","B.78 BED","Walls / Ceiling","Gyprock"
"d16ba2f5-3550-532e-ac21-27464bd46401","","checkpoint-status","not-started","","","TRUE","TRUE","Site QA","Area Ready","WING B1","B.78 BED","Walls / Ceiling","Plastered"
"4d5d9f98-dc4a-53fe-af65-38924a520151","","checkpoint-status","not-started","","","TRUE","TRUE","Site QA","Area Ready","WING B1","B.78 BED","Walls / Ceiling","Plaster Sanded"
"d02b29df-5a48-549b-a7b0-49df3d67b214","","checkpoint-status","not-started","","","TRUE","TRUE","Site QA","Area Ready","WING B1","B.78 BED","Walls / Ceiling","Painted"
"d00f8dd8-1b7a-408d-973a-7f1993d4907a","","checklist-sectioned","not-started","Area Ready Checklist","checklist","FALSE","FALSE","Site QA","Area Ready","WING B1","B.78A ENSUITE"
"c1fef7e8-82cc-5157-b065-c80b0a3c9c60","","checkpoint-group","not-started","","","FALSE","FALSE","Site QA","Area Ready","WING B1","B.78A ENSUITE","Substrate"
"42801ee0-6422-5f7c-b53d-9613a1a7fd53","","checkpoint-status","not-started","","","TRUE","TRUE","Site QA","Area Ready","WING B1","B.78A ENSUITE","Substrate","Substrate Acceptable"
"13be554f-b398-5b8f-8bf4-4ae94d2e72aa","","checkpoint-status","not-started","","","TRUE","TRUE","Site QA","Area Ready","WING B1","B.78A ENSUITE","Substrate","Wet Area Screed Installed"
"5d99d6ad-b160-5c2d-8569-73784b1b87d4","","checkpoint-group","not-started","","","FALSE","FALSE","Site QA","Area Ready","WING B1","B.78A ENSUITE","Walls / Ceiling"
"4e9b5b44-5bcf-55ed-b94b-f56b62fb22e2","","checkpoint-status","not-started","","","TRUE","TRUE","Site QA","Area Ready","WING B1","B.78A ENSUITE","Walls / Ceiling","Ceiling Installed"
"7b123034-b293-58c3-9636-93705835095e","","checkpoint-status","not-started","","","TRUE","TRUE","Site QA","Area Ready","WING B1","B.78A ENSUITE","Walls / Ceiling","Gyprock"
"40a8aca0-c962-57c6-a87f-b649d94a69ce","","checkpoint-status","not-started","","","TRUE","TRUE","Site QA","Area Ready","WING B1","B.78A ENSUITE","Walls / Ceiling","Plastered"
"8dfa8629-bbcd-5eea-87d7-99a3aac8b27d","","checkpoint-status","not-started","","","TRUE","TRUE","Site QA","Area Ready","WING B1","B.78A ENSUITE","Walls / Ceiling","Plaster Sanded"
"ced42217-11ee-50b6-9632-a624b5c75bea","","checkpoint-status","not-started","","","TRUE","TRUE","Site QA","Area Ready","WING B1","B.78A ENSUITE","Walls / Ceiling","Painted"
"3295c748-413f-4139-96eb-f3d2091dcea5","","checklist-sectioned","not-started","Area Ready Checklist","checklist","FALSE","FALSE","Site QA","Area Ready","WING B1","B.79 BED"
"562f2588-bf9b-5ccb-a4d0-c8b912662365","","checkpoint-group","not-started","","","FALSE","FALSE","Site QA","Area Ready","WING B1","B.79 BED","Substrate"
"7f7c866a-9d45-5ade-a88f-3dd817de4cd2","","checkpoint-status","not-started","","","TRUE","TRUE","Site QA","Area Ready","WING B1","B.79 BED","Substrate","Substrate Acceptable"
"f1342adb-4204-5244-bed6-2841e1acff93","","checkpoint-status","not-started","","","TRUE","TRUE","Site QA","Area Ready","WING B1","B.79 BED","Substrate","Wet Area Screed Installed"
"850191e7-7a11-5f83-8810-a3622190b6d9","","checkpoint-group","not-started","","","FALSE","FALSE","Site QA","Area Ready","WING B1","B.79 BED","Walls / Ceiling"
"7793b5e1-4d7f-5ef6-8412-f732ba8e9547","","checkpoint-status","not-started","","","TRUE","TRUE","Site QA","Area Ready","WING B1","B.79 BED","Walls / Ceiling","Ceiling Installed"
"456fcc93-572f-5b3d-84e6-63508c855f9f","","checkpoint-status","not-started","","","TRUE","TRUE","Site QA","Area Ready","WING B1","B.79 BED","Walls / Ceiling","Gyprock"
"6e8b5ea4-5781-51f9-bc40-64b1bd7b5006","","checkpoint-status","not-started","","","TRUE","TRUE","Site QA","Area Ready","WING B1","B.79 BED","Walls / Ceiling","Plastered"
"5b123b26-49bf-5fbc-8f26-c5884c49ad7a","","checkpoint-status","not-started","","","TRUE","TRUE","Site QA","Area Ready","WING B1","B.79 BED","Walls / Ceiling","Plaster Sanded"
"cfbc46fa-9b82-5105-bf30-a79c65aaaa0f","","checkpoint-status","not-started","","","TRUE","TRUE","Site QA","Area Ready","WING B1","B.79 BED","Walls / Ceiling","Painted"
"a1389b06-1c61-4f1e-b5ab-809f88f24650","","checklist-sectioned","not-started","Area Ready Checklist","checklist","FALSE","FALSE","Site QA","Area Ready","WING B1","B.79A ENSUITE"
"c3d37e87-e5c6-5fd3-be32-6d8781fa0040","","checkpoint-group","not-started","","","FALSE","FALSE","Site QA","Area Ready","WING B1","B.79A ENSUITE","Substrate"
"0778aef4-6831-5739-9408-fefb758b3fb3","","checkpoint-status","not-started","","","TRUE","TRUE","Site QA","Area Ready","WING B1","B.79A ENSUITE","Substrate","Substrate Acceptable"
"0b27901d-ada7-5ee7-a131-6ef1b6291110","","checkpoint-status","not-started","","","TRUE","TRUE","Site QA","Area Ready","WING B1","B.79A ENSUITE","Substrate","Wet Area Screed Installed"
"4f85d14f-8c21-5fe8-885f-d4a393f81a2e","","checkpoint-group","not-started","","","FALSE","FALSE","Site QA","Area Ready","WING B1","B.79A ENSUITE","Walls / Ceiling"
"dcad5403-cb28-57d3-a688-a1b3cacdcbb3","","checkpoint-status","not-started","","","TRUE","TRUE","Site QA","Area Ready","WING B1","B.79A ENSUITE","Walls / Ceiling","Ceiling Installed"
"bf48285f-78ad-5868-845f-c9785839382d","","checkpoint-status","not-started","","","TRUE","TRUE","Site QA","Area Ready","WING B1","B.79A ENSUITE","Walls / Ceiling","Gyprock"
"f1c03f9c-2f42-585d-a5ba-3f523470e3f3","","checkpoint-status","not-started","","","TRUE","TRUE","Site QA","Area Ready","WING B1","B.79A ENSUITE","Walls / Ceiling","Plastered"
"5e04fb06-1dee-5ba0-b947-2d3d0975b477","","checkpoint-status","not-started","","","TRUE","TRUE","Site QA","Area Ready","WING B1","B.79A ENSUITE","Walls / Ceiling","Plaster Sanded"
"733b5eb9-60a3-50e2-bdee-bca7a822e216","","checkpoint-status","not-started","","","TRUE","TRUE","Site QA","Area Ready","WING B1","B.79A ENSUITE","Walls / Ceiling","Painted"
"72b7158b-cc30-47fd-9efd-e2c4ae68ee7e","","checklist-sectioned","not-started","Area Ready Checklist","checklist","FALSE","FALSE","Site QA","Area Ready","WING B1","B.80 BED"
"0a2423b4-bd17-55a6-9ab1-ec0ca62aa774","","checkpoint-group","not-started","","","FALSE","FALSE","Site QA","Area Ready","WING B1","B.80 BED","Substrate"
"9f3bebe5-1252-5d31-966c-c88f19e6cbb1","","checkpoint-status","not-started","","","TRUE","TRUE","Site QA","Area Ready","WING B1","B.80 BED","Substrate","Substrate Acceptable"
"cdbc07a6-00ca-517f-b954-26dae7a59b2b","","checkpoint-status","not-started","","","TRUE","TRUE","Site QA","Area Ready","WING B1","B.80 BED","Substrate","Wet Area Screed Installed"
"3db4c541-eaaf-5497-822e-ce8efe820b38","","checkpoint-group","not-started","","","FALSE","FALSE","Site QA","Area Ready","WING B1","B.80 BED","Walls / Ceiling"
"b02336f9-118e-5da8-a8a7-dec8690ac470","","checkpoint-status","not-started","","","TRUE","TRUE","Site QA","Area Ready","WING B1","B.80 BED","Walls / Ceiling","Ceiling Installed"
"c33d7220-0275-5059-a2e1-d12ca0ce42b5","","checkpoint-status","not-started","","","TRUE","TRUE","Site QA","Area Ready","WING B1","B.80 BED","Walls / Ceiling","Gyprock"
"83c80643-c749-5ad7-851a-0670e393c614","","checkpoint-status","not-started","","","TRUE","TRUE","Site QA","Area Ready","WING B1","B.80 BED","Walls / Ceiling","Plastered"
"ab20a40d-b304-55bb-9f8a-2624e67c89f7","","checkpoint-status","not-started","","","TRUE","TRUE","Site QA","Area Ready","WING B1","B.80 BED","Walls / Ceiling","Plaster Sanded"
"f4510602-f89b-5511-81db-fa53fec91691","","checkpoint-status","not-started","","","TRUE","TRUE","Site QA","Area Ready","WING B1","B.80 BED","Walls / Ceiling","Painted"
"0c26e817-4cc8-4818-80de-cf45e46259b6","","checklist-sectioned","not-started","Area Ready Checklist","checklist","FALSE","FALSE","Site QA","Area Ready","WING B1","B.80A ENSUITE"
"50c62a58-d6d2-54f2-80ea-c4facfa56d47","","checkpoint-group","not-started","","","FALSE","FALSE","Site QA","Area Ready","WING B1","B.80A ENSUITE","Substrate"
"0ac14afe-d396-5632-b5f4-d0084334b240","","checkpoint-status","not-started","","","TRUE","TRUE","Site QA","Area Ready","WING B1","B.80A ENSUITE","Substrate","Substrate Acceptable"
"dc7c6b67-7dd5-5b01-bac5-08e623b1737d","","checkpoint-status","not-started","","","TRUE","TRUE","Site QA","Area Ready","WING B1","B.80A ENSUITE","Substrate","Wet Area Screed Installed"
"97ac8e70-840a-55e6-8284-8ccd80373d91","","checkpoint-group","not-started","","","FALSE","FALSE","Site QA","Area Ready","WING B1","B.80A ENSUITE","Walls / Ceiling"
"745e7d3b-5844-5a07-b54a-60fc2e5a52ff","","checkpoint-status","not-started","","","TRUE","TRUE","Site QA","Area Ready","WING B1","B.80A ENSUITE","Walls / Ceiling","Ceiling Installed"
"19687b25-5580-5b2d-b4fa-29c709021698","","checkpoint-status","not-started","","","TRUE","TRUE","Site QA","Area Ready","WING B1","B.80A ENSUITE","Walls / Ceiling","Gyprock"
"7661569b-6c1a-57f1-a7cb-5322de24e0dc","","checkpoint-status","not-started","","","TRUE","TRUE","Site QA","Area Ready","WING B1","B.80A ENSUITE","Walls / Ceiling","Plastered"
"b257e425-d76f-5f5f-8b9a-e72997b31f96","","checkpoint-status","not-started","","","TRUE","TRUE","Site QA","Area Ready","WING B1","B.80A ENSUITE","Walls / Ceiling","Plaster Sanded"
"5ae4fcc1-d434-5d68-9cbd-a4814f6d767e","","checkpoint-status","not-started","","","TRUE","TRUE","Site QA","Area Ready","WING B1","B.80A ENSUITE","Walls / Ceiling","Painted"
"10e3f6ae-19d1-4be1-8046-3f2a045d74f4","","checklist-sectioned","not-started","Area Ready Checklist","checklist","FALSE","FALSE","Site QA","Area Ready","WING B1","B.81 BED"
"843d04d3-7fa2-5016-aa65-853e54687182","","checkpoint-group","not-started","","","FALSE","FALSE","Site QA","Area Ready","WING B1","B.81 BED","Substrate"
"b4f67352-1fb7-5ba2-9040-b91340273894","","checkpoint-status","not-started","","","TRUE","TRUE","Site QA","Area Ready","WING B1","B.81 BED","Substrate","Substrate Acceptable"
"bcce9ef0-f381-5a09-a81c-c9d6aba8f3ec","","checkpoint-status","not-started","","","TRUE","TRUE","Site QA","Area Ready","WING B1","B.81 BED","Substrate","Wet Area Screed Installed"
"1ebc8c27-e039-5364-9685-4b5c40e480df","","checkpoint-group","not-started","","","FALSE","FALSE","Site QA","Area Ready","WING B1","B.81 BED","Walls / Ceiling"
"5323c872-090c-58ae-875e-7b2877fe5431","","checkpoint-status","not-started","","","TRUE","TRUE","Site QA","Area Ready","WING B1","B.81 BED","Walls / Ceiling","Ceiling Installed"
"78f052b6-b446-52b4-9c47-75a68b541031","","checkpoint-status","not-started","","","TRUE","TRUE","Site QA","Area Ready","WING B1","B.81 BED","Walls / Ceiling","Gyprock"
"b89ceb3e-ab80-5ca3-be78-39b9164fda76","","checkpoint-status","not-started","","","TRUE","TRUE","Site QA","Area Ready","WING B1","B.81 BED","Walls / Ceiling","Plastered"
"9418510b-bed6-5498-9eef-e2525148157d","","checkpoint-status","not-started","","","TRUE","TRUE","Site QA","Area Ready","WING B1","B.81 BED","Walls / Ceiling","Plaster Sanded"
"72e7216c-9071-54a3-bbf7-45ab7e47a270","","checkpoint-status","not-started","","","TRUE","TRUE","Site QA","Area Ready","WING B1","B.81 BED","Walls / Ceiling","Painted"
"8ff2deca-5e54-49a0-8dfb-7c87688e462b","","checklist-sectioned","not-started","Area Ready Checklist","checklist","FALSE","FALSE","Site QA","Area Ready","WING B1","B.81A ENSUITE"
"44f647c9-39db-5155-9d0d-fe1b60c41dff","","checkpoint-group","not-started","","","FALSE","FALSE","Site QA","Area Ready","WING B1","B.81A ENSUITE","Substrate"
"0763449c-26cd-56b2-b70a-5c3a9818cb71","","checkpoint-status","not-started","","","TRUE","TRUE","Site QA","Area Ready","WING B1","B.81A ENSUITE","Substrate","Substrate Acceptable"
"a77794a5-59cc-5fe9-bc7a-0442328bce52","","checkpoint-status","not-started","","","TRUE","TRUE","Site QA","Area Ready","WING B1","B.81A ENSUITE","Substrate","Wet Area Screed Installed"
"acf40a14-06ed-57c2-9856-09440365b3b9","","checkpoint-group","not-started","","","FALSE","FALSE","Site QA","Area Ready","WING B1","B.81A ENSUITE","Walls / Ceiling"
"49213d55-791d-5639-b774-ce40b7f8d505","","checkpoint-status","not-started","","","TRUE","TRUE","Site QA","Area Ready","WING B1","B.81A ENSUITE","Walls / Ceiling","Ceiling Installed"
"5d9ee0d7-8b5b-5f1b-9e3b-36d84d0022fa","","checkpoint-status","not-started","","","TRUE","TRUE","Site QA","Area Ready","WING B1","B.81A ENSUITE","Walls / Ceiling","Gyprock"
"83231ac2-085c-516c-872c-d2a178c32a9b","","checkpoint-status","not-started","","","TRUE","TRUE","Site QA","Area Ready","WING B1","B.81A ENSUITE","Walls / Ceiling","Plastered"
"eb47d010-4c6f-5cea-a3c4-9f91961765ba","","checkpoint-status","not-started","","","TRUE","TRUE","Site QA","Area Ready","WING B1","B.81A ENSUITE","Walls / Ceiling","Plaster Sanded"
"040fb45c-506c-547b-8c8d-a0fd8748a104","","checkpoint-status","not-started","","","TRUE","TRUE","Site QA","Area Ready","WING B1","B.81A ENSUITE","Walls / Ceiling","Painted"
"995c7caf-543c-440e-bdce-ed6e830be1e1","","checklist-sectioned","not-started","Area Ready Checklist","checklist","FALSE","FALSE","Site QA","Area Ready","WING B1","B.82 CORRIDOR"
"3d209fdd-b194-5d94-83d9-594959df840f","","checkpoint-group","not-started","","","FALSE","FALSE","Site QA","Area Ready","WING B1","B.82 CORRIDOR","Substrate"
"c86818f3-482a-5156-83e2-1726acb785cd","","checkpoint-status","not-started","","","TRUE","TRUE","Site QA","Area Ready","WING B1","B.82 CORRIDOR","Substrate","Substrate Acceptable"
"9bcac4ce-6410-5b06-8552-3f0c0727927a","","checkpoint-status","not-started","","","TRUE","TRUE","Site QA","Area Ready","WING B1","B.82 CORRIDOR","Substrate","Wet Area Screed Installed"
"502d3f6a-d8a7-585e-9e85-1044a33fe2eb","","checkpoint-group","not-started","","","FALSE","FALSE","Site QA","Area Ready","WING B1","B.82 CORRIDOR","Walls / Ceiling"
"ef556851-6f37-5d94-863a-b63c60a6847b","","checkpoint-status","not-started","","","TRUE","TRUE","Site QA","Area Ready","WING B1","B.82 CORRIDOR","Walls / Ceiling","Ceiling Installed"
"bae2cabd-0b50-5903-ae7e-866b9b27e37e","","checkpoint-status","not-started","","","TRUE","TRUE","Site QA","Area Ready","WING B1","B.82 CORRIDOR","Walls / Ceiling","Gyprock"
"7bb6626e-0049-5574-8002-a981416b4ad5","","checkpoint-status","not-started","","","TRUE","TRUE","Site QA","Area Ready","WING B1","B.82 CORRIDOR","Walls / Ceiling","Plastered"
"ba9cc4ce-26e1-5e3e-b4c8-d6250d488c58","","checkpoint-status","not-started","","","TRUE","TRUE","Site QA","Area Ready","WING B1","B.82 CORRIDOR","Walls / Ceiling","Plaster Sanded"
"10110109-076b-5662-ae83-13074e1cb1e9","","checkpoint-status","not-started","","","TRUE","TRUE","Site QA","Area Ready","WING B1","B.82 CORRIDOR","Walls / Ceiling","Painted"
"970a2cc9-13ee-47aa-bfc4-1606d594c16e","","checklist-sectioned","not-started","Area Ready Checklist","checklist","FALSE","FALSE","Site QA","Area Ready","WING B1","B.83 BED"
"29e55af6-dd7a-5191-bcf9-15334aa0d207","","checkpoint-group","not-started","","","FALSE","FALSE","Site QA","Area Ready","WING B1","B.83 BED","Substrate"
"3a2e478f-586c-5b9f-b80c-6f0b673cf285","","checkpoint-status","not-started","","","TRUE","TRUE","Site QA","Area Ready","WING B1","B.83 BED","Substrate","Substrate Acceptable"
"c8d9731b-cfd4-5823-b4f3-ef62cc88f745","","checkpoint-status","not-started","","","TRUE","TRUE","Site QA","Area Ready","WING B1","B.83 BED","Substrate","Wet Area Screed Installed"
"00b6f4cb-a34e-58b7-a2c6-fdb58708a67f","","checkpoint-group","not-started","","","FALSE","FALSE","Site QA","Area Ready","WING B1","B.83 BED","Walls / Ceiling"
"91c9e8d6-fdd2-5a3c-bb00-e21ed82943fa","","checkpoint-status","not-started","","","TRUE","TRUE","Site QA","Area Ready","WING B1","B.83 BED","Walls / Ceiling","Ceiling Installed"
"9d588aae-266b-50ba-a583-2de0af222e08","","checkpoint-status","not-started","","","TRUE","TRUE","Site QA","Area Ready","WING B1","B.83 BED","Walls / Ceiling","Gyprock"
"cf029fbf-55d1-562f-9473-c480f8df9b3a","","checkpoint-status","not-started","","","TRUE","TRUE","Site QA","Area Ready","WING B1","B.83 BED","Walls / Ceiling","Plastered"
"a07c888c-5def-5cd9-8e86-a86546d94395","","checkpoint-status","not-started","","","TRUE","TRUE","Site QA","Area Ready","WING B1","B.83 BED","Walls / Ceiling","Plaster Sanded"
"7f8deaab-214e-51cc-bf2e-60a6f53f3e10","","checkpoint-status","not-started","","","TRUE","TRUE","Site QA","Area Ready","WING B1","B.83 BED","Walls / Ceiling","Painted"
"ecf1476b-76e6-4b95-bbdd-029fe82f2b63","","checklist-sectioned","not-started","Area Ready Checklist","checklist","FALSE","FALSE","Site QA","Area Ready","WING B1","B.83A ENSUITE"
"8341d89c-ef22-5a68-b40f-0e0a23ff580d","","checkpoint-group","not-started","","","FALSE","FALSE","Site QA","Area Ready","WING B1","B.83A ENSUITE","Substrate"
"a6c027be-e31e-5b16-816b-280f9592d4f4","","checkpoint-status","not-started","","","TRUE","TRUE","Site QA","Area Ready","WING B1","B.83A ENSUITE","Substrate","Substrate Acceptable"
"d4d0e50b-a5c1-5e2e-814f-21f1fbb3b8ef","","checkpoint-status","not-started","","","TRUE","TRUE","Site QA","Area Ready","WING B1","B.83A ENSUITE","Substrate","Wet Area Screed Installed"
"0119987d-db59-5d2e-84d3-061735c80b7d","","checkpoint-group","not-started","","","FALSE","FALSE","Site QA","Area Ready","WING B1","B.83A ENSUITE","Walls / Ceiling"
"46095285-2682-54d5-8e86-90ddfe7f2a9d","","checkpoint-status","not-started","","","TRUE","TRUE","Site QA","Area Ready","WING B1","B.83A ENSUITE","Walls / Ceiling","Ceiling Installed"
"169ab671-1f9f-55bc-8993-48acee60f5f9","","checkpoint-status","not-started","","","TRUE","TRUE","Site QA","Area Ready","WING B1","B.83A ENSUITE","Walls / Ceiling","Gyprock"
"6863c9ea-6291-5c57-aba0-712ffb13d2b2","","checkpoint-status","not-started","","","TRUE","TRUE","Site QA","Area Ready","WING B1","B.83A ENSUITE","Walls / Ceiling","Plastered"
"b8dbc051-e42f-52e1-9832-2d714187c616","","checkpoint-status","not-started","","","TRUE","TRUE","Site QA","Area Ready","WING B1","B.83A ENSUITE","Walls / Ceiling","Plaster Sanded"
"36822c28-b8a1-50d3-bb09-17b88dfa3548","","checkpoint-status","not-started","","","TRUE","TRUE","Site QA","Area Ready","WING B1","B.83A ENSUITE","Walls / Ceiling","Painted"
"b8797fc5-5614-43df-9340-8799c30c8a5f","","checklist-sectioned","not-started","Area Ready Checklist","checklist","FALSE","FALSE","Site QA","Area Ready","WING B1","B.84 BED"
"6d15a67e-ff45-587e-bfb9-33407b218c30","","checkpoint-group","not-started","","","FALSE","FALSE","Site QA","Area Ready","WING B1","B.84 BED","Substrate"
"80c013e8-64a0-578e-acd6-4a1058cf1354","","checkpoint-status","not-started","","","TRUE","TRUE","Site QA","Area Ready","WING B1","B.84 BED","Substrate","Substrate Acceptable"
"7775a336-b5aa-533f-801e-860ac2b76073","","checkpoint-status","not-started","","","TRUE","TRUE","Site QA","Area Ready","WING B1","B.84 BED","Substrate","Wet Area Screed Installed"
"35e54828-8406-5b02-b09e-3025a253f46b","","checkpoint-group","not-started","","","FALSE","FALSE","Site QA","Area Ready","WING B1","B.84 BED","Walls / Ceiling"
"47471ff7-dae7-5cb3-a2a5-8ebfd924095b","","checkpoint-status","not-started","","","TRUE","TRUE","Site QA","Area Ready","WING B1","B.84 BED","Walls / Ceiling","Ceiling Installed"
"559eb483-5850-5092-b186-04d859e4f8b7","","checkpoint-status","not-started","","","TRUE","TRUE","Site QA","Area Ready","WING B1","B.84 BED","Walls / Ceiling","Gyprock"
"0ff3be0f-2976-57ed-b1a5-d3a83ac9b9ea","","checkpoint-status","not-started","","","TRUE","TRUE","Site QA","Area Ready","WING B1","B.84 BED","Walls / Ceiling","Plastered"
"0e02f229-6141-5dfd-a16d-3b3c717dff3c","","checkpoint-status","not-started","","","TRUE","TRUE","Site QA","Area Ready","WING B1","B.84 BED","Walls / Ceiling","Plaster Sanded"
"5e9c634a-f27f-5a34-8307-2c66f33797cd","","checkpoint-status","not-started","","","TRUE","TRUE","Site QA","Area Ready","WING B1","B.84 BED","Walls / Ceiling","Painted"
"3ebb8e6d-2d86-4eac-8332-727af8b20486","","checklist-sectioned","not-started","Area Ready Checklist","checklist","FALSE","FALSE","Site QA","Area Ready","WING B1","B.84A ENSUITE"
"67affba9-d7f9-5639-b646-8b6ffbf36a41","","checkpoint-group","not-started","","","FALSE","FALSE","Site QA","Area Ready","WING B1","B.84A ENSUITE","Substrate"
"d58bcaf5-6ff4-5fe4-9c91-59537e7709f6","","checkpoint-status","not-started","","","TRUE","TRUE","Site QA","Area Ready","WING B1","B.84A ENSUITE","Substrate","Substrate Acceptable"
"1577187d-5390-56c1-bdd1-e935c9c258b3","","checkpoint-status","not-started","","","TRUE","TRUE","Site QA","Area Ready","WING B1","B.84A ENSUITE","Substrate","Wet Area Screed Installed"
"07bb8e67-1110-58fa-8636-f50dfa13be92","","checkpoint-group","not-started","","","FALSE","FALSE","Site QA","Area Ready","WING B1","B.84A ENSUITE","Walls / Ceiling"
"fdab7b0f-7c4b-5062-ac26-bf0c808cc946","","checkpoint-status","not-started","","","TRUE","TRUE","Site QA","Area Ready","WING B1","B.84A ENSUITE","Walls / Ceiling","Ceiling Installed"
"4a7b86a5-8a81-5482-9115-560288e52e21","","checkpoint-status","not-started","","","TRUE","TRUE","Site QA","Area Ready","WING B1","B.84A ENSUITE","Walls / Ceiling","Gyprock"
"6dd98f75-0920-5a30-b7ae-5a5450344f87","","checkpoint-status","not-started","","","TRUE","TRUE","Site QA","Area Ready","WING B1","B.84A ENSUITE","Walls / Ceiling","Plastered"
"e5413e71-d93e-570f-8435-e6b3228aeaf0","","checkpoint-status","not-started","","","TRUE","TRUE","Site QA","Area Ready","WING B1","B.84A ENSUITE","Walls / Ceiling","Plaster Sanded"
"74e6a3f6-0014-5dc9-ac9e-0ad97c2ad749","","checkpoint-status","not-started","","","TRUE","TRUE","Site QA","Area Ready","WING B1","B.84A ENSUITE","Walls / Ceiling","Painted"
"75a9b1a9-b37f-43cb-9ac6-4ba5663b8c62","","checklist-sectioned","not-started","Area Ready Checklist","checklist","FALSE","FALSE","Site QA","Area Ready","WING B1","B.85 BED"
"8da287a8-18b9-5c51-9761-bf2b297a5fa8","","checkpoint-group","not-started","","","FALSE","FALSE","Site QA","Area Ready","WING B1","B.85 BED","Substrate"
"02fcfe27-a765-519b-850f-9b61871c016a","","checkpoint-status","not-started","","","TRUE","TRUE","Site QA","Area Ready","WING B1","B.85 BED","Substrate","Substrate Acceptable"
"ad345bfb-b209-5bea-b42b-a4af67367589","","checkpoint-status","not-started","","","TRUE","TRUE","Site QA","Area Ready","WING B1","B.85 BED","Substrate","Wet Area Screed Installed"
"c983d376-f3cc-57fe-8034-5c7f4464e7e2","","checkpoint-group","not-started","","","FALSE","FALSE","Site QA","Area Ready","WING B1","B.85 BED","Walls / Ceiling"
"ac984e40-4126-5752-bc5b-bee7bab7f2a2","","checkpoint-status","not-started","","","TRUE","TRUE","Site QA","Area Ready","WING B1","B.85 BED","Walls / Ceiling","Ceiling Installed"
"b7c4b5e6-eb7e-51a1-8796-fddc0159f886","","checkpoint-status","not-started","","","TRUE","TRUE","Site QA","Area Ready","WING B1","B.85 BED","Walls / Ceiling","Gyprock"
"f9290e21-4302-560d-a15d-8d5692efc563","","checkpoint-status","not-started","","","TRUE","TRUE","Site QA","Area Ready","WING B1","B.85 BED","Walls / Ceiling","Plastered"
"17ba3f55-c1c9-5d99-a4a9-baea85d2307d","","checkpoint-status","not-started","","","TRUE","TRUE","Site QA","Area Ready","WING B1","B.85 BED","Walls / Ceiling","Plaster Sanded"
"e17fd663-d078-5478-bc20-4cd5dff65e76","","checkpoint-status","not-started","","","TRUE","TRUE","Site QA","Area Ready","WING B1","B.85 BED","Walls / Ceiling","Painted"
"40b63b3a-d648-45c8-9a93-7425669102c7","","checklist-sectioned","not-started","Area Ready Checklist","checklist","FALSE","FALSE","Site QA","Area Ready","WING B1","B.85A ENSUITE"
"a1046ee3-d7de-5739-a93f-656fdbb2d52b","","checkpoint-group","not-started","","","FALSE","FALSE","Site QA","Area Ready","WING B1","B.85A ENSUITE","Substrate"
"fead4211-4d9e-51f5-b071-b3290ee16ba2","","checkpoint-status","not-started","","","TRUE","TRUE","Site QA","Area Ready","WING B1","B.85A ENSUITE","Substrate","Substrate Acceptable"
"140d6171-a169-56bc-9e53-44a9928a5106","","checkpoint-status","not-started","","","TRUE","TRUE","Site QA","Area Ready","WING B1","B.85A ENSUITE","Substrate","Wet Area Screed Installed"
"cbdc3641-6682-59d1-ab94-7b0f9a73f8c2","","checkpoint-group","not-started","","","FALSE","FALSE","Site QA","Area Ready","WING B1","B.85A ENSUITE","Walls / Ceiling"
"e0656054-0e9c-5459-8e82-1ad24a7de67c","","checkpoint-status","not-started","","","TRUE","TRUE","Site QA","Area Ready","WING B1","B.85A ENSUITE","Walls / Ceiling","Ceiling Installed"
"9b2a659d-7182-5c2b-9b6c-8f0147dd3652","","checkpoint-status","not-started","","","TRUE","TRUE","Site QA","Area Ready","WING B1","B.85A ENSUITE","Walls / Ceiling","Gyprock"
"01978f44-372b-5779-a3f1-e53240e35941","","checkpoint-status","not-started","","","TRUE","TRUE","Site QA","Area Ready","WING B1","B.85A ENSUITE","Walls / Ceiling","Plastered"
"659b017b-8e25-5001-a5f9-1da68d5d4977","","checkpoint-status","not-started","","","TRUE","TRUE","Site QA","Area Ready","WING B1","B.85A ENSUITE","Walls / Ceiling","Plaster Sanded"
"b9d100c5-2eb7-5e0b-a4f4-3a1eabd3ff36","","checkpoint-status","not-started","","","TRUE","TRUE","Site QA","Area Ready","WING B1","B.85A ENSUITE","Walls / Ceiling","Painted"
"877c2353-d50f-46d0-aeaf-e398f1e5c96b","","checklist-sectioned","not-started","Area Ready Checklist","checklist","FALSE","FALSE","Site QA","Area Ready","WING B1","B.86 BED"
"37318d47-18ea-5ec6-b33f-415ef2ecae90","","checkpoint-group","not-started","","","FALSE","FALSE","Site QA","Area Ready","WING B1","B.86 BED","Substrate"
"84fd01f2-e5f6-53dd-a4db-0712b58f6b51","","checkpoint-status","not-started","","","TRUE","TRUE","Site QA","Area Ready","WING B1","B.86 BED","Substrate","Substrate Acceptable"
"0131b4ab-0e41-5d06-a46e-57be83ffd68c","","checkpoint-status","not-started","","","TRUE","TRUE","Site QA","Area Ready","WING B1","B.86 BED","Substrate","Wet Area Screed Installed"
"0f99b8aa-dc49-53b1-a80c-a2a0531e8e0a","","checkpoint-group","not-started","","","FALSE","FALSE","Site QA","Area Ready","WING B1","B.86 BED","Walls / Ceiling"
"ff08ff1c-b3b0-51cd-a3e3-bbfa4e4ebd82","","checkpoint-status","not-started","","","TRUE","TRUE","Site QA","Area Ready","WING B1","B.86 BED","Walls / Ceiling","Ceiling Installed"
"142a6965-dba3-5cbd-94ef-5c7cb45e8199","","checkpoint-status","not-started","","","TRUE","TRUE","Site QA","Area Ready","WING B1","B.86 BED","Walls / Ceiling","Gyprock"
"4da2d8d3-8f9b-5936-914e-ebdb7cdcea16","","checkpoint-status","not-started","","","TRUE","TRUE","Site QA","Area Ready","WING B1","B.86 BED","Walls / Ceiling","Plastered"
"ad3ebe43-5417-50e4-8b27-bf95d37f08eb","","checkpoint-status","not-started","","","TRUE","TRUE","Site QA","Area Ready","WING B1","B.86 BED","Walls / Ceiling","Plaster Sanded"
"a19d6248-3653-5014-8eda-36f0e2dafce7","","checkpoint-status","not-started","","","TRUE","TRUE","Site QA","Area Ready","WING B1","B.86 BED","Walls / Ceiling","Painted"
"d6a2a830-1510-4dd5-93a0-65b1da92a9aa","","checklist-sectioned","not-started","Area Ready Checklist","checklist","FALSE","FALSE","Site QA","Area Ready","WING B1","B.86A ENSUITE"
"7f0e0805-0528-5f16-9b56-1e970945d4af","","checkpoint-group","not-started","","","FALSE","FALSE","Site QA","Area Ready","WING B1","B.86A ENSUITE","Substrate"
"1b131aea-f337-5a87-8272-6dbd39b7a440","","checkpoint-status","not-started","","","TRUE","TRUE","Site QA","Area Ready","WING B1","B.86A ENSUITE","Substrate","Substrate Acceptable"
"4569f71a-703b-56f5-9dd6-fa038d7cdffd","","checkpoint-status","not-started","","","TRUE","TRUE","Site QA","Area Ready","WING B1","B.86A ENSUITE","Substrate","Wet Area Screed Installed"
"7fb98ba2-60bb-598b-a2b4-0b2511c700c6","","checkpoint-group","not-started","","","FALSE","FALSE","Site QA","Area Ready","WING B1","B.86A ENSUITE","Walls / Ceiling"
"e5d2e8a0-7106-5784-bb97-92001fb1ce9e","","checkpoint-status","not-started","","","TRUE","TRUE","Site QA","Area Ready","WING B1","B.86A ENSUITE","Walls / Ceiling","Ceiling Installed"
"debe1055-48b6-5dd9-ab36-8daa336e0198","","checkpoint-status","not-started","","","TRUE","TRUE","Site QA","Area Ready","WING B1","B.86A ENSUITE","Walls / Ceiling","Gyprock"
"307019d5-bc5a-5217-ad72-7c3a52b0acc0","","checkpoint-status","not-started","","","TRUE","TRUE","Site QA","Area Ready","WING B1","B.86A ENSUITE","Walls / Ceiling","Plastered"
"cb00fd31-b58f-5b14-bb20-0df048059c5d","","checkpoint-status","not-started","","","TRUE","TRUE","Site QA","Area Ready","WING B1","B.86A ENSUITE","Walls / Ceiling","Plaster Sanded"
"e6ecfca9-0ad1-58fe-ace9-637d1419c6a1","","checkpoint-status","not-started","","","TRUE","TRUE","Site QA","Area Ready","WING B1","B.86A ENSUITE","Walls / Ceiling","Painted"
"acdb5072-47c5-46c1-9516-f9185fb6e5f4","","checklist-sectioned","not-started","Area Ready Checklist","checklist","FALSE","FALSE","Site QA","Area Ready","WING B1","B.87 BED"
"f7821364-0f09-5689-a2df-38e866a19a57","","checkpoint-group","not-started","","","FALSE","FALSE","Site QA","Area Ready","WING B1","B.87 BED","Substrate"
"8d83d6b0-a2ea-576f-87f5-c4a540fdb741","","checkpoint-status","not-started","","","TRUE","TRUE","Site QA","Area Ready","WING B1","B.87 BED","Substrate","Substrate Acceptable"
"2ef59208-8de4-5e99-8711-6d1759471ee1","","checkpoint-status","not-started","","","TRUE","TRUE","Site QA","Area Ready","WING B1","B.87 BED","Substrate","Wet Area Screed Installed"
"16dc14f9-fe03-5c3d-b90a-4f7fd79cc405","","checkpoint-group","not-started","","","FALSE","FALSE","Site QA","Area Ready","WING B1","B.87 BED","Walls / Ceiling"
"dd898a17-c001-5b4e-9dc4-1821382c974c","","checkpoint-status","not-started","","","TRUE","TRUE","Site QA","Area Ready","WING B1","B.87 BED","Walls / Ceiling","Ceiling Installed"
"95de9858-d5e6-51c6-90fc-a97150e7aca7","","checkpoint-status","not-started","","","TRUE","TRUE","Site QA","Area Ready","WING B1","B.87 BED","Walls / Ceiling","Gyprock"
"8370a1ce-3a04-5064-ae20-148ef5517633","","checkpoint-status","not-started","","","TRUE","TRUE","Site QA","Area Ready","WING B1","B.87 BED","Walls / Ceiling","Plastered"
"4e100850-4055-5b68-bbf9-bdca9cc08619","","checkpoint-status","not-started","","","TRUE","TRUE","Site QA","Area Ready","WING B1","B.87 BED","Walls / Ceiling","Plaster Sanded"
"9a1e24f4-4bbd-5a37-911b-15e83e7ed977","","checkpoint-status","not-started","","","TRUE","TRUE","Site QA","Area Ready","WING B1","B.87 BED","Walls / Ceiling","Painted"
"1bf45e5c-cd12-48dc-be26-c3bd8c8f1019","","checklist-sectioned","not-started","Area Ready Checklist","checklist","FALSE","FALSE","Site QA","Area Ready","WING B1","B.87A ENSUITE"
"a6160871-3387-57a9-b9d0-923e4a40a009","","checkpoint-group","not-started","","","FALSE","FALSE","Site QA","Area Ready","WING B1","B.87A ENSUITE","Substrate"
"614ab85c-b25a-56ff-a6c6-5a02a776c8e7","","checkpoint-status","not-started","","","TRUE","TRUE","Site QA","Area Ready","WING B1","B.87A ENSUITE","Substrate","Substrate Acceptable"
"8781b078-d567-545d-8278-058f7ba80c29","","checkpoint-status","not-started","","","TRUE","TRUE","Site QA","Area Ready","WING B1","B.87A ENSUITE","Substrate","Wet Area Screed Installed"
"c7eb24e2-014c-5b63-b35c-d6fbf96b003d","","checkpoint-group","not-started","","","FALSE","FALSE","Site QA","Area Ready","WING B1","B.87A ENSUITE","Walls / Ceiling"
"b819e1ce-7d66-5d76-8e50-41b2d02db11d","","checkpoint-status","not-started","","","TRUE","TRUE","Site QA","Area Ready","WING B1","B.87A ENSUITE","Walls / Ceiling","Ceiling Installed"
"cb4baffc-0c85-50ce-8fd0-51440dbf0dd8","","checkpoint-status","not-started","","","TRUE","TRUE","Site QA","Area Ready","WING B1","B.87A ENSUITE","Walls / Ceiling","Gyprock"
"95381e24-c5b4-56c0-80d1-2c32a96a5227","","checkpoint-status","not-started","","","TRUE","TRUE","Site QA","Area Ready","WING B1","B.87A ENSUITE","Walls / Ceiling","Plastered"
"6da0eff8-3633-5c9b-8304-46d1b03a1e57","","checkpoint-status","not-started","","","TRUE","TRUE","Site QA","Area Ready","WING B1","B.87A ENSUITE","Walls / Ceiling","Plaster Sanded"
"a78cf8ba-673e-526a-b5e9-b8d80db6a1a5","","checkpoint-status","not-started","","","TRUE","TRUE","Site QA","Area Ready","WING B1","B.87A ENSUITE","Walls / Ceiling","Painted"
"8a3e511b-6d13-4640-b084-f4b57c4c0d15","","checklist-sectioned","not-started","Area Ready Checklist","checklist","FALSE","FALSE","Site QA","Area Ready","WING B1","B.88 BED"
"848295a9-efbf-5d1e-a4bc-434c7f40bd4b","","checkpoint-group","not-started","","","FALSE","FALSE","Site QA","Area Ready","WING B1","B.88 BED","Substrate"
"42e120cb-043a-5e83-91fd-4f51b5e7fe2e","","checkpoint-status","not-started","","","TRUE","TRUE","Site QA","Area Ready","WING B1","B.88 BED","Substrate","Substrate Acceptable"
"1f7f8aee-d60f-57af-9d6b-4707de747565","","checkpoint-status","not-started","","","TRUE","TRUE","Site QA","Area Ready","WING B1","B.88 BED","Substrate","Wet Area Screed Installed"
"0d3fe769-19e4-50c3-8db7-ef1978e3868b","","checkpoint-group","not-started","","","FALSE","FALSE","Site QA","Area Ready","WING B1","B.88 BED","Walls / Ceiling"
"6cf6d291-dfcc-50b7-b7d9-15c37d53d5f9","","checkpoint-status","not-started","","","TRUE","TRUE","Site QA","Area Ready","WING B1","B.88 BED","Walls / Ceiling","Ceiling Installed"
"a7a88cc7-6fb7-5811-b754-e7fcb495be30","","checkpoint-status","not-started","","","TRUE","TRUE","Site QA","Area Ready","WING B1","B.88 BED","Walls / Ceiling","Gyprock"
"c3ad333f-61af-5b26-bbe8-25a4e5977d27","","checkpoint-status","not-started","","","TRUE","TRUE","Site QA","Area Ready","WING B1","B.88 BED","Walls / Ceiling","Plastered"
"204124c4-f88f-50b7-adf7-53be1c88b93a","","checkpoint-status","not-started","","","TRUE","TRUE","Site QA","Area Ready","WING B1","B.88 BED","Walls / Ceiling","Plaster Sanded"
"628ddd4b-cd1a-5ae2-8a31-8e97102597e8","","checkpoint-status","not-started","","","TRUE","TRUE","Site QA","Area Ready","WING B1","B.88 BED","Walls / Ceiling","Painted"
"da382eb8-f31c-4c5b-9ed6-430fa6b6d134","","checklist-sectioned","not-started","Area Ready Checklist","checklist","FALSE","FALSE","Site QA","Area Ready","WING B1","B.88A ENSUITE"
"97414da7-e691-5b67-928e-ca3d11c62053","","checkpoint-group","not-started","","","FALSE","FALSE","Site QA","Area Ready","WING B1","B.88A ENSUITE","Substrate"
"56429270-5f87-5a36-b4f0-6af7230a1724","","checkpoint-status","not-started","","","TRUE","TRUE","Site QA","Area Ready","WING B1","B.88A ENSUITE","Substrate","Substrate Acceptable"
"ce3b5359-46dd-5aa1-803b-4a8cd2946b10","","checkpoint-status","not-started","","","TRUE","TRUE","Site QA","Area Ready","WING B1","B.88A ENSUITE","Substrate","Wet Area Screed Installed"
"4fc5e407-5bb2-5498-90ef-a6f1644fcdfb","","checkpoint-group","not-started","","","FALSE","FALSE","Site QA","Area Ready","WING B1","B.88A ENSUITE","Walls / Ceiling"
"514d6ee9-9bfc-5fc1-9d74-356f5d5de044","","checkpoint-status","not-started","","","TRUE","TRUE","Site QA","Area Ready","WING B1","B.88A ENSUITE","Walls / Ceiling","Ceiling Installed"
"1d785156-775d-5038-a55a-9be2bff9aa90","","checkpoint-status","not-started","","","TRUE","TRUE","Site QA","Area Ready","WING B1","B.88A ENSUITE","Walls / Ceiling","Gyprock"
"18aaad65-e761-5a79-b5ec-73ac9e67dd54","","checkpoint-status","not-started","","","TRUE","TRUE","Site QA","Area Ready","WING B1","B.88A ENSUITE","Walls / Ceiling","Plastered"
"6fcf7b0a-cb6d-552d-8fbe-2c80754baf89","","checkpoint-status","not-started","","","TRUE","TRUE","Site QA","Area Ready","WING B1","B.88A ENSUITE","Walls / Ceiling","Plaster Sanded"
"b4f2dd83-7375-57d4-bc1a-ed44f93e4652","","checkpoint-status","not-started","","","TRUE","TRUE","Site QA","Area Ready","WING B1","B.88A ENSUITE","Walls / Ceiling","Painted"
"e6f5e177-c365-4ca0-a716-06be86a3bd15","","checklist-sectioned","not-started","Area Ready Checklist","checklist","FALSE","FALSE","Site QA","Area Ready","WING B1","CORRIDOR AND LOUNGE"
"9efb7848-7b55-5bcf-814d-8c43f3f77a8c","","checkpoint-group","not-started","","","FALSE","FALSE","Site QA","Area Ready","WING B1","CORRIDOR AND LOUNGE","Substrate"
"7ac863fe-81ab-57f6-8f36-bd00a7535e4d","","checkpoint-status","not-started","","","TRUE","TRUE","Site QA","Area Ready","WING B1","CORRIDOR AND LOUNGE","Substrate","Substrate Acceptable"
"554c2557-fb25-5a37-ba5c-de49b3f17ff7","","checkpoint-status","not-started","","","TRUE","TRUE","Site QA","Area Ready","WING B1","CORRIDOR AND LOUNGE","Substrate","Wet Area Screed Installed"
"4136a3fd-e6c0-50dc-b601-0125e27642dc","","checkpoint-group","not-started","","","FALSE","FALSE","Site QA","Area Ready","WING B1","CORRIDOR AND LOUNGE","Walls / Ceiling"
"bc517ab4-d1a6-5ccd-b47f-0d2c02b9d5fd","","checkpoint-status","not-started","","","TRUE","TRUE","Site QA","Area Ready","WING B1","CORRIDOR AND LOUNGE","Walls / Ceiling","Ceiling Installed"
"b7af95dc-8a35-594f-9349-1837ff598283","","checkpoint-status","not-started","","","TRUE","TRUE","Site QA","Area Ready","WING B1","CORRIDOR AND LOUNGE","Walls / Ceiling","Gyprock"
"7c47e849-189b-54a9-b5b1-68d18b52a7cc","","checkpoint-status","not-started","","","TRUE","TRUE","Site QA","Area Ready","WING B1","CORRIDOR AND LOUNGE","Walls / Ceiling","Plastered"
"76f1d5a9-0426-5260-9535-8a991c195813","","checkpoint-status","not-started","","","TRUE","TRUE","Site QA","Area Ready","WING B1","CORRIDOR AND LOUNGE","Walls / Ceiling","Plaster Sanded"
"18b3e2ea-9607-535c-8e77-7a7494fa99ce","","checkpoint-status","not-started","","","TRUE","TRUE","Site QA","Area Ready","WING B1","CORRIDOR AND LOUNGE","Walls / Ceiling","Painted"
"1c5816f2-94b1-4947-af1b-b8da1e5fc307","","checklist-sectioned","not-started","Area Ready Checklist","checklist","FALSE","FALSE","Site QA","Area Ready","WING B1","CORRIDOR, LINEN AND SITTING"
"495208af-74f3-50bc-bf59-152fe97cb105","","checkpoint-group","not-started","","","FALSE","FALSE","Site QA","Area Ready","WING B1","CORRIDOR, LINEN AND SITTING","Substrate"
"a9cf9053-dc5d-5016-8def-8495350d2119","","checkpoint-status","not-started","","","TRUE","TRUE","Site QA","Area Ready","WING B1","CORRIDOR, LINEN AND SITTING","Substrate","Substrate Acceptable"
"248ef260-4685-5c7a-adfd-2ac2ad581034","","checkpoint-status","not-started","","","TRUE","TRUE","Site QA","Area Ready","WING B1","CORRIDOR, LINEN AND SITTING","Substrate","Wet Area Screed Installed"
"3b5c2350-1df0-50bd-a89c-905cb7124b96","","checkpoint-group","not-started","","","FALSE","FALSE","Site QA","Area Ready","WING B1","CORRIDOR, LINEN AND SITTING","Walls / Ceiling"
"57e364d7-c970-5bc1-afb4-028bf7812b9a","","checkpoint-status","not-started","","","TRUE","TRUE","Site QA","Area Ready","WING B1","CORRIDOR, LINEN AND SITTING","Walls / Ceiling","Ceiling Installed"
"2e6974fc-f011-54e2-8fdc-298851accb51","","checkpoint-status","not-started","","","TRUE","TRUE","Site QA","Area Ready","WING B1","CORRIDOR, LINEN AND SITTING","Walls / Ceiling","Gyprock"
"a599d581-4776-53f2-9277-940d43fe13b4","","checkpoint-status","not-started","","","TRUE","TRUE","Site QA","Area Ready","WING B1","CORRIDOR, LINEN AND SITTING","Walls / Ceiling","Plastered"
"e32a8987-3ef0-5423-8d52-fe316ee4ebbb","","checkpoint-status","not-started","","","TRUE","TRUE","Site QA","Area Ready","WING B1","CORRIDOR, LINEN AND SITTING","Walls / Ceiling","Plaster Sanded"
"5e8734ad-82dd-5e49-958e-8dc573bbf51b","","checkpoint-status","not-started","","","TRUE","TRUE","Site QA","Area Ready","WING B1","CORRIDOR, LINEN AND SITTING","Walls / Ceiling","Painted"
"c8a9064d-d441-4354-9fb1-cf3dc41d2121","","folder-normal","not-started","","step","TRUE","FALSE","Site QA","Area Ready","WING B2"
"301a7932-e65f-43d2-a9b5-642193d922d1","","checklist-sectioned","not-started","Area Ready Checklist","checklist","FALSE","FALSE","Site QA","Area Ready","WING B2","B.01 ACCESS BED"
"59ee99c3-11a0-5aa2-8d52-42059a5c4989","","checkpoint-group","not-started","","","FALSE","FALSE","Site QA","Area Ready","WING B2","B.01 ACCESS BED","Substrate"
"e19e724a-ef33-553e-b07d-c3f0829324af","","checkpoint-status","not-started","","","TRUE","TRUE","Site QA","Area Ready","WING B2","B.01 ACCESS BED","Substrate","Substrate Acceptable"
"da9d7acd-3436-587e-806f-e7b3edad3ff6","","checkpoint-status","not-started","","","TRUE","TRUE","Site QA","Area Ready","WING B2","B.01 ACCESS BED","Substrate","Wet Area Screed Installed"
"5bf5bd79-b19d-571a-a6c1-72b6625795ed","","checkpoint-group","not-started","","","FALSE","FALSE","Site QA","Area Ready","WING B2","B.01 ACCESS BED","Walls / Ceiling"
"af39a56f-65b9-5eb0-8ee2-b8b23e5427f6","","checkpoint-status","not-started","","","TRUE","TRUE","Site QA","Area Ready","WING B2","B.01 ACCESS BED","Walls / Ceiling","Ceiling Installed"
"fac208cc-e739-5048-b046-4f1915b1f556","","checkpoint-status","not-started","","","TRUE","TRUE","Site QA","Area Ready","WING B2","B.01 ACCESS BED","Walls / Ceiling","Gyprock"
"f13587a3-267f-5a4b-a64f-104c8c95c7c9","","checkpoint-status","not-started","","","TRUE","TRUE","Site QA","Area Ready","WING B2","B.01 ACCESS BED","Walls / Ceiling","Plastered"
"fabd086d-727c-586e-b037-1d0448aba294","","checkpoint-status","not-started","","","TRUE","TRUE","Site QA","Area Ready","WING B2","B.01 ACCESS BED","Walls / Ceiling","Plaster Sanded"
"1d21db66-e013-5337-ae9f-b17146049bda","","checkpoint-status","not-started","","","TRUE","TRUE","Site QA","Area Ready","WING B2","B.01 ACCESS BED","Walls / Ceiling","Painted"
"2bd3e0d4-dc9f-4b4c-a1ab-7ccc9039ac58","","checklist-sectioned","not-started","Area Ready Checklist","checklist","FALSE","FALSE","Site QA","Area Ready","WING B2","B.01A ACCESS ENSUITE"
"02735f15-bd99-50ff-82de-0ad80e13fb5a","","checkpoint-group","not-started","","","FALSE","FALSE","Site QA","Area Ready","WING B2","B.01A ACCESS ENSUITE","Substrate"
"b95a2122-7ceb-5b06-a471-e3788b48af5d","","checkpoint-status","not-started","","","TRUE","TRUE","Site QA","Area Ready","WING B2","B.01A ACCESS ENSUITE","Substrate","Substrate Acceptable"
"bd4068c1-26e5-5b85-947b-5c2efbda7158","","checkpoint-status","not-started","","","TRUE","TRUE","Site QA","Area Ready","WING B2","B.01A ACCESS ENSUITE","Substrate","Wet Area Screed Installed"
"cfe46c1a-a9aa-5f10-a152-4ff02a773f51","","checkpoint-group","not-started","","","FALSE","FALSE","Site QA","Area Ready","WING B2","B.01A ACCESS ENSUITE","Walls / Ceiling"
"b67cd925-f126-5082-be5c-b8b2e9cd2d82","","checkpoint-status","not-started","","","TRUE","TRUE","Site QA","Area Ready","WING B2","B.01A ACCESS ENSUITE","Walls / Ceiling","Ceiling Installed"
"2fca41bf-5a6a-549e-abcd-3176234b7f43","","checkpoint-status","not-started","","","TRUE","TRUE","Site QA","Area Ready","WING B2","B.01A ACCESS ENSUITE","Walls / Ceiling","Gyprock"
"8049322e-9291-5dbe-89e8-bb783552fed1","","checkpoint-status","not-started","","","TRUE","TRUE","Site QA","Area Ready","WING B2","B.01A ACCESS ENSUITE","Walls / Ceiling","Plastered"
"15053982-6b5c-55a5-a0ea-fa244f13fbcd","","checkpoint-status","not-started","","","TRUE","TRUE","Site QA","Area Ready","WING B2","B.01A ACCESS ENSUITE","Walls / Ceiling","Plaster Sanded"
"ddcd82d6-c121-5808-9957-26fd9ca663e3","","checkpoint-status","not-started","","","TRUE","TRUE","Site QA","Area Ready","WING B2","B.01A ACCESS ENSUITE","Walls / Ceiling","Painted"
"5e92b515-7e0d-480a-8e2e-bf846d9f5598","","checklist-sectioned","not-started","Area Ready Checklist","checklist","FALSE","FALSE","Site QA","Area Ready","WING B2","B.02 BED"
"7e177eca-f4c9-5d2f-b24f-5a8b2e40e9ba","","checkpoint-group","not-started","","","FALSE","FALSE","Site QA","Area Ready","WING B2","B.02 BED","Substrate"
"d7763bcd-8572-5305-ac4a-15de25023371","","checkpoint-status","not-started","","","TRUE","TRUE","Site QA","Area Ready","WING B2","B.02 BED","Substrate","Substrate Acceptable"
"c3bcd80b-c784-5edb-8a61-67837268e2d7","","checkpoint-status","not-started","","","TRUE","TRUE","Site QA","Area Ready","WING B2","B.02 BED","Substrate","Wet Area Screed Installed"
"259779f0-01f5-5358-91c7-d345008157f1","","checkpoint-group","not-started","","","FALSE","FALSE","Site QA","Area Ready","WING B2","B.02 BED","Walls / Ceiling"
"825c99d5-7a8b-5e3d-ba52-f8d831c5441d","","checkpoint-status","not-started","","","TRUE","TRUE","Site QA","Area Ready","WING B2","B.02 BED","Walls / Ceiling","Ceiling Installed"
"f897d215-8623-51bb-8329-1187ed33b173","","checkpoint-status","not-started","","","TRUE","TRUE","Site QA","Area Ready","WING B2","B.02 BED","Walls / Ceiling","Gyprock"
"e6019acb-bd6a-52d9-a8df-708893789b05","","checkpoint-status","not-started","","","TRUE","TRUE","Site QA","Area Ready","WING B2","B.02 BED","Walls / Ceiling","Plastered"
"2ea54725-f1b9-555e-a5b1-01a7051f5561","","checkpoint-status","not-started","","","TRUE","TRUE","Site QA","Area Ready","WING B2","B.02 BED","Walls / Ceiling","Plaster Sanded"
"c80c5bbd-fdc6-5d0a-b1ca-e33655d75e0c","","checkpoint-status","not-started","","","TRUE","TRUE","Site QA","Area Ready","WING B2","B.02 BED","Walls / Ceiling","Painted"
"deaac1e4-763d-4722-8fcd-b6716abcc5bf","","checklist-sectioned","not-started","Area Ready Checklist","checklist","FALSE","FALSE","Site QA","Area Ready","WING B2","B.02A ENSUITE"
"b3c47837-9cb9-5af7-b2a5-d241f7d6e749","","checkpoint-group","not-started","","","FALSE","FALSE","Site QA","Area Ready","WING B2","B.02A ENSUITE","Substrate"
"8c6b99a4-2e9a-5830-a3cb-856964d93f1e","","checkpoint-status","not-started","","","TRUE","TRUE","Site QA","Area Ready","WING B2","B.02A ENSUITE","Substrate","Substrate Acceptable"
"4bdbdc31-b40a-573d-a509-b41d4c8ef74b","","checkpoint-status","not-started","","","TRUE","TRUE","Site QA","Area Ready","WING B2","B.02A ENSUITE","Substrate","Wet Area Screed Installed"
"fccdb88d-4a58-5064-8780-5e971f352192","","checkpoint-group","not-started","","","FALSE","FALSE","Site QA","Area Ready","WING B2","B.02A ENSUITE","Walls / Ceiling"
"55ed8401-e579-5492-ba97-a91227f3aebf","","checkpoint-status","not-started","","","TRUE","TRUE","Site QA","Area Ready","WING B2","B.02A ENSUITE","Walls / Ceiling","Ceiling Installed"
"5a2f574f-77c4-529a-92ca-c95be4415c44","","checkpoint-status","not-started","","","TRUE","TRUE","Site QA","Area Ready","WING B2","B.02A ENSUITE","Walls / Ceiling","Gyprock"
"3c98ceca-c164-5133-a8a3-16d15d572430","","checkpoint-status","not-started","","","TRUE","TRUE","Site QA","Area Ready","WING B2","B.02A ENSUITE","Walls / Ceiling","Plastered"
"1e2791bb-1d4d-54c7-a93e-bf055caf2195","","checkpoint-status","not-started","","","TRUE","TRUE","Site QA","Area Ready","WING B2","B.02A ENSUITE","Walls / Ceiling","Plaster Sanded"
"294ebea4-6988-5e04-b44c-7d5096f620c3","","checkpoint-status","not-started","","","TRUE","TRUE","Site QA","Area Ready","WING B2","B.02A ENSUITE","Walls / Ceiling","Painted"
"ac6eaa2b-b2ec-428c-8b49-a9c308d820c9","","checklist-sectioned","not-started","Area Ready Checklist","checklist","FALSE","FALSE","Site QA","Area Ready","WING B2","B.03 BED"
"0e4bae2f-53bd-50da-bba8-745b9ce9de07","","checkpoint-group","not-started","","","FALSE","FALSE","Site QA","Area Ready","WING B2","B.03 BED","Substrate"
"5923fda9-62d0-52d3-ba29-031cb00478a6","","checkpoint-status","not-started","","","TRUE","TRUE","Site QA","Area Ready","WING B2","B.03 BED","Substrate","Substrate Acceptable"
"b9c2fcf1-c60e-5a21-ada4-372b5ee929d6","","checkpoint-status","not-started","","","TRUE","TRUE","Site QA","Area Ready","WING B2","B.03 BED","Substrate","Wet Area Screed Installed"
"0d18fbe5-364e-59c0-a8d5-84945aef4460","","checkpoint-group","not-started","","","FALSE","FALSE","Site QA","Area Ready","WING B2","B.03 BED","Walls / Ceiling"
"674bd258-8efb-5d91-9e08-9aa3c20dcaff","","checkpoint-status","not-started","","","TRUE","TRUE","Site QA","Area Ready","WING B2","B.03 BED","Walls / Ceiling","Ceiling Installed"
"a9b14e72-d94e-5d89-b91e-559c5c6544a6","","checkpoint-status","not-started","","","TRUE","TRUE","Site QA","Area Ready","WING B2","B.03 BED","Walls / Ceiling","Gyprock"
"bada81f6-6dc2-5c74-9066-9c8ee4ece381","","checkpoint-status","not-started","","","TRUE","TRUE","Site QA","Area Ready","WING B2","B.03 BED","Walls / Ceiling","Plastered"
"688efa56-d94b-5247-ba7f-5872b80f1bf8","","checkpoint-status","not-started","","","TRUE","TRUE","Site QA","Area Ready","WING B2","B.03 BED","Walls / Ceiling","Plaster Sanded"
"a5e36f1f-82e9-5031-8c79-01c30da4b644","","checkpoint-status","not-started","","","TRUE","TRUE","Site QA","Area Ready","WING B2","B.03 BED","Walls / Ceiling","Painted"
"04847f83-77da-44da-8c07-896b9c5f021f","","checklist-sectioned","not-started","Area Ready Checklist","checklist","FALSE","FALSE","Site QA","Area Ready","WING B2","B.03A ENSUITE"
"0eaca66a-bd7e-5742-af05-2a7b2a10ea16","","checkpoint-group","not-started","","","FALSE","FALSE","Site QA","Area Ready","WING B2","B.03A ENSUITE","Substrate"
"31462875-c974-5b50-8d2f-2356ca98df89","","checkpoint-status","not-started","","","TRUE","TRUE","Site QA","Area Ready","WING B2","B.03A ENSUITE","Substrate","Substrate Acceptable"
"f60a75ac-4786-5013-863b-0d7360cda51e","","checkpoint-status","not-started","","","TRUE","TRUE","Site QA","Area Ready","WING B2","B.03A ENSUITE","Substrate","Wet Area Screed Installed"
"edf037d0-009f-587d-a75e-5915de6f8a4d","","checkpoint-group","not-started","","","FALSE","FALSE","Site QA","Area Ready","WING B2","B.03A ENSUITE","Walls / Ceiling"
"feba9509-80c5-59c9-8be8-a63671e90315","","checkpoint-status","not-started","","","TRUE","TRUE","Site QA","Area Ready","WING B2","B.03A ENSUITE","Walls / Ceiling","Ceiling Installed"
"400761f0-53e1-5731-a847-4e0048ab2c1f","","checkpoint-status","not-started","","","TRUE","TRUE","Site QA","Area Ready","WING B2","B.03A ENSUITE","Walls / Ceiling","Gyprock"
"258a4aee-9e52-5259-a392-46b6b7f6b351","","checkpoint-status","not-started","","","TRUE","TRUE","Site QA","Area Ready","WING B2","B.03A ENSUITE","Walls / Ceiling","Plastered"
"11072509-1b75-5031-b777-a188bc552c8e","","checkpoint-status","not-started","","","TRUE","TRUE","Site QA","Area Ready","WING B2","B.03A ENSUITE","Walls / Ceiling","Plaster Sanded"
"f78640ea-a322-5088-9203-fcd29a0a6040","","checkpoint-status","not-started","","","TRUE","TRUE","Site QA","Area Ready","WING B2","B.03A ENSUITE","Walls / Ceiling","Painted"
"5f27ef28-94c0-4cb3-8530-df90ee608dac","","checklist-sectioned","not-started","Area Ready Checklist","checklist","FALSE","FALSE","Site QA","Area Ready","WING B2","B.04 BED"
"c1ea91b6-98dc-58db-a386-5d7cde9bdd04","","checkpoint-group","not-started","","","FALSE","FALSE","Site QA","Area Ready","WING B2","B.04 BED","Substrate"
"8a0d7944-929a-5ac1-bdad-bf6302d079d9","","checkpoint-status","not-started","","","TRUE","TRUE","Site QA","Area Ready","WING B2","B.04 BED","Substrate","Substrate Acceptable"
"b68b3303-5798-5195-98a1-3377674847e6","","checkpoint-status","not-started","","","TRUE","TRUE","Site QA","Area Ready","WING B2","B.04 BED","Substrate","Wet Area Screed Installed"
"561b8520-73e4-50a4-a877-068916adcc1e","","checkpoint-group","not-started","","","FALSE","FALSE","Site QA","Area Ready","WING B2","B.04 BED","Walls / Ceiling"
"d14112d6-0fe6-5f71-9e92-743fbaaf55db","","checkpoint-status","not-started","","","TRUE","TRUE","Site QA","Area Ready","WING B2","B.04 BED","Walls / Ceiling","Ceiling Installed"
"6d989343-46c2-58dc-a11f-6f38cc0b4939","","checkpoint-status","not-started","","","TRUE","TRUE","Site QA","Area Ready","WING B2","B.04 BED","Walls / Ceiling","Gyprock"
"48f0ad67-4460-5ab4-b2eb-27129a91a4d7","","checkpoint-status","not-started","","","TRUE","TRUE","Site QA","Area Ready","WING B2","B.04 BED","Walls / Ceiling","Plastered"
"15ecac5a-5939-567a-8bf0-16892ee281ee","","checkpoint-status","not-started","","","TRUE","TRUE","Site QA","Area Ready","WING B2","B.04 BED","Walls / Ceiling","Plaster Sanded"
"6da535c4-278e-5211-9e0a-fa7b69709501","","checkpoint-status","not-started","","","TRUE","TRUE","Site QA","Area Ready","WING B2","B.04 BED","Walls / Ceiling","Painted"
"ebf8b3fe-b0d2-4a0d-b4f9-1dc2d7eb10a5","","checklist-sectioned","not-started","Area Ready Checklist","checklist","FALSE","FALSE","Site QA","Area Ready","WING B2","B.04A ENSUITE"
"9d924a56-e4f2-57a9-b856-5c58668aeab7","","checkpoint-group","not-started","","","FALSE","FALSE","Site QA","Area Ready","WING B2","B.04A ENSUITE","Substrate"
"67a2ab15-a7e3-5237-bc3b-77eeca866ca9","","checkpoint-status","not-started","","","TRUE","TRUE","Site QA","Area Ready","WING B2","B.04A ENSUITE","Substrate","Substrate Acceptable"
"52a4b192-4f5b-5584-bf54-a192445985ec","","checkpoint-status","not-started","","","TRUE","TRUE","Site QA","Area Ready","WING B2","B.04A ENSUITE","Substrate","Wet Area Screed Installed"
"c3945554-7cb2-5818-aa0d-f4ad0332e300","","checkpoint-group","not-started","","","FALSE","FALSE","Site QA","Area Ready","WING B2","B.04A ENSUITE","Walls / Ceiling"
"e3b975fe-4385-5233-8caf-d289acd15a2f","","checkpoint-status","not-started","","","TRUE","TRUE","Site QA","Area Ready","WING B2","B.04A ENSUITE","Walls / Ceiling","Ceiling Installed"
"79f8a427-6a5c-5790-a9b6-5cdb7b41e91f","","checkpoint-status","not-started","","","TRUE","TRUE","Site QA","Area Ready","WING B2","B.04A ENSUITE","Walls / Ceiling","Gyprock"
"4c878031-5846-562b-8ccb-54da6456a862","","checkpoint-status","not-started","","","TRUE","TRUE","Site QA","Area Ready","WING B2","B.04A ENSUITE","Walls / Ceiling","Plastered"
"7a8bb900-4c73-5736-ae2b-e8b303f0c1e6","","checkpoint-status","not-started","","","TRUE","TRUE","Site QA","Area Ready","WING B2","B.04A ENSUITE","Walls / Ceiling","Plaster Sanded"
"ead7c138-37b6-5a2d-a8cb-61e1399b4284","","checkpoint-status","not-started","","","TRUE","TRUE","Site QA","Area Ready","WING B2","B.04A ENSUITE","Walls / Ceiling","Painted"
"8187243f-7454-4a5b-b158-e794bc18e69d","","checklist-sectioned","not-started","Area Ready Checklist","checklist","FALSE","FALSE","Site QA","Area Ready","WING B2","B.05 BED"
"a5a5c126-cfa6-509d-9706-fe0ff5259d6a","","checkpoint-group","not-started","","","FALSE","FALSE","Site QA","Area Ready","WING B2","B.05 BED","Substrate"
"2bc47660-d80f-5896-8204-b48c4b364205","","checkpoint-status","not-started","","","TRUE","TRUE","Site QA","Area Ready","WING B2","B.05 BED","Substrate","Substrate Acceptable"
"b87e7059-c0b3-5009-98a8-15108d8d4c0f","","checkpoint-status","not-started","","","TRUE","TRUE","Site QA","Area Ready","WING B2","B.05 BED","Substrate","Wet Area Screed Installed"
"12b02d06-f765-510d-b7d9-ca88a81154d4","","checkpoint-group","not-started","","","FALSE","FALSE","Site QA","Area Ready","WING B2","B.05 BED","Walls / Ceiling"
"6b12f73f-f5c0-5fb4-aad8-73b4a0f3702c","","checkpoint-status","not-started","","","TRUE","TRUE","Site QA","Area Ready","WING B2","B.05 BED","Walls / Ceiling","Ceiling Installed"
"8d2391b1-559e-5749-9eb1-170e2d57d0da","","checkpoint-status","not-started","","","TRUE","TRUE","Site QA","Area Ready","WING B2","B.05 BED","Walls / Ceiling","Gyprock"
"06d58305-a4f5-55f8-a6c1-7eacb5064e51","","checkpoint-status","not-started","","","TRUE","TRUE","Site QA","Area Ready","WING B2","B.05 BED","Walls / Ceiling","Plastered"
"bbc13062-33ce-5335-8090-c609785917e8","","checkpoint-status","not-started","","","TRUE","TRUE","Site QA","Area Ready","WING B2","B.05 BED","Walls / Ceiling","Plaster Sanded"
"02767e3b-cda7-5888-9e60-b8402267b3e2","","checkpoint-status","not-started","","","TRUE","TRUE","Site QA","Area Ready","WING B2","B.05 BED","Walls / Ceiling","Painted"
"93bb28d3-47b4-4f22-af10-4e002b535a29","","checklist-sectioned","not-started","Area Ready Checklist","checklist","FALSE","FALSE","Site QA","Area Ready","WING B2","B.05A ENSUITE"
"703d4f87-252d-5c24-b529-a75a4a5e4f0d","","checkpoint-group","not-started","","","FALSE","FALSE","Site QA","Area Ready","WING B2","B.05A ENSUITE","Substrate"
"4d967040-6674-5863-9367-37dac630427d","","checkpoint-status","not-started","","","TRUE","TRUE","Site QA","Area Ready","WING B2","B.05A ENSUITE","Substrate","Substrate Acceptable"
"caea560c-5ee8-5e99-b6d0-eb5e225628cc","","checkpoint-status","not-started","","","TRUE","TRUE","Site QA","Area Ready","WING B2","B.05A ENSUITE","Substrate","Wet Area Screed Installed"
"19acec3c-43dc-5477-9ac7-b38e434392e0","","checkpoint-group","not-started","","","FALSE","FALSE","Site QA","Area Ready","WING B2","B.05A ENSUITE","Walls / Ceiling"
"5d3008f4-2347-5b53-85dc-69e86b088d5c","","checkpoint-status","not-started","","","TRUE","TRUE","Site QA","Area Ready","WING B2","B.05A ENSUITE","Walls / Ceiling","Ceiling Installed"
"91c67cfc-6d98-5ee5-8872-9bb92fe0a7bb","","checkpoint-status","not-started","","","TRUE","TRUE","Site QA","Area Ready","WING B2","B.05A ENSUITE","Walls / Ceiling","Gyprock"
"13f0303a-0020-587b-94c7-bb768e34b829","","checkpoint-status","not-started","","","TRUE","TRUE","Site QA","Area Ready","WING B2","B.05A ENSUITE","Walls / Ceiling","Plastered"
"3b22b484-342c-5b4a-b120-5ee763ce1aa7","","checkpoint-status","not-started","","","TRUE","TRUE","Site QA","Area Ready","WING B2","B.05A ENSUITE","Walls / Ceiling","Plaster Sanded"
"ce3e90f3-6d18-51bf-916c-ab6a5c9a36b5","","checkpoint-status","not-started","","","TRUE","TRUE","Site QA","Area Ready","WING B2","B.05A ENSUITE","Walls / Ceiling","Painted"
"77e76b97-e4ce-4ac2-a4e5-1c03deb4799b","","checklist-sectioned","not-started","Area Ready Checklist","checklist","FALSE","FALSE","Site QA","Area Ready","WING B2","B.06 BED"
"3eb20d36-1be8-532e-bc00-768fea21030a","","checkpoint-group","not-started","","","FALSE","FALSE","Site QA","Area Ready","WING B2","B.06 BED","Substrate"
"2a7f3780-e42a-53ee-9337-69c5c0c187df","","checkpoint-status","not-started","","","TRUE","TRUE","Site QA","Area Ready","WING B2","B.06 BED","Substrate","Substrate Acceptable"
"2614d140-5016-5484-a6a0-b3c65cac9ac8","","checkpoint-status","not-started","","","TRUE","TRUE","Site QA","Area Ready","WING B2","B.06 BED","Substrate","Wet Area Screed Installed"
"f9b554f3-9710-5c79-a697-8ded99b5a3c6","","checkpoint-group","not-started","","","FALSE","FALSE","Site QA","Area Ready","WING B2","B.06 BED","Walls / Ceiling"
"6fbbeb66-58ac-591b-8e7e-c93f1e4bd5a7","","checkpoint-status","not-started","","","TRUE","TRUE","Site QA","Area Ready","WING B2","B.06 BED","Walls / Ceiling","Ceiling Installed"
"0fcc019a-9ab3-56c1-8149-e685c520ae9e","","checkpoint-status","not-started","","","TRUE","TRUE","Site QA","Area Ready","WING B2","B.06 BED","Walls / Ceiling","Gyprock"
"c80f1275-45e4-5bb6-917b-92fe016a791e","","checkpoint-status","not-started","","","TRUE","TRUE","Site QA","Area Ready","WING B2","B.06 BED","Walls / Ceiling","Plastered"
"01f5fc1d-bdb3-5683-8dad-719c8cfa001c","","checkpoint-status","not-started","","","TRUE","TRUE","Site QA","Area Ready","WING B2","B.06 BED","Walls / Ceiling","Plaster Sanded"
"7ff9aac7-c81a-517c-9169-697c25d01bdf","","checkpoint-status","not-started","","","TRUE","TRUE","Site QA","Area Ready","WING B2","B.06 BED","Walls / Ceiling","Painted"
"89d48d0a-814b-49c6-968b-23666725b7ff","","checklist-sectioned","not-started","Area Ready Checklist","checklist","FALSE","FALSE","Site QA","Area Ready","WING B2","B.06A ENSUITE"
"b0e9e324-f8b7-500b-b2ee-1cfa15a54e10","","checkpoint-group","not-started","","","FALSE","FALSE","Site QA","Area Ready","WING B2","B.06A ENSUITE","Substrate"
"48c8ef59-0010-591f-bb03-f7657c1a20d0","","checkpoint-status","not-started","","","TRUE","TRUE","Site QA","Area Ready","WING B2","B.06A ENSUITE","Substrate","Substrate Acceptable"
"4661abc8-4a12-5e3b-af45-93dc446f7620","","checkpoint-status","not-started","","","TRUE","TRUE","Site QA","Area Ready","WING B2","B.06A ENSUITE","Substrate","Wet Area Screed Installed"
"772f73fc-03f8-575b-ba3d-1dc1a14cf986","","checkpoint-group","not-started","","","FALSE","FALSE","Site QA","Area Ready","WING B2","B.06A ENSUITE","Walls / Ceiling"
"4af3c905-d747-5ec6-a63c-952685d9bee3","","checkpoint-status","not-started","","","TRUE","TRUE","Site QA","Area Ready","WING B2","B.06A ENSUITE","Walls / Ceiling","Ceiling Installed"
"f2552bdf-6941-5270-9536-bbf8a752e19e","","checkpoint-status","not-started","","","TRUE","TRUE","Site QA","Area Ready","WING B2","B.06A ENSUITE","Walls / Ceiling","Gyprock"
"a235c335-50a0-56a8-84c7-41ba6c4aaafc","","checkpoint-status","not-started","","","TRUE","TRUE","Site QA","Area Ready","WING B2","B.06A ENSUITE","Walls / Ceiling","Plastered"
"2c25b12e-eff3-5dcd-85cf-836b7f3a771a","","checkpoint-status","not-started","","","TRUE","TRUE","Site QA","Area Ready","WING B2","B.06A ENSUITE","Walls / Ceiling","Plaster Sanded"
"21eae3b2-0a1a-54a9-8f33-abd15f74ae94","","checkpoint-status","not-started","","","TRUE","TRUE","Site QA","Area Ready","WING B2","B.06A ENSUITE","Walls / Ceiling","Painted"
"ff35faa4-d130-4998-b7e5-c468d5540759","","checklist-sectioned","not-started","Area Ready Checklist","checklist","FALSE","FALSE","Site QA","Area Ready","WING B2","B.07 BED"
"308feb9c-d0d3-55ac-8fab-9eaf35695b32","","checkpoint-group","not-started","","","FALSE","FALSE","Site QA","Area Ready","WING B2","B.07 BED","Substrate"
"96b45823-c3b8-598f-a294-82e7f577d67b","","checkpoint-status","not-started","","","TRUE","TRUE","Site QA","Area Ready","WING B2","B.07 BED","Substrate","Substrate Acceptable"
"c246d0eb-dde2-55f5-adaa-151f971be65b","","checkpoint-status","not-started","","","TRUE","TRUE","Site QA","Area Ready","WING B2","B.07 BED","Substrate","Wet Area Screed Installed"
"12730e53-1a15-5a4e-a552-bcf12b0588b7","","checkpoint-group","not-started","","","FALSE","FALSE","Site QA","Area Ready","WING B2","B.07 BED","Walls / Ceiling"
"f673abfd-0f5b-5828-a381-8b8eb47a5381","","checkpoint-status","not-started","","","TRUE","TRUE","Site QA","Area Ready","WING B2","B.07 BED","Walls / Ceiling","Ceiling Installed"
"fa30cdb6-808c-5527-a78f-a0619ff69bbe","","checkpoint-status","not-started","","","TRUE","TRUE","Site QA","Area Ready","WING B2","B.07 BED","Walls / Ceiling","Gyprock"
"27539521-0c2d-5748-b225-b0a76fd90cbe","","checkpoint-status","not-started","","","TRUE","TRUE","Site QA","Area Ready","WING B2","B.07 BED","Walls / Ceiling","Plastered"
"8ed2be45-2646-5a8f-87b6-d0e7b8e0d3b1","","checkpoint-status","not-started","","","TRUE","TRUE","Site QA","Area Ready","WING B2","B.07 BED","Walls / Ceiling","Plaster Sanded"
"a8d645e2-f17d-5e96-bbf3-640980d3224d","","checkpoint-status","not-started","","","TRUE","TRUE","Site QA","Area Ready","WING B2","B.07 BED","Walls / Ceiling","Painted"
"516ebad4-0f4a-476a-b585-e888aba634ce","","checklist-sectioned","not-started","Area Ready Checklist","checklist","FALSE","FALSE","Site QA","Area Ready","WING B2","B.07A ENSUITE"
"d6d5fe78-6ccf-5854-b033-d1a86809a67a","","checkpoint-group","not-started","","","FALSE","FALSE","Site QA","Area Ready","WING B2","B.07A ENSUITE","Substrate"
"271c393a-abaa-5949-a322-f21555dee015","","checkpoint-status","not-started","","","TRUE","TRUE","Site QA","Area Ready","WING B2","B.07A ENSUITE","Substrate","Substrate Acceptable"
"d29078bc-df16-5055-8752-5bd20854dc60","","checkpoint-status","not-started","","","TRUE","TRUE","Site QA","Area Ready","WING B2","B.07A ENSUITE","Substrate","Wet Area Screed Installed"
"3df4d524-6051-5d95-91ef-f2340dc170ee","","checkpoint-group","not-started","","","FALSE","FALSE","Site QA","Area Ready","WING B2","B.07A ENSUITE","Walls / Ceiling"
"5801e813-35a9-52b4-b8d7-85811d23adb6","","checkpoint-status","not-started","","","TRUE","TRUE","Site QA","Area Ready","WING B2","B.07A ENSUITE","Walls / Ceiling","Ceiling Installed"
"ba931e60-3137-5148-bb75-a287372076c9","","checkpoint-status","not-started","","","TRUE","TRUE","Site QA","Area Ready","WING B2","B.07A ENSUITE","Walls / Ceiling","Gyprock"
"f08490db-ccfe-5fe8-a20e-e75136732317","","checkpoint-status","not-started","","","TRUE","TRUE","Site QA","Area Ready","WING B2","B.07A ENSUITE","Walls / Ceiling","Plastered"
"a12fa421-10c1-5930-bf2f-ede495be5bea","","checkpoint-status","not-started","","","TRUE","TRUE","Site QA","Area Ready","WING B2","B.07A ENSUITE","Walls / Ceiling","Plaster Sanded"
"4af141b5-2c38-52e3-aba1-6d640b61b411","","checkpoint-status","not-started","","","TRUE","TRUE","Site QA","Area Ready","WING B2","B.07A ENSUITE","Walls / Ceiling","Painted"
"fdf8372e-d491-45ae-ad16-02114e213837","","checklist-sectioned","not-started","Area Ready Checklist","checklist","FALSE","FALSE","Site QA","Area Ready","WING B2","B.08 BED"
"f12a9aae-ba28-5fae-9e47-e4552f897065","","checkpoint-group","not-started","","","FALSE","FALSE","Site QA","Area Ready","WING B2","B.08 BED","Substrate"
"72e4ad30-8fb8-5132-b080-00ade0cc2514","","checkpoint-status","not-started","","","TRUE","TRUE","Site QA","Area Ready","WING B2","B.08 BED","Substrate","Substrate Acceptable"
"46e8ea8c-5d7a-5d80-b73f-065c18d6f43d","","checkpoint-status","not-started","","","TRUE","TRUE","Site QA","Area Ready","WING B2","B.08 BED","Substrate","Wet Area Screed Installed"
"b1446cf6-12e4-5813-8064-f6c6465eee19","","checkpoint-group","not-started","","","FALSE","FALSE","Site QA","Area Ready","WING B2","B.08 BED","Walls / Ceiling"
"28ff1a11-109e-5d97-b96a-aa281713400f","","checkpoint-status","not-started","","","TRUE","TRUE","Site QA","Area Ready","WING B2","B.08 BED","Walls / Ceiling","Ceiling Installed"
"811e270d-07e0-5d99-bc49-dfd9a57c7614","","checkpoint-status","not-started","","","TRUE","TRUE","Site QA","Area Ready","WING B2","B.08 BED","Walls / Ceiling","Gyprock"
"9fd9f2c0-6324-59f8-93d7-20ae478ab776","","checkpoint-status","not-started","","","TRUE","TRUE","Site QA","Area Ready","WING B2","B.08 BED","Walls / Ceiling","Plastered"
"48fce5d7-0219-5822-b2d0-134bbbc62509","","checkpoint-status","not-started","","","TRUE","TRUE","Site QA","Area Ready","WING B2","B.08 BED","Walls / Ceiling","Plaster Sanded"
"fb2a23f6-bb6f-5018-b2e2-d98dbe3ce6f9","","checkpoint-status","not-started","","","TRUE","TRUE","Site QA","Area Ready","WING B2","B.08 BED","Walls / Ceiling","Painted"
"916d4788-9323-4f47-a8ed-733608413ac8","","checklist-sectioned","not-started","Area Ready Checklist","checklist","FALSE","FALSE","Site QA","Area Ready","WING B2","B.08A ENSUITE"
"bc9c66e4-e2fa-5c33-965e-049bdba02a1b","","checkpoint-group","not-started","","","FALSE","FALSE","Site QA","Area Ready","WING B2","B.08A ENSUITE","Substrate"
"6171f20e-0660-5d3b-bae6-afef9a780e1c","","checkpoint-status","not-started","","","TRUE","TRUE","Site QA","Area Ready","WING B2","B.08A ENSUITE","Substrate","Substrate Acceptable"
"66a491a0-f018-57f1-8403-db45a718007f","","checkpoint-status","not-started","","","TRUE","TRUE","Site QA","Area Ready","WING B2","B.08A ENSUITE","Substrate","Wet Area Screed Installed"
"19336960-9d3c-5cea-a003-d8fd4d47e376","","checkpoint-group","not-started","","","FALSE","FALSE","Site QA","Area Ready","WING B2","B.08A ENSUITE","Walls / Ceiling"
"0bfe8156-6879-50a7-9e9a-38c534862471","","checkpoint-status","not-started","","","TRUE","TRUE","Site QA","Area Ready","WING B2","B.08A ENSUITE","Walls / Ceiling","Ceiling Installed"
"0a884858-772d-5870-92d8-34c758cfd6bc","","checkpoint-status","not-started","","","TRUE","TRUE","Site QA","Area Ready","WING B2","B.08A ENSUITE","Walls / Ceiling","Gyprock"
"beb689b2-28e2-5723-ae0f-3e53e7059e43","","checkpoint-status","not-started","","","TRUE","TRUE","Site QA","Area Ready","WING B2","B.08A ENSUITE","Walls / Ceiling","Plastered"
"c985d0f9-0f84-5b35-b1fc-20180b20d345","","checkpoint-status","not-started","","","TRUE","TRUE","Site QA","Area Ready","WING B2","B.08A ENSUITE","Walls / Ceiling","Plaster Sanded"
"f23635e7-23ee-520c-b22c-302a6bbe1adf","","checkpoint-status","not-started","","","TRUE","TRUE","Site QA","Area Ready","WING B2","B.08A ENSUITE","Walls / Ceiling","Painted"
"8df96673-7f98-4e7b-8f37-b8cd8911a43a","","checklist-sectioned","not-started","Area Ready Checklist","checklist","FALSE","FALSE","Site QA","Area Ready","WING B2","B.09 BED"
"1db2fa07-4d67-57fc-a09f-e23d626a6cbd","","checkpoint-group","not-started","","","FALSE","FALSE","Site QA","Area Ready","WING B2","B.09 BED","Substrate"
"61ee9f8b-f7a9-5df8-aa2a-b3d671468db2","","checkpoint-status","not-started","","","TRUE","TRUE","Site QA","Area Ready","WING B2","B.09 BED","Substrate","Substrate Acceptable"
"94534f5c-51b2-5f6c-83cf-b0be6f8ba9cb","","checkpoint-status","not-started","","","TRUE","TRUE","Site QA","Area Ready","WING B2","B.09 BED","Substrate","Wet Area Screed Installed"
"e7bd217c-979b-526d-bf38-492734ec3057","","checkpoint-group","not-started","","","FALSE","FALSE","Site QA","Area Ready","WING B2","B.09 BED","Walls / Ceiling"
"145d5d9c-e69f-51b9-a53c-19260b379df2","","checkpoint-status","not-started","","","TRUE","TRUE","Site QA","Area Ready","WING B2","B.09 BED","Walls / Ceiling","Ceiling Installed"
"d2a57f8f-e0f0-5cf1-b181-dbb5ed52a7e4","","checkpoint-status","not-started","","","TRUE","TRUE","Site QA","Area Ready","WING B2","B.09 BED","Walls / Ceiling","Gyprock"
"58f7b5d5-ba52-51b9-b137-d4fa14853ddc","","checkpoint-status","not-started","","","TRUE","TRUE","Site QA","Area Ready","WING B2","B.09 BED","Walls / Ceiling","Plastered"
"5b4c8a52-74ff-5800-843e-c28405e0161c","","checkpoint-status","not-started","","","TRUE","TRUE","Site QA","Area Ready","WING B2","B.09 BED","Walls / Ceiling","Plaster Sanded"
"58961291-b113-5890-b4cf-cc0e8441eec0","","checkpoint-status","not-started","","","TRUE","TRUE","Site QA","Area Ready","WING B2","B.09 BED","Walls / Ceiling","Painted"
"37bd5acd-0ace-4ef9-a6d0-d958021b43fe","","checklist-sectioned","not-started","Area Ready Checklist","checklist","FALSE","FALSE","Site QA","Area Ready","WING B2","B.09A ENSUITE"
"a24b8605-ab57-57d5-b06a-c703aefdde13","","checkpoint-group","not-started","","","FALSE","FALSE","Site QA","Area Ready","WING B2","B.09A ENSUITE","Substrate"
"0ccf02d2-ef82-5c84-93bf-4619ee466a2e","","checkpoint-status","not-started","","","TRUE","TRUE","Site QA","Area Ready","WING B2","B.09A ENSUITE","Substrate","Substrate Acceptable"
"f5bbbde8-b216-5696-874c-4be4b1f8f6f2","","checkpoint-status","not-started","","","TRUE","TRUE","Site QA","Area Ready","WING B2","B.09A ENSUITE","Substrate","Wet Area Screed Installed"
"546d720e-c503-5fe7-be07-37a0a88ebd06","","checkpoint-group","not-started","","","FALSE","FALSE","Site QA","Area Ready","WING B2","B.09A ENSUITE","Walls / Ceiling"
"efadde2b-22fe-5061-b7c7-8f53caf39d69","","checkpoint-status","not-started","","","TRUE","TRUE","Site QA","Area Ready","WING B2","B.09A ENSUITE","Walls / Ceiling","Ceiling Installed"
"bd9f977c-8f4c-5e24-b336-6e8a803e2039","","checkpoint-status","not-started","","","TRUE","TRUE","Site QA","Area Ready","WING B2","B.09A ENSUITE","Walls / Ceiling","Gyprock"
"dee32613-eb61-5b5f-b99a-82bb55d5f97b","","checkpoint-status","not-started","","","TRUE","TRUE","Site QA","Area Ready","WING B2","B.09A ENSUITE","Walls / Ceiling","Plastered"
"290419d5-e193-514c-bffc-dfccc60dcf44","","checkpoint-status","not-started","","","TRUE","TRUE","Site QA","Area Ready","WING B2","B.09A ENSUITE","Walls / Ceiling","Plaster Sanded"
"97e7a4dd-c270-5ebc-a391-653ce6f428f4","","checkpoint-status","not-started","","","TRUE","TRUE","Site QA","Area Ready","WING B2","B.09A ENSUITE","Walls / Ceiling","Painted"
"4c6bbdeb-d564-45cd-bca7-8daa66273a22","","checklist-sectioned","not-started","Area Ready Checklist","checklist","FALSE","FALSE","Site QA","Area Ready","WING B2","B.10 BED"
"afe75c32-da42-52f3-a8a2-3af283abe69a","","checkpoint-group","not-started","","","FALSE","FALSE","Site QA","Area Ready","WING B2","B.10 BED","Substrate"
"1a29cb45-361d-59e6-b4f5-e11da736d7fc","","checkpoint-status","not-started","","","TRUE","TRUE","Site QA","Area Ready","WING B2","B.10 BED","Substrate","Substrate Acceptable"
"8be35a1e-55a9-577a-97a3-072d432913b3","","checkpoint-status","not-started","","","TRUE","TRUE","Site QA","Area Ready","WING B2","B.10 BED","Substrate","Wet Area Screed Installed"
"1cc8ed07-859b-5bd0-a51e-468bd2474e5c","","checkpoint-group","not-started","","","FALSE","FALSE","Site QA","Area Ready","WING B2","B.10 BED","Walls / Ceiling"
"da347a85-55af-5eff-8232-052ced650ecc","","checkpoint-status","not-started","","","TRUE","TRUE","Site QA","Area Ready","WING B2","B.10 BED","Walls / Ceiling","Ceiling Installed"
"615b9994-c5e0-596b-b06f-ac6823e9fdd7","","checkpoint-status","not-started","","","TRUE","TRUE","Site QA","Area Ready","WING B2","B.10 BED","Walls / Ceiling","Gyprock"
"cbcf2a2f-eb20-547f-baf7-0965723e8432","","checkpoint-status","not-started","","","TRUE","TRUE","Site QA","Area Ready","WING B2","B.10 BED","Walls / Ceiling","Plastered"
"ac58673a-0f25-5ca7-a95d-b18a6453245d","","checkpoint-status","not-started","","","TRUE","TRUE","Site QA","Area Ready","WING B2","B.10 BED","Walls / Ceiling","Plaster Sanded"
"cb0dadcc-b8ad-5ca6-8d52-08126831774f","","checkpoint-status","not-started","","","TRUE","TRUE","Site QA","Area Ready","WING B2","B.10 BED","Walls / Ceiling","Painted"
"5e506437-b128-40f8-a1be-675bbe35e71e","","checklist-sectioned","not-started","Area Ready Checklist","checklist","FALSE","FALSE","Site QA","Area Ready","WING B2","B.10A ENSUITE"
"8c2a1078-02bc-5167-a626-5e777f4b69cf","","checkpoint-group","not-started","","","FALSE","FALSE","Site QA","Area Ready","WING B2","B.10A ENSUITE","Substrate"
"11b2efd5-cc3e-5b69-898f-59daee42e084","","checkpoint-status","not-started","","","TRUE","TRUE","Site QA","Area Ready","WING B2","B.10A ENSUITE","Substrate","Substrate Acceptable"
"88fe0540-b9dc-53a2-93ee-aec6a3c44385","","checkpoint-status","not-started","","","TRUE","TRUE","Site QA","Area Ready","WING B2","B.10A ENSUITE","Substrate","Wet Area Screed Installed"
"48040095-8fa8-5cd0-af96-0bfdc9bc6682","","checkpoint-group","not-started","","","FALSE","FALSE","Site QA","Area Ready","WING B2","B.10A ENSUITE","Walls / Ceiling"
"6bfb0870-b962-5d03-acac-edb6e58561b3","","checkpoint-status","not-started","","","TRUE","TRUE","Site QA","Area Ready","WING B2","B.10A ENSUITE","Walls / Ceiling","Ceiling Installed"
"1cd64b90-594b-5dc7-b4ab-28d6dba7f7a5","","checkpoint-status","not-started","","","TRUE","TRUE","Site QA","Area Ready","WING B2","B.10A ENSUITE","Walls / Ceiling","Gyprock"
"cbc1cec4-a932-5063-b145-7b6b6a0744df","","checkpoint-status","not-started","","","TRUE","TRUE","Site QA","Area Ready","WING B2","B.10A ENSUITE","Walls / Ceiling","Plastered"
"551a1856-54ca-5839-a229-3114362dc8fa","","checkpoint-status","not-started","","","TRUE","TRUE","Site QA","Area Ready","WING B2","B.10A ENSUITE","Walls / Ceiling","Plaster Sanded"
"1597e111-3ce2-5329-b99c-4bd734538a43","","checkpoint-status","not-started","","","TRUE","TRUE","Site QA","Area Ready","WING B2","B.10A ENSUITE","Walls / Ceiling","Painted"
"ab1bc84c-a16b-4fed-9ad1-71c61bf4fbc8","","checklist-sectioned","not-started","Area Ready Checklist","checklist","FALSE","FALSE","Site QA","Area Ready","WING B2","B.11 BED"
"04bd6c16-9ed5-55be-b4dd-709032713232","","checkpoint-group","not-started","","","FALSE","FALSE","Site QA","Area Ready","WING B2","B.11 BED","Substrate"
"fd02b75c-0a1a-57fd-a326-a198f052a428","","checkpoint-status","not-started","","","TRUE","TRUE","Site QA","Area Ready","WING B2","B.11 BED","Substrate","Substrate Acceptable"
"c8cc655f-b294-5f29-893b-47780ad449b0","","checkpoint-status","not-started","","","TRUE","TRUE","Site QA","Area Ready","WING B2","B.11 BED","Substrate","Wet Area Screed Installed"
"495de449-fe7e-583d-a2b6-96c98d99ba8d","","checkpoint-group","not-started","","","FALSE","FALSE","Site QA","Area Ready","WING B2","B.11 BED","Walls / Ceiling"
"71fd45aa-5a20-5427-9ac4-3510cf15e8f7","","checkpoint-status","not-started","","","TRUE","TRUE","Site QA","Area Ready","WING B2","B.11 BED","Walls / Ceiling","Ceiling Installed"
"ce6b10f2-b046-5269-8d74-2ff0526995d5","","checkpoint-status","not-started","","","TRUE","TRUE","Site QA","Area Ready","WING B2","B.11 BED","Walls / Ceiling","Gyprock"
"bcd29901-697d-50e0-9bfe-bfc827eef52f","","checkpoint-status","not-started","","","TRUE","TRUE","Site QA","Area Ready","WING B2","B.11 BED","Walls / Ceiling","Plastered"
"e28efbce-9d6a-5298-bb58-d73341bf3076","","checkpoint-status","not-started","","","TRUE","TRUE","Site QA","Area Ready","WING B2","B.11 BED","Walls / Ceiling","Plaster Sanded"
"2e6e6823-5d16-52f7-9872-50899e49fc0c","","checkpoint-status","not-started","","","TRUE","TRUE","Site QA","Area Ready","WING B2","B.11 BED","Walls / Ceiling","Painted"
"f6c0347c-7a95-4bb3-acc0-3c9fa23def45","","checklist-sectioned","not-started","Area Ready Checklist","checklist","FALSE","FALSE","Site QA","Area Ready","WING B2","B.11A ENSUITE"
"1431cf91-f771-579a-8fa3-9950e697a239","","checkpoint-group","not-started","","","FALSE","FALSE","Site QA","Area Ready","WING B2","B.11A ENSUITE","Substrate"
"60ab1de5-589a-5708-9e23-3bd7f780366a","","checkpoint-status","not-started","","","TRUE","TRUE","Site QA","Area Ready","WING B2","B.11A ENSUITE","Substrate","Substrate Acceptable"
"5852d047-c1ae-53f0-a77a-f78d81f6cdf3","","checkpoint-status","not-started","","","TRUE","TRUE","Site QA","Area Ready","WING B2","B.11A ENSUITE","Substrate","Wet Area Screed Installed"
"2953bdd5-7a3c-58aa-b145-07bcf00bc424","","checkpoint-group","not-started","","","FALSE","FALSE","Site QA","Area Ready","WING B2","B.11A ENSUITE","Walls / Ceiling"
"71362567-ef03-58b6-a25c-26d8e826ff61","","checkpoint-status","not-started","","","TRUE","TRUE","Site QA","Area Ready","WING B2","B.11A ENSUITE","Walls / Ceiling","Ceiling Installed"
"f8d99a24-49fc-5556-bdda-1b67a12d0762","","checkpoint-status","not-started","","","TRUE","TRUE","Site QA","Area Ready","WING B2","B.11A ENSUITE","Walls / Ceiling","Gyprock"
"a321d8aa-d83e-5771-b5c0-a8227ad056dc","","checkpoint-status","not-started","","","TRUE","TRUE","Site QA","Area Ready","WING B2","B.11A ENSUITE","Walls / Ceiling","Plastered"
"2ccec4d1-3478-57ec-9757-5f16432d02cb","","checkpoint-status","not-started","","","TRUE","TRUE","Site QA","Area Ready","WING B2","B.11A ENSUITE","Walls / Ceiling","Plaster Sanded"
"fd63128a-46b1-54eb-948d-19f923db72e8","","checkpoint-status","not-started","","","TRUE","TRUE","Site QA","Area Ready","WING B2","B.11A ENSUITE","Walls / Ceiling","Painted"
"f95f8123-c20e-41fa-bf90-0ed9318e3c7a","","checklist-sectioned","not-started","Area Ready Checklist","checklist","FALSE","FALSE","Site QA","Area Ready","WING B2","B.12 CORRIDOR"
"b1feba3c-eef9-5214-ae06-a79ffd2de8a5","","checkpoint-group","not-started","","","FALSE","FALSE","Site QA","Area Ready","WING B2","B.12 CORRIDOR","Substrate"
"4811a0d5-bf49-5887-8317-0d7e5558443c","","checkpoint-status","not-started","","","TRUE","TRUE","Site QA","Area Ready","WING B2","B.12 CORRIDOR","Substrate","Substrate Acceptable"
"e6d7f2de-5639-54db-8945-ec2e6a550ec8","","checkpoint-status","not-started","","","TRUE","TRUE","Site QA","Area Ready","WING B2","B.12 CORRIDOR","Substrate","Wet Area Screed Installed"
"f65cd14e-dfe9-5387-bc81-974c3bba173d","","checkpoint-group","not-started","","","FALSE","FALSE","Site QA","Area Ready","WING B2","B.12 CORRIDOR","Walls / Ceiling"
"c9642879-60f3-5473-88a3-613b116c5a2c","","checkpoint-status","not-started","","","TRUE","TRUE","Site QA","Area Ready","WING B2","B.12 CORRIDOR","Walls / Ceiling","Ceiling Installed"
"8e17e450-4203-5a07-b2cc-e4e09d01928c","","checkpoint-status","not-started","","","TRUE","TRUE","Site QA","Area Ready","WING B2","B.12 CORRIDOR","Walls / Ceiling","Gyprock"
"09cf7977-4686-54c3-8b65-141c1a6939e5","","checkpoint-status","not-started","","","TRUE","TRUE","Site QA","Area Ready","WING B2","B.12 CORRIDOR","Walls / Ceiling","Plastered"
"bcf54b9d-d918-5d72-a95d-7e747d0db854","","checkpoint-status","not-started","","","TRUE","TRUE","Site QA","Area Ready","WING B2","B.12 CORRIDOR","Walls / Ceiling","Plaster Sanded"
"c2b7911b-3b79-5f4d-812b-a23ee22cb8d6","","checkpoint-status","not-started","","","TRUE","TRUE","Site QA","Area Ready","WING B2","B.12 CORRIDOR","Walls / Ceiling","Painted"
"687fc33c-8aea-4022-b3cf-d878f351d14d","","checklist-sectioned","not-started","Area Ready Checklist","checklist","FALSE","FALSE","Site QA","Area Ready","WING B2","B.13 BED"
"18dcdc97-5f2f-5879-ac80-7f0dc43fb85d","","checkpoint-group","not-started","","","FALSE","FALSE","Site QA","Area Ready","WING B2","B.13 BED","Substrate"
"20c6b34f-1db5-5ac9-8ea7-e7447d496245","","checkpoint-status","not-started","","","TRUE","TRUE","Site QA","Area Ready","WING B2","B.13 BED","Substrate","Substrate Acceptable"
"7fe63839-21b9-5ad7-8974-acf32cd60dba","","checkpoint-status","not-started","","","TRUE","TRUE","Site QA","Area Ready","WING B2","B.13 BED","Substrate","Wet Area Screed Installed"
"7d7ee741-dd4e-58fc-bf3a-d82ff6ac9cac","","checkpoint-group","not-started","","","FALSE","FALSE","Site QA","Area Ready","WING B2","B.13 BED","Walls / Ceiling"
"c2cea769-d799-5524-a797-5bbc7ba8dd82","","checkpoint-status","not-started","","","TRUE","TRUE","Site QA","Area Ready","WING B2","B.13 BED","Walls / Ceiling","Ceiling Installed"
"cfffc497-91b0-594b-8338-1a0e34259566","","checkpoint-status","not-started","","","TRUE","TRUE","Site QA","Area Ready","WING B2","B.13 BED","Walls / Ceiling","Gyprock"
"460ccc83-c928-500e-b622-878816148e16","","checkpoint-status","not-started","","","TRUE","TRUE","Site QA","Area Ready","WING B2","B.13 BED","Walls / Ceiling","Plastered"
"48f76826-e186-5db4-b1b0-47f22593b200","","checkpoint-status","not-started","","","TRUE","TRUE","Site QA","Area Ready","WING B2","B.13 BED","Walls / Ceiling","Plaster Sanded"
"14830db1-3263-5004-b152-40d0e0251b4b","","checkpoint-status","not-started","","","TRUE","TRUE","Site QA","Area Ready","WING B2","B.13 BED","Walls / Ceiling","Painted"
"e18e930b-ff6e-47fd-9830-fe195ebb0c20","","checklist-sectioned","not-started","Area Ready Checklist","checklist","FALSE","FALSE","Site QA","Area Ready","WING B2","B.13A ENSUITE"
"ceee7795-432f-5fce-8e1c-63af5532aa47","","checkpoint-group","not-started","","","FALSE","FALSE","Site QA","Area Ready","WING B2","B.13A ENSUITE","Substrate"
"d1eda710-d3f8-5887-a7a5-2f1347d66afb","","checkpoint-status","not-started","","","TRUE","TRUE","Site QA","Area Ready","WING B2","B.13A ENSUITE","Substrate","Substrate Acceptable"
"f65180dd-4fe1-5260-b37c-eea3d305d60d","","checkpoint-status","not-started","","","TRUE","TRUE","Site QA","Area Ready","WING B2","B.13A ENSUITE","Substrate","Wet Area Screed Installed"
"525dda5e-865f-5bbc-8082-98d2bf6abf37","","checkpoint-group","not-started","","","FALSE","FALSE","Site QA","Area Ready","WING B2","B.13A ENSUITE","Walls / Ceiling"
"4d669261-3237-51d3-b128-e7568887e835","","checkpoint-status","not-started","","","TRUE","TRUE","Site QA","Area Ready","WING B2","B.13A ENSUITE","Walls / Ceiling","Ceiling Installed"
"07284f4c-d73a-5145-8c0c-3b416b5aec41","","checkpoint-status","not-started","","","TRUE","TRUE","Site QA","Area Ready","WING B2","B.13A ENSUITE","Walls / Ceiling","Gyprock"
"d28eb070-a18d-54b0-afb2-d9ffef629a0f","","checkpoint-status","not-started","","","TRUE","TRUE","Site QA","Area Ready","WING B2","B.13A ENSUITE","Walls / Ceiling","Plastered"
"256451f9-2fc2-5e5d-babc-d0575d894389","","checkpoint-status","not-started","","","TRUE","TRUE","Site QA","Area Ready","WING B2","B.13A ENSUITE","Walls / Ceiling","Plaster Sanded"
"d6df1446-9e2f-5569-9d5e-123182b55c88","","checkpoint-status","not-started","","","TRUE","TRUE","Site QA","Area Ready","WING B2","B.13A ENSUITE","Walls / Ceiling","Painted"
"1ee23441-fd8e-43d0-920e-3abcf21bfe13","","checklist-sectioned","not-started","Area Ready Checklist","checklist","FALSE","FALSE","Site QA","Area Ready","WING B2","B.14 BED"
"745c1781-8595-545b-9d45-280a62ccb02f","","checkpoint-group","not-started","","","FALSE","FALSE","Site QA","Area Ready","WING B2","B.14 BED","Substrate"
"89190cf7-4819-52ee-9541-e74d8b6d163a","","checkpoint-status","not-started","","","TRUE","TRUE","Site QA","Area Ready","WING B2","B.14 BED","Substrate","Substrate Acceptable"
"525bccb2-5bff-53b2-b938-ef2e0d4d9af4","","checkpoint-status","not-started","","","TRUE","TRUE","Site QA","Area Ready","WING B2","B.14 BED","Substrate","Wet Area Screed Installed"
"47477514-e210-5aa1-afba-e07c5a91f2bd","","checkpoint-group","not-started","","","FALSE","FALSE","Site QA","Area Ready","WING B2","B.14 BED","Walls / Ceiling"
"3aa3e2c3-30da-573e-9d0f-78d3063cdf8b","","checkpoint-status","not-started","","","TRUE","TRUE","Site QA","Area Ready","WING B2","B.14 BED","Walls / Ceiling","Ceiling Installed"
"4b4bf87c-70a3-51ae-969b-e84c69be34a4","","checkpoint-status","not-started","","","TRUE","TRUE","Site QA","Area Ready","WING B2","B.14 BED","Walls / Ceiling","Gyprock"
"06538064-3106-55f5-bb64-dd0c1f4300df","","checkpoint-status","not-started","","","TRUE","TRUE","Site QA","Area Ready","WING B2","B.14 BED","Walls / Ceiling","Plastered"
"4c10718b-c836-589d-835f-61f70a0ee48f","","checkpoint-status","not-started","","","TRUE","TRUE","Site QA","Area Ready","WING B2","B.14 BED","Walls / Ceiling","Plaster Sanded"
"fc1aee27-906d-54bb-b195-2a2fc77933b9","","checkpoint-status","not-started","","","TRUE","TRUE","Site QA","Area Ready","WING B2","B.14 BED","Walls / Ceiling","Painted"
"fb968f52-ecc2-4b84-8b7b-b05c79e7b6f8","","checklist-sectioned","not-started","Area Ready Checklist","checklist","FALSE","FALSE","Site QA","Area Ready","WING B2","B.14A ENSUITE"
"ea31d0c8-e5ea-579f-a2da-4c005e7a4f9e","","checkpoint-group","not-started","","","FALSE","FALSE","Site QA","Area Ready","WING B2","B.14A ENSUITE","Substrate"
"c37c82be-8083-5a3c-9649-d4a4ef007346","","checkpoint-status","not-started","","","TRUE","TRUE","Site QA","Area Ready","WING B2","B.14A ENSUITE","Substrate","Substrate Acceptable"
"dd77524a-c4db-5cfd-89e9-4954acc75cda","","checkpoint-status","not-started","","","TRUE","TRUE","Site QA","Area Ready","WING B2","B.14A ENSUITE","Substrate","Wet Area Screed Installed"
"8b8da6cf-695c-5595-9cee-f73706a87cf0","","checkpoint-group","not-started","","","FALSE","FALSE","Site QA","Area Ready","WING B2","B.14A ENSUITE","Walls / Ceiling"
"e53ca66f-2645-5707-b972-e4643e3387c6","","checkpoint-status","not-started","","","TRUE","TRUE","Site QA","Area Ready","WING B2","B.14A ENSUITE","Walls / Ceiling","Ceiling Installed"
"3dfa53b4-bfe3-5e90-84c0-17625113ee49","","checkpoint-status","not-started","","","TRUE","TRUE","Site QA","Area Ready","WING B2","B.14A ENSUITE","Walls / Ceiling","Gyprock"
"8b40e453-2a6c-5895-9647-85a6f5546b5b","","checkpoint-status","not-started","","","TRUE","TRUE","Site QA","Area Ready","WING B2","B.14A ENSUITE","Walls / Ceiling","Plastered"
"1015437b-fa9d-50e2-b14e-ad040d255d4b","","checkpoint-status","not-started","","","TRUE","TRUE","Site QA","Area Ready","WING B2","B.14A ENSUITE","Walls / Ceiling","Plaster Sanded"
"6eafde39-91cf-5b11-9aba-9c975dd2a5d3","","checkpoint-status","not-started","","","TRUE","TRUE","Site QA","Area Ready","WING B2","B.14A ENSUITE","Walls / Ceiling","Painted"
"b8991bc9-f137-432e-928e-d90a43765865","","checklist-sectioned","not-started","Area Ready Checklist","checklist","FALSE","FALSE","Site QA","Area Ready","WING B2","B.15 BED"
"c341f260-7e14-5cfe-8494-b59c5c620974","","checkpoint-group","not-started","","","FALSE","FALSE","Site QA","Area Ready","WING B2","B.15 BED","Substrate"
"971931e6-6e34-5344-b555-ec2706f3a9f4","","checkpoint-status","not-started","","","TRUE","TRUE","Site QA","Area Ready","WING B2","B.15 BED","Substrate","Substrate Acceptable"
"3b03b6c2-9d61-57a6-b9f7-9a9e657a8c1a","","checkpoint-status","not-started","","","TRUE","TRUE","Site QA","Area Ready","WING B2","B.15 BED","Substrate","Wet Area Screed Installed"
"76f504a4-e15e-519a-898b-969340cfac01","","checkpoint-group","not-started","","","FALSE","FALSE","Site QA","Area Ready","WING B2","B.15 BED","Walls / Ceiling"
"a5290945-f3d9-5193-866e-92ed35ae5d71","","checkpoint-status","not-started","","","TRUE","TRUE","Site QA","Area Ready","WING B2","B.15 BED","Walls / Ceiling","Ceiling Installed"
"029f8fbc-022c-549f-86fa-f79771c2fc7b","","checkpoint-status","not-started","","","TRUE","TRUE","Site QA","Area Ready","WING B2","B.15 BED","Walls / Ceiling","Gyprock"
"eaff8bb3-9bc1-56cd-a267-e944c0919d08","","checkpoint-status","not-started","","","TRUE","TRUE","Site QA","Area Ready","WING B2","B.15 BED","Walls / Ceiling","Plastered"
"98ef20f1-e086-5926-af80-5b9d3204a702","","checkpoint-status","not-started","","","TRUE","TRUE","Site QA","Area Ready","WING B2","B.15 BED","Walls / Ceiling","Plaster Sanded"
"574ae6f5-3f66-5b4c-9dcc-7279a233f8b6","","checkpoint-status","not-started","","","TRUE","TRUE","Site QA","Area Ready","WING B2","B.15 BED","Walls / Ceiling","Painted"
"f9ccab1d-c412-4897-9c37-377d48cc7e0c","","checklist-sectioned","not-started","Area Ready Checklist","checklist","FALSE","FALSE","Site QA","Area Ready","WING B2","B.15A ENSUITE"
"ae6c4924-9d67-550a-8c81-55dd1a54a654","","checkpoint-group","not-started","","","FALSE","FALSE","Site QA","Area Ready","WING B2","B.15A ENSUITE","Substrate"
"89051ef8-0bfa-51d4-abb0-949c1fb586c5","","checkpoint-status","not-started","","","TRUE","TRUE","Site QA","Area Ready","WING B2","B.15A ENSUITE","Substrate","Substrate Acceptable"
"8291c14a-edd7-5e23-91fe-953ce9e13435","","checkpoint-status","not-started","","","TRUE","TRUE","Site QA","Area Ready","WING B2","B.15A ENSUITE","Substrate","Wet Area Screed Installed"
"02a41d9f-cf25-5001-b470-fd77c6d054d0","","checkpoint-group","not-started","","","FALSE","FALSE","Site QA","Area Ready","WING B2","B.15A ENSUITE","Walls / Ceiling"
"7d030d84-7d7d-595f-8e7a-a62dfa79a284","","checkpoint-status","not-started","","","TRUE","TRUE","Site QA","Area Ready","WING B2","B.15A ENSUITE","Walls / Ceiling","Ceiling Installed"
"171e6672-9c32-5c23-80af-6b9b091bb357","","checkpoint-status","not-started","","","TRUE","TRUE","Site QA","Area Ready","WING B2","B.15A ENSUITE","Walls / Ceiling","Gyprock"
"e8feeba3-b451-572b-a4fd-352d0ca5fadb","","checkpoint-status","not-started","","","TRUE","TRUE","Site QA","Area Ready","WING B2","B.15A ENSUITE","Walls / Ceiling","Plastered"
"91ef497f-0400-5ed9-82f1-71ad95b8a819","","checkpoint-status","not-started","","","TRUE","TRUE","Site QA","Area Ready","WING B2","B.15A ENSUITE","Walls / Ceiling","Plaster Sanded"
"786931ef-54ca-5ff0-b69d-9fddb9a2cd08","","checkpoint-status","not-started","","","TRUE","TRUE","Site QA","Area Ready","WING B2","B.15A ENSUITE","Walls / Ceiling","Painted"
"1603191d-ea1a-4668-b348-5d591d6ef322","","checklist-sectioned","not-started","Area Ready Checklist","checklist","FALSE","FALSE","Site QA","Area Ready","WING B2","B.16 BED"
"847b3c43-1018-5cd9-9acb-fcf88da9ac2f","","checkpoint-group","not-started","","","FALSE","FALSE","Site QA","Area Ready","WING B2","B.16 BED","Substrate"
"4733b9de-6a9e-55d6-8e62-aeb28e75ef15","","checkpoint-status","not-started","","","TRUE","TRUE","Site QA","Area Ready","WING B2","B.16 BED","Substrate","Substrate Acceptable"
"d2185d96-5bfc-533f-8184-63b9f4c7e550","","checkpoint-status","not-started","","","TRUE","TRUE","Site QA","Area Ready","WING B2","B.16 BED","Substrate","Wet Area Screed Installed"
"933917b2-5725-573b-b5c5-05d5d76f6859","","checkpoint-group","not-started","","","FALSE","FALSE","Site QA","Area Ready","WING B2","B.16 BED","Walls / Ceiling"
"e3c189bb-cdec-5134-baa4-019e96911499","","checkpoint-status","not-started","","","TRUE","TRUE","Site QA","Area Ready","WING B2","B.16 BED","Walls / Ceiling","Ceiling Installed"
"8c5282b2-98a4-5332-81a1-6972e04c84c0","","checkpoint-status","not-started","","","TRUE","TRUE","Site QA","Area Ready","WING B2","B.16 BED","Walls / Ceiling","Gyprock"
"57d84b37-98ea-5cdf-8158-0492f03ddb4a","","checkpoint-status","not-started","","","TRUE","TRUE","Site QA","Area Ready","WING B2","B.16 BED","Walls / Ceiling","Plastered"
"f2ea93b1-9f5f-502d-a4cf-cb82b2c6b6bf","","checkpoint-status","not-started","","","TRUE","TRUE","Site QA","Area Ready","WING B2","B.16 BED","Walls / Ceiling","Plaster Sanded"
"aa55cd17-69d2-5140-8a1a-06c48d72f3ce","","checkpoint-status","not-started","","","TRUE","TRUE","Site QA","Area Ready","WING B2","B.16 BED","Walls / Ceiling","Painted"
"e0a9f186-82bf-4d8c-b4b4-f99ab96e08fa","","checklist-sectioned","not-started","Area Ready Checklist","checklist","FALSE","FALSE","Site QA","Area Ready","WING B2","B.16A ENSUITE"
"7e0aaf7d-2e59-5913-b442-f95f480dc917","","checkpoint-group","not-started","","","FALSE","FALSE","Site QA","Area Ready","WING B2","B.16A ENSUITE","Substrate"
"ddbca18a-f5d2-5e7b-967f-afd7f1ccda4c","","checkpoint-status","not-started","","","TRUE","TRUE","Site QA","Area Ready","WING B2","B.16A ENSUITE","Substrate","Substrate Acceptable"
"89c1c129-ca88-5c83-ab47-36c5222d9ea3","","checkpoint-status","not-started","","","TRUE","TRUE","Site QA","Area Ready","WING B2","B.16A ENSUITE","Substrate","Wet Area Screed Installed"
"539fc4ab-b57a-55d1-bbe5-8ccec510e187","","checkpoint-group","not-started","","","FALSE","FALSE","Site QA","Area Ready","WING B2","B.16A ENSUITE","Walls / Ceiling"
"19769585-3278-5b53-80f2-99322a1e5dc7","","checkpoint-status","not-started","","","TRUE","TRUE","Site QA","Area Ready","WING B2","B.16A ENSUITE","Walls / Ceiling","Ceiling Installed"
"63c894d6-558d-54f4-aa93-7b9c1aad87a6","","checkpoint-status","not-started","","","TRUE","TRUE","Site QA","Area Ready","WING B2","B.16A ENSUITE","Walls / Ceiling","Gyprock"
"b16022e4-e550-575e-8d5c-fbfa1e5d85da","","checkpoint-status","not-started","","","TRUE","TRUE","Site QA","Area Ready","WING B2","B.16A ENSUITE","Walls / Ceiling","Plastered"
"d66dc633-2c36-5016-8773-93da686451d0","","checkpoint-status","not-started","","","TRUE","TRUE","Site QA","Area Ready","WING B2","B.16A ENSUITE","Walls / Ceiling","Plaster Sanded"
"119e7a49-36ba-5b35-b533-6a738c943470","","checkpoint-status","not-started","","","TRUE","TRUE","Site QA","Area Ready","WING B2","B.16A ENSUITE","Walls / Ceiling","Painted"
"614333e1-d267-4897-b43b-da87949e7082","","checklist-sectioned","not-started","Area Ready Checklist","checklist","FALSE","FALSE","Site QA","Area Ready","WING B2","B.17 BED"
"392a3296-ca88-5e15-bf38-8ad2ec688c3d","","checkpoint-group","not-started","","","FALSE","FALSE","Site QA","Area Ready","WING B2","B.17 BED","Substrate"
"4792ec36-8807-5866-b2c8-719f260f8882","","checkpoint-status","not-started","","","TRUE","TRUE","Site QA","Area Ready","WING B2","B.17 BED","Substrate","Substrate Acceptable"
"5cfe7fa5-2c09-59aa-a70d-965330361636","","checkpoint-status","not-started","","","TRUE","TRUE","Site QA","Area Ready","WING B2","B.17 BED","Substrate","Wet Area Screed Installed"
"3ecba5cc-6bb9-5662-a715-5200e8e0e300","","checkpoint-group","not-started","","","FALSE","FALSE","Site QA","Area Ready","WING B2","B.17 BED","Walls / Ceiling"
"544e1980-0fa4-5ca3-a132-bc6463bd72e1","","checkpoint-status","not-started","","","TRUE","TRUE","Site QA","Area Ready","WING B2","B.17 BED","Walls / Ceiling","Ceiling Installed"
"1f427576-19c3-53c9-865e-11b64f4881db","","checkpoint-status","not-started","","","TRUE","TRUE","Site QA","Area Ready","WING B2","B.17 BED","Walls / Ceiling","Gyprock"
"31c09636-9607-5926-b1bb-417913405def","","checkpoint-status","not-started","","","TRUE","TRUE","Site QA","Area Ready","WING B2","B.17 BED","Walls / Ceiling","Plastered"
"281fc5eb-e6a2-5ee9-83e3-157f3d0617aa","","checkpoint-status","not-started","","","TRUE","TRUE","Site QA","Area Ready","WING B2","B.17 BED","Walls / Ceiling","Plaster Sanded"
"853efc67-a5e6-52d5-a528-d5e492cdbbc9","","checkpoint-status","not-started","","","TRUE","TRUE","Site QA","Area Ready","WING B2","B.17 BED","Walls / Ceiling","Painted"
"053c0482-cac6-4c6b-a577-3d436a8e1837","","checklist-sectioned","not-started","Area Ready Checklist","checklist","FALSE","FALSE","Site QA","Area Ready","WING B2","B.17A ENSUITE"
"022cfa56-1af3-5c18-93fa-8a8da465067f","","checkpoint-group","not-started","","","FALSE","FALSE","Site QA","Area Ready","WING B2","B.17A ENSUITE","Substrate"
"a4eaedff-0b8d-5786-9453-b9b5d48bd750","","checkpoint-status","not-started","","","TRUE","TRUE","Site QA","Area Ready","WING B2","B.17A ENSUITE","Substrate","Substrate Acceptable"
"8a4f3dcd-555e-5bb4-b5a4-3307cf2300bb","","checkpoint-status","not-started","","","TRUE","TRUE","Site QA","Area Ready","WING B2","B.17A ENSUITE","Substrate","Wet Area Screed Installed"
"60af611c-76b9-5aa1-8f0c-f2bd20075a27","","checkpoint-group","not-started","","","FALSE","FALSE","Site QA","Area Ready","WING B2","B.17A ENSUITE","Walls / Ceiling"
"bb400a8d-735b-5e07-b3da-3138c660c90b","","checkpoint-status","not-started","","","TRUE","TRUE","Site QA","Area Ready","WING B2","B.17A ENSUITE","Walls / Ceiling","Ceiling Installed"
"a11267fb-539d-5d86-aae2-f96399f4ae96","","checkpoint-status","not-started","","","TRUE","TRUE","Site QA","Area Ready","WING B2","B.17A ENSUITE","Walls / Ceiling","Gyprock"
"4af6b54e-3218-5c26-8320-879be8d52bd1","","checkpoint-status","not-started","","","TRUE","TRUE","Site QA","Area Ready","WING B2","B.17A ENSUITE","Walls / Ceiling","Plastered"
"bb5dc49c-30fd-5235-88ea-ffe494c40a54","","checkpoint-status","not-started","","","TRUE","TRUE","Site QA","Area Ready","WING B2","B.17A ENSUITE","Walls / Ceiling","Plaster Sanded"
"a02f44ad-b7a4-5ce7-9dba-90ca78caa0d3","","checkpoint-status","not-started","","","TRUE","TRUE","Site QA","Area Ready","WING B2","B.17A ENSUITE","Walls / Ceiling","Painted"
"b2b1e17a-f6da-4d86-8c2b-e74196fcc8a3","","checklist-sectioned","not-started","Area Ready Checklist","checklist","FALSE","FALSE","Site QA","Area Ready","WING B2","B.18 BED"
"9bc627b5-d326-5c0f-9b1b-11dc0f8d38dd","","checkpoint-group","not-started","","","FALSE","FALSE","Site QA","Area Ready","WING B2","B.18 BED","Substrate"
"4b12aa9d-a8bb-5251-a5f3-2c236452fba4","","checkpoint-status","not-started","","","TRUE","TRUE","Site QA","Area Ready","WING B2","B.18 BED","Substrate","Substrate Acceptable"
"79b9f0b1-cabb-5551-9f49-4d788922e977","","checkpoint-status","not-started","","","TRUE","TRUE","Site QA","Area Ready","WING B2","B.18 BED","Substrate","Wet Area Screed Installed"
"a4eba087-25b9-5fb4-82c9-eea4c8c0a063","","checkpoint-group","not-started","","","FALSE","FALSE","Site QA","Area Ready","WING B2","B.18 BED","Walls / Ceiling"
"757d8236-2c80-5fbe-95c9-1a35c2e0cf2e","","checkpoint-status","not-started","","","TRUE","TRUE","Site QA","Area Ready","WING B2","B.18 BED","Walls / Ceiling","Ceiling Installed"
"352608a4-8f2a-5be9-944d-5848ef3ad7b8","","checkpoint-status","not-started","","","TRUE","TRUE","Site QA","Area Ready","WING B2","B.18 BED","Walls / Ceiling","Gyprock"
"c05ee3d6-6df0-5976-a298-2dfcf3f42eba","","checkpoint-status","not-started","","","TRUE","TRUE","Site QA","Area Ready","WING B2","B.18 BED","Walls / Ceiling","Plastered"
"2d8a343d-8a37-52c6-8de4-a5ce014c691b","","checkpoint-status","not-started","","","TRUE","TRUE","Site QA","Area Ready","WING B2","B.18 BED","Walls / Ceiling","Plaster Sanded"
"54b76455-bc3c-544d-aee9-ba180e3c3106","","checkpoint-status","not-started","","","TRUE","TRUE","Site QA","Area Ready","WING B2","B.18 BED","Walls / Ceiling","Painted"
"0fe2144f-d044-4b84-819a-2adee4c18cfa","","checklist-sectioned","not-started","Area Ready Checklist","checklist","FALSE","FALSE","Site QA","Area Ready","WING B2","B.18A ENSUITE"
"491420ce-fcbb-51c1-987e-ed203104752a","","checkpoint-group","not-started","","","FALSE","FALSE","Site QA","Area Ready","WING B2","B.18A ENSUITE","Substrate"
"f1381f1b-cb90-5a9a-af38-59d61be58887","","checkpoint-status","not-started","","","TRUE","TRUE","Site QA","Area Ready","WING B2","B.18A ENSUITE","Substrate","Substrate Acceptable"
"ba867a65-8d9f-5171-a780-7a7034d68111","","checkpoint-status","not-started","","","TRUE","TRUE","Site QA","Area Ready","WING B2","B.18A ENSUITE","Substrate","Wet Area Screed Installed"
"2819ab7e-0d04-597a-b108-4f0ee94b040d","","checkpoint-group","not-started","","","FALSE","FALSE","Site QA","Area Ready","WING B2","B.18A ENSUITE","Walls / Ceiling"
"4eac8bb6-6458-5a29-ae44-9c016b399afc","","checkpoint-status","not-started","","","TRUE","TRUE","Site QA","Area Ready","WING B2","B.18A ENSUITE","Walls / Ceiling","Ceiling Installed"
"5d61a979-551c-593b-bb84-a326b65159f2","","checkpoint-status","not-started","","","TRUE","TRUE","Site QA","Area Ready","WING B2","B.18A ENSUITE","Walls / Ceiling","Gyprock"
"19175c27-a061-5248-bcdd-82a24bf84992","","checkpoint-status","not-started","","","TRUE","TRUE","Site QA","Area Ready","WING B2","B.18A ENSUITE","Walls / Ceiling","Plastered"
"0f9e99c0-2cbe-552b-a972-61dd9c659692","","checkpoint-status","not-started","","","TRUE","TRUE","Site QA","Area Ready","WING B2","B.18A ENSUITE","Walls / Ceiling","Plaster Sanded"
"789c8d34-d31a-58f6-83cb-6d2eb09c40f1","","checkpoint-status","not-started","","","TRUE","TRUE","Site QA","Area Ready","WING B2","B.18A ENSUITE","Walls / Ceiling","Painted"
"3151ef4b-b8e6-4628-9f1c-227454ac38b7","","checklist-sectioned","not-started","Area Ready Checklist","checklist","FALSE","FALSE","Site QA","Area Ready","WING B2","B.22 EDB"
"9bd3391d-5eb1-5025-8377-fa1eefc677a2","","checkpoint-group","not-started","","","FALSE","FALSE","Site QA","Area Ready","WING B2","B.22 EDB","Substrate"
"663d51c3-62ae-5fad-859d-3fa2862b6384","","checkpoint-status","not-started","","","TRUE","TRUE","Site QA","Area Ready","WING B2","B.22 EDB","Substrate","Substrate Acceptable"
"033a9965-fc23-57d3-9543-1ad06add0ffc","","checkpoint-status","not-started","","","TRUE","TRUE","Site QA","Area Ready","WING B2","B.22 EDB","Substrate","Wet Area Screed Installed"
"7bd86d94-5508-5f91-a3da-6c6c0a6ad991","","checkpoint-group","not-started","","","FALSE","FALSE","Site QA","Area Ready","WING B2","B.22 EDB","Walls / Ceiling"
"97378409-8dba-529e-bbf7-1d01fa915dbb","","checkpoint-status","not-started","","","TRUE","TRUE","Site QA","Area Ready","WING B2","B.22 EDB","Walls / Ceiling","Ceiling Installed"
"4fd5395b-c5cb-5e1b-ba05-a23f2482f7e0","","checkpoint-status","not-started","","","TRUE","TRUE","Site QA","Area Ready","WING B2","B.22 EDB","Walls / Ceiling","Gyprock"
"7c038f0f-5c0e-55b7-bc1a-18e7dfe41707","","checkpoint-status","not-started","","","TRUE","TRUE","Site QA","Area Ready","WING B2","B.22 EDB","Walls / Ceiling","Plastered"
"4d92722b-b84a-51a8-8d77-101a44f311a7","","checkpoint-status","not-started","","","TRUE","TRUE","Site QA","Area Ready","WING B2","B.22 EDB","Walls / Ceiling","Plaster Sanded"
"07e0a008-93ff-5d60-bbb0-42c222e1c97d","","checkpoint-status","not-started","","","TRUE","TRUE","Site QA","Area Ready","WING B2","B.22 EDB","Walls / Ceiling","Painted"
"764811cf-c5d6-44a5-b7ff-51942e6223ea","","checklist-sectioned","not-started","Area Ready Checklist","checklist","FALSE","FALSE","Site QA","Area Ready","WING B2","B.25 UNISEX DISABLED"
"5871dae1-18a7-5a50-8f20-af0ec069fd54","","checkpoint-group","not-started","","","FALSE","FALSE","Site QA","Area Ready","WING B2","B.25 UNISEX DISABLED","Substrate"
"e4c53c69-2d29-52a3-b15e-b5539123ccc0","","checkpoint-status","not-started","","","TRUE","TRUE","Site QA","Area Ready","WING B2","B.25 UNISEX DISABLED","Substrate","Substrate Acceptable"
"9ff50977-c4d5-537b-b560-aae85a9e94c9","","checkpoint-status","not-started","","","TRUE","TRUE","Site QA","Area Ready","WING B2","B.25 UNISEX DISABLED","Substrate","Wet Area Screed Installed"
"3ea41fae-ebde-5466-aa47-6733df56c8c7","","checkpoint-group","not-started","","","FALSE","FALSE","Site QA","Area Ready","WING B2","B.25 UNISEX DISABLED","Walls / Ceiling"
"8f84d474-3377-5093-897b-9b0e5dd397d7","","checkpoint-status","not-started","","","TRUE","TRUE","Site QA","Area Ready","WING B2","B.25 UNISEX DISABLED","Walls / Ceiling","Ceiling Installed"
"861f7ad8-7383-5a0d-8685-15673b2c65e9","","checkpoint-status","not-started","","","TRUE","TRUE","Site QA","Area Ready","WING B2","B.25 UNISEX DISABLED","Walls / Ceiling","Gyprock"
"02f686d5-3d6d-53e3-b2a0-c69da6562d1e","","checkpoint-status","not-started","","","TRUE","TRUE","Site QA","Area Ready","WING B2","B.25 UNISEX DISABLED","Walls / Ceiling","Plastered"
"95c820dc-889b-5c8b-8285-efcb68a3ea8f","","checkpoint-status","not-started","","","TRUE","TRUE","Site QA","Area Ready","WING B2","B.25 UNISEX DISABLED","Walls / Ceiling","Plaster Sanded"
"72602d9c-414b-53e1-9707-ffbe00a4ee47","","checkpoint-status","not-started","","","TRUE","TRUE","Site QA","Area Ready","WING B2","B.25 UNISEX DISABLED","Walls / Ceiling","Painted"
"e031330d-aee4-4688-96a9-2a49b401baca","","checklist-sectioned","not-started","Area Ready Checklist","checklist","FALSE","FALSE","Site QA","Area Ready","WING B2","B.26 NURSES STATION"
"9d9b1391-932a-57fa-9e83-8dc9a809c03c","","checkpoint-group","not-started","","","FALSE","FALSE","Site QA","Area Ready","WING B2","B.26 NURSES STATION","Substrate"
"3eadb78f-860c-5f1f-8577-b3a3fae06201","","checkpoint-status","not-started","","","TRUE","TRUE","Site QA","Area Ready","WING B2","B.26 NURSES STATION","Substrate","Substrate Acceptable"
"7dd0c8ec-7380-5306-b1c9-d069a6d88aae","","checkpoint-status","not-started","","","TRUE","TRUE","Site QA","Area Ready","WING B2","B.26 NURSES STATION","Substrate","Wet Area Screed Installed"
"2ac3c8ab-0f41-531c-9e78-3d7016e53682","","checkpoint-group","not-started","","","FALSE","FALSE","Site QA","Area Ready","WING B2","B.26 NURSES STATION","Walls / Ceiling"
"07080bdf-f1a8-5a40-a246-a25f1117c2f3","","checkpoint-status","not-started","","","TRUE","TRUE","Site QA","Area Ready","WING B2","B.26 NURSES STATION","Walls / Ceiling","Ceiling Installed"
"cd4a196d-2bf5-51dc-8ead-d9ac2d0cc68f","","checkpoint-status","not-started","","","TRUE","TRUE","Site QA","Area Ready","WING B2","B.26 NURSES STATION","Walls / Ceiling","Gyprock"
"dad4aebe-33af-5af5-b7dc-562c825c20ef","","checkpoint-status","not-started","","","TRUE","TRUE","Site QA","Area Ready","WING B2","B.26 NURSES STATION","Walls / Ceiling","Plastered"
"20b9e12c-814d-512d-8dc4-332aa0c5a02f","","checkpoint-status","not-started","","","TRUE","TRUE","Site QA","Area Ready","WING B2","B.26 NURSES STATION","Walls / Ceiling","Plaster Sanded"
"87506fcf-5683-5d96-9535-5be14a780bf4","","checkpoint-status","not-started","","","TRUE","TRUE","Site QA","Area Ready","WING B2","B.26 NURSES STATION","Walls / Ceiling","Painted"
"dc7cd2e1-0f60-4bde-81a5-d3a0b71935c6","","checklist-sectioned","not-started","Area Ready Checklist","checklist","FALSE","FALSE","Site QA","Area Ready","WING B2","B.27 CLEAN UTILITY"
"d3fff0b3-b063-596a-9e84-ecde98108087","","checkpoint-group","not-started","","","FALSE","FALSE","Site QA","Area Ready","WING B2","B.27 CLEAN UTILITY","Substrate"
"624c683e-e112-5400-98ff-c003b11bb0d8","","checkpoint-status","not-started","","","TRUE","TRUE","Site QA","Area Ready","WING B2","B.27 CLEAN UTILITY","Substrate","Substrate Acceptable"
"0f302d15-d221-5f2f-834d-10834ebbf51b","","checkpoint-status","not-started","","","TRUE","TRUE","Site QA","Area Ready","WING B2","B.27 CLEAN UTILITY","Substrate","Wet Area Screed Installed"
"e130c38e-6c87-562c-be80-891a51a5275f","","checkpoint-group","not-started","","","FALSE","FALSE","Site QA","Area Ready","WING B2","B.27 CLEAN UTILITY","Walls / Ceiling"
"9e55b4ad-61af-5a52-9e11-535649e3906e","","checkpoint-status","not-started","","","TRUE","TRUE","Site QA","Area Ready","WING B2","B.27 CLEAN UTILITY","Walls / Ceiling","Ceiling Installed"
"1d0d611f-793c-53ca-a55e-ab571853cb1c","","checkpoint-status","not-started","","","TRUE","TRUE","Site QA","Area Ready","WING B2","B.27 CLEAN UTILITY","Walls / Ceiling","Gyprock"
"87c9db76-741d-5df6-be8e-ab8d14d68379","","checkpoint-status","not-started","","","TRUE","TRUE","Site QA","Area Ready","WING B2","B.27 CLEAN UTILITY","Walls / Ceiling","Plastered"
"3f7583db-de5f-56d3-b511-660838dbe84d","","checkpoint-status","not-started","","","TRUE","TRUE","Site QA","Area Ready","WING B2","B.27 CLEAN UTILITY","Walls / Ceiling","Plaster Sanded"
"e0e9708c-57eb-524c-9c67-1115a2f5e093","","checkpoint-status","not-started","","","TRUE","TRUE","Site QA","Area Ready","WING B2","B.27 CLEAN UTILITY","Walls / Ceiling","Painted"
"15627717-3076-4e78-8f25-57114ee7b89a","","checklist-sectioned","not-started","Area Ready Checklist","checklist","FALSE","FALSE","Site QA","Area Ready","WING B2","B.28 BED"
"b1bf9465-988e-5163-9c20-1d02a277cea7","","checkpoint-group","not-started","","","FALSE","FALSE","Site QA","Area Ready","WING B2","B.28 BED","Substrate"
"bc7876db-9c18-51b6-905f-0fb4cfb7f601","","checkpoint-status","not-started","","","TRUE","TRUE","Site QA","Area Ready","WING B2","B.28 BED","Substrate","Substrate Acceptable"
"d7df5770-6de9-5f3e-9cd4-6df75bdcd4bb","","checkpoint-status","not-started","","","TRUE","TRUE","Site QA","Area Ready","WING B2","B.28 BED","Substrate","Wet Area Screed Installed"
"c639c0ed-c185-5506-8760-136d833f1a85","","checkpoint-group","not-started","","","FALSE","FALSE","Site QA","Area Ready","WING B2","B.28 BED","Walls / Ceiling"
"b03bc87d-0f39-56ab-aad9-d4764e0b03ca","","checkpoint-status","not-started","","","TRUE","TRUE","Site QA","Area Ready","WING B2","B.28 BED","Walls / Ceiling","Ceiling Installed"
"8f6efc18-aea8-538c-bad7-3dd695ea0693","","checkpoint-status","not-started","","","TRUE","TRUE","Site QA","Area Ready","WING B2","B.28 BED","Walls / Ceiling","Gyprock"
"ac7c38ab-bd05-5b73-8c9e-ea9a847f68d6","","checkpoint-status","not-started","","","TRUE","TRUE","Site QA","Area Ready","WING B2","B.28 BED","Walls / Ceiling","Plastered"
"b84132c9-f7d6-56c8-817b-87082f55a0f7","","checkpoint-status","not-started","","","TRUE","TRUE","Site QA","Area Ready","WING B2","B.28 BED","Walls / Ceiling","Plaster Sanded"
"77916978-4b57-5b95-a4cd-208781aa1036","","checkpoint-status","not-started","","","TRUE","TRUE","Site QA","Area Ready","WING B2","B.28 BED","Walls / Ceiling","Painted"
"dc08a394-7e5d-4ded-8458-2c84bd860886","","checklist-sectioned","not-started","Area Ready Checklist","checklist","FALSE","FALSE","Site QA","Area Ready","WING B2","B.28A ENSUITE"
"b79736d2-6955-5d1d-80ce-bb9a04f9247a","","checkpoint-group","not-started","","","FALSE","FALSE","Site QA","Area Ready","WING B2","B.28A ENSUITE","Substrate"
"2b36c88d-f927-56b4-b816-4edb2bcffa6d","","checkpoint-status","not-started","","","TRUE","TRUE","Site QA","Area Ready","WING B2","B.28A ENSUITE","Substrate","Substrate Acceptable"
"a9178a49-7248-51ad-bd13-f66101661dcf","","checkpoint-status","not-started","","","TRUE","TRUE","Site QA","Area Ready","WING B2","B.28A ENSUITE","Substrate","Wet Area Screed Installed"
"1561620a-ba5a-597c-bf83-e0bb18fbaf2e","","checkpoint-group","not-started","","","FALSE","FALSE","Site QA","Area Ready","WING B2","B.28A ENSUITE","Walls / Ceiling"
"458cc539-c7f3-5fc8-95fb-15f9952ef04b","","checkpoint-status","not-started","","","TRUE","TRUE","Site QA","Area Ready","WING B2","B.28A ENSUITE","Walls / Ceiling","Ceiling Installed"
"35580fa0-f32a-5440-8ab2-fe64e07b64a3","","checkpoint-status","not-started","","","TRUE","TRUE","Site QA","Area Ready","WING B2","B.28A ENSUITE","Walls / Ceiling","Gyprock"
"bfa772e7-4957-58a6-bb54-c60a79fcb835","","checkpoint-status","not-started","","","TRUE","TRUE","Site QA","Area Ready","WING B2","B.28A ENSUITE","Walls / Ceiling","Plastered"
"30953330-a795-51aa-b88a-0eeec9d41ebb","","checkpoint-status","not-started","","","TRUE","TRUE","Site QA","Area Ready","WING B2","B.28A ENSUITE","Walls / Ceiling","Plaster Sanded"
"93811884-8095-5683-b2a6-5791913ae0d3","","checkpoint-status","not-started","","","TRUE","TRUE","Site QA","Area Ready","WING B2","B.28A ENSUITE","Walls / Ceiling","Painted"
"4673591e-351d-4165-a765-d2aaf4e21899","","checklist-sectioned","not-started","Area Ready Checklist","checklist","FALSE","FALSE","Site QA","Area Ready","WING B2","B.29 BED"
"3dc96e17-53b8-5092-9c5f-4bf93afce591","","checkpoint-group","not-started","","","FALSE","FALSE","Site QA","Area Ready","WING B2","B.29 BED","Substrate"
"afafee7b-6829-582d-abd9-dffb12f487b7","","checkpoint-status","not-started","","","TRUE","TRUE","Site QA","Area Ready","WING B2","B.29 BED","Substrate","Substrate Acceptable"
"9f5e77ad-29c8-5400-ba93-86622902b09d","","checkpoint-status","not-started","","","TRUE","TRUE","Site QA","Area Ready","WING B2","B.29 BED","Substrate","Wet Area Screed Installed"
"04bcae94-dfd0-5374-b187-032aaf666a5e","","checkpoint-group","not-started","","","FALSE","FALSE","Site QA","Area Ready","WING B2","B.29 BED","Walls / Ceiling"
"88c39cf3-71a8-5114-9daa-068e09715c67","","checkpoint-status","not-started","","","TRUE","TRUE","Site QA","Area Ready","WING B2","B.29 BED","Walls / Ceiling","Ceiling Installed"
"24818465-8ddf-50e9-a76a-4de9a90e7569","","checkpoint-status","not-started","","","TRUE","TRUE","Site QA","Area Ready","WING B2","B.29 BED","Walls / Ceiling","Gyprock"
"7792be46-421b-5d15-a355-67ba88694a34","","checkpoint-status","not-started","","","TRUE","TRUE","Site QA","Area Ready","WING B2","B.29 BED","Walls / Ceiling","Plastered"
"9cbb409c-2632-5175-a459-a9081141445b","","checkpoint-status","not-started","","","TRUE","TRUE","Site QA","Area Ready","WING B2","B.29 BED","Walls / Ceiling","Plaster Sanded"
"f1ea3fc1-b058-5637-828f-3df46cc1143a","","checkpoint-status","not-started","","","TRUE","TRUE","Site QA","Area Ready","WING B2","B.29 BED","Walls / Ceiling","Painted"
"e53ff940-d017-4290-8a93-e2ae49dfbac6","","checklist-sectioned","not-started","Area Ready Checklist","checklist","FALSE","FALSE","Site QA","Area Ready","WING B2","B.29A ENSUITE"
"42584ac1-7094-5c99-a5d3-cc574dcb4ec5","","checkpoint-group","not-started","","","FALSE","FALSE","Site QA","Area Ready","WING B2","B.29A ENSUITE","Substrate"
"b423c592-0046-576e-a895-56ebf802704e","","checkpoint-status","not-started","","","TRUE","TRUE","Site QA","Area Ready","WING B2","B.29A ENSUITE","Substrate","Substrate Acceptable"
"ef3b2c85-eadf-5e21-b047-4a106a652009","","checkpoint-status","not-started","","","TRUE","TRUE","Site QA","Area Ready","WING B2","B.29A ENSUITE","Substrate","Wet Area Screed Installed"
"6565971b-e353-54f6-be26-fb863525decc","","checkpoint-group","not-started","","","FALSE","FALSE","Site QA","Area Ready","WING B2","B.29A ENSUITE","Walls / Ceiling"
"c84ccbcc-9bc2-54db-b114-00291b2b1259","","checkpoint-status","not-started","","","TRUE","TRUE","Site QA","Area Ready","WING B2","B.29A ENSUITE","Walls / Ceiling","Ceiling Installed"
"bbd02ce6-5471-5bf2-89a0-5913db02f7e2","","checkpoint-status","not-started","","","TRUE","TRUE","Site QA","Area Ready","WING B2","B.29A ENSUITE","Walls / Ceiling","Gyprock"
"11bf393a-48d6-504f-9f41-fc103523756a","","checkpoint-status","not-started","","","TRUE","TRUE","Site QA","Area Ready","WING B2","B.29A ENSUITE","Walls / Ceiling","Plastered"
"67a45b9e-10da-58fe-9c4f-3fac7c2197f9","","checkpoint-status","not-started","","","TRUE","TRUE","Site QA","Area Ready","WING B2","B.29A ENSUITE","Walls / Ceiling","Plaster Sanded"
"280b31bd-a9ae-55b8-a017-0f772ec3836c","","checkpoint-status","not-started","","","TRUE","TRUE","Site QA","Area Ready","WING B2","B.29A ENSUITE","Walls / Ceiling","Painted"
"186741e4-0239-4178-a147-0ce2f9153541","","checklist-sectioned","not-started","Area Ready Checklist","checklist","FALSE","FALSE","Site QA","Area Ready","WING B2","B.30 BED"
"fccbdc47-1813-5eed-b3ce-e22c9249395e","","checkpoint-group","not-started","","","FALSE","FALSE","Site QA","Area Ready","WING B2","B.30 BED","Substrate"
"b29372a7-89b2-5fd3-8069-4cf1fa68b6aa","","checkpoint-status","not-started","","","TRUE","TRUE","Site QA","Area Ready","WING B2","B.30 BED","Substrate","Substrate Acceptable"
"879d0626-4ee3-5c0a-bb6a-9fd8af0431de","","checkpoint-status","not-started","","","TRUE","TRUE","Site QA","Area Ready","WING B2","B.30 BED","Substrate","Wet Area Screed Installed"
"24b8272b-f346-5a95-b6b5-bc2946192930","","checkpoint-group","not-started","","","FALSE","FALSE","Site QA","Area Ready","WING B2","B.30 BED","Walls / Ceiling"
"fdb6e3ef-5700-56fb-b2ab-169536ad173c","","checkpoint-status","not-started","","","TRUE","TRUE","Site QA","Area Ready","WING B2","B.30 BED","Walls / Ceiling","Ceiling Installed"
"fba49741-5714-5a47-8e4d-27c0677de29e","","checkpoint-status","not-started","","","TRUE","TRUE","Site QA","Area Ready","WING B2","B.30 BED","Walls / Ceiling","Gyprock"
"812d9201-8584-5f3c-90a2-ad54014b1b98","","checkpoint-status","not-started","","","TRUE","TRUE","Site QA","Area Ready","WING B2","B.30 BED","Walls / Ceiling","Plastered"
"e0c1003c-9619-5c98-9fc7-e97ed43508d7","","checkpoint-status","not-started","","","TRUE","TRUE","Site QA","Area Ready","WING B2","B.30 BED","Walls / Ceiling","Plaster Sanded"
"8e6f0409-854f-5120-91a4-6052f7a33165","","checkpoint-status","not-started","","","TRUE","TRUE","Site QA","Area Ready","WING B2","B.30 BED","Walls / Ceiling","Painted"
"b98f8d69-4a26-4ca3-a692-f9872c41ba89","","checklist-sectioned","not-started","Area Ready Checklist","checklist","FALSE","FALSE","Site QA","Area Ready","WING B2","B.30A ENSUITE"
"6ab8e627-b469-5c22-b051-73d38397d33b","","checkpoint-group","not-started","","","FALSE","FALSE","Site QA","Area Ready","WING B2","B.30A ENSUITE","Substrate"
"0eec4024-daab-5948-a23f-e7956db07dc8","","checkpoint-status","not-started","","","TRUE","TRUE","Site QA","Area Ready","WING B2","B.30A ENSUITE","Substrate","Substrate Acceptable"
"222bcfef-863f-5331-a117-b3bd945a6266","","checkpoint-status","not-started","","","TRUE","TRUE","Site QA","Area Ready","WING B2","B.30A ENSUITE","Substrate","Wet Area Screed Installed"
"6fffe1a8-b3d8-59da-bf4d-3072a55ddfde","","checkpoint-group","not-started","","","FALSE","FALSE","Site QA","Area Ready","WING B2","B.30A ENSUITE","Walls / Ceiling"
"57f0b59e-5dcd-5f68-940e-69c2849ce783","","checkpoint-status","not-started","","","TRUE","TRUE","Site QA","Area Ready","WING B2","B.30A ENSUITE","Walls / Ceiling","Ceiling Installed"
"808271ba-f918-53af-b36c-5ab41b5e4468","","checkpoint-status","not-started","","","TRUE","TRUE","Site QA","Area Ready","WING B2","B.30A ENSUITE","Walls / Ceiling","Gyprock"
"d1d4870d-79c4-5a70-8e2e-ec4434a50b34","","checkpoint-status","not-started","","","TRUE","TRUE","Site QA","Area Ready","WING B2","B.30A ENSUITE","Walls / Ceiling","Plastered"
"0d4ffa60-8d34-5e73-9090-9fef987692dc","","checkpoint-status","not-started","","","TRUE","TRUE","Site QA","Area Ready","WING B2","B.30A ENSUITE","Walls / Ceiling","Plaster Sanded"
"eefe2098-586a-565d-b108-49b3dba9f167","","checkpoint-status","not-started","","","TRUE","TRUE","Site QA","Area Ready","WING B2","B.30A ENSUITE","Walls / Ceiling","Painted"
"4d4b8e78-d8ca-4858-b89e-c9e038de9aa3","","checklist-sectioned","not-started","Area Ready Checklist","checklist","FALSE","FALSE","Site QA","Area Ready","WING B2","B.32 STORE"
"8f78c02a-d228-52f5-9164-847be2c4d8b0","","checkpoint-group","not-started","","","FALSE","FALSE","Site QA","Area Ready","WING B2","B.32 STORE","Substrate"
"56982b48-1209-531b-8868-27562535c6ee","","checkpoint-status","not-started","","","TRUE","TRUE","Site QA","Area Ready","WING B2","B.32 STORE","Substrate","Substrate Acceptable"
"1e463c5a-ccdc-519c-afdd-2464b52e0eef","","checkpoint-status","not-started","","","TRUE","TRUE","Site QA","Area Ready","WING B2","B.32 STORE","Substrate","Wet Area Screed Installed"
"2f7b6607-7cd9-501f-b9af-cbb71fcc12b1","","checkpoint-group","not-started","","","FALSE","FALSE","Site QA","Area Ready","WING B2","B.32 STORE","Walls / Ceiling"
"f69b59bc-d48f-59b2-88a2-f8a0ff474716","","checkpoint-status","not-started","","","TRUE","TRUE","Site QA","Area Ready","WING B2","B.32 STORE","Walls / Ceiling","Ceiling Installed"
"791838e5-7855-50aa-a8c1-e9ff77976362","","checkpoint-status","not-started","","","TRUE","TRUE","Site QA","Area Ready","WING B2","B.32 STORE","Walls / Ceiling","Gyprock"
"5eda7ac0-6a99-5f19-adc7-66981d1526b7","","checkpoint-status","not-started","","","TRUE","TRUE","Site QA","Area Ready","WING B2","B.32 STORE","Walls / Ceiling","Plastered"
"3fb14e85-baa5-5946-b6e5-3e10d43bcde6","","checkpoint-status","not-started","","","TRUE","TRUE","Site QA","Area Ready","WING B2","B.32 STORE","Walls / Ceiling","Plaster Sanded"
"58f97b06-a24d-5fb7-9877-babae0c2db72","","checkpoint-status","not-started","","","TRUE","TRUE","Site QA","Area Ready","WING B2","B.32 STORE","Walls / Ceiling","Painted"
"232cff53-64fb-49cb-9701-b4b9fd41c828","","checklist-sectioned","not-started","Area Ready Checklist","checklist","FALSE","FALSE","Site QA","Area Ready","WING B2","B.33 CLEANERS"
"3d3a2196-fcee-58ac-82a0-daceae842785","","checkpoint-group","not-started","","","FALSE","FALSE","Site QA","Area Ready","WING B2","B.33 CLEANERS","Substrate"
"30e47c7d-6f71-5ae9-8535-7f7ffe613878","","checkpoint-status","not-started","","","TRUE","TRUE","Site QA","Area Ready","WING B2","B.33 CLEANERS","Substrate","Substrate Acceptable"
"ae18a23c-4d20-5664-9ab3-6255f154c78e","","checkpoint-status","not-started","","","TRUE","TRUE","Site QA","Area Ready","WING B2","B.33 CLEANERS","Substrate","Wet Area Screed Installed"
"ab8b5b78-012b-5b36-aa3c-b7aa39e12ca1","","checkpoint-group","not-started","","","FALSE","FALSE","Site QA","Area Ready","WING B2","B.33 CLEANERS","Walls / Ceiling"
"913a3428-94b6-5ebe-8f17-5d1e8c77d7da","","checkpoint-status","not-started","","","TRUE","TRUE","Site QA","Area Ready","WING B2","B.33 CLEANERS","Walls / Ceiling","Ceiling Installed"
"a5b6c53f-3de6-55c4-b904-8e3c450ec289","","checkpoint-status","not-started","","","TRUE","TRUE","Site QA","Area Ready","WING B2","B.33 CLEANERS","Walls / Ceiling","Gyprock"
"6f9d00f1-268e-5063-bb88-2d18f743964c","","checkpoint-status","not-started","","","TRUE","TRUE","Site QA","Area Ready","WING B2","B.33 CLEANERS","Walls / Ceiling","Plastered"
"f3257e63-10e9-5416-acc9-1483ea302aae","","checkpoint-status","not-started","","","TRUE","TRUE","Site QA","Area Ready","WING B2","B.33 CLEANERS","Walls / Ceiling","Plaster Sanded"
"2cfb40a9-3cfa-5fe5-994a-83c9f230b635","","checkpoint-status","not-started","","","TRUE","TRUE","Site QA","Area Ready","WING B2","B.33 CLEANERS","Walls / Ceiling","Painted"
"b5d5ef26-4b8e-476d-9f1c-ba06b60bb41f","","checklist-sectioned","not-started","Area Ready Checklist","checklist","FALSE","FALSE","Site QA","Area Ready","WING B2","B.34 BED"
"fa204a46-8e45-55da-9d20-db334e7ad7ed","","checkpoint-group","not-started","","","FALSE","FALSE","Site QA","Area Ready","WING B2","B.34 BED","Substrate"
"000d6f86-e6d3-5b48-bd97-d7ad2d59b461","","checkpoint-status","not-started","","","TRUE","TRUE","Site QA","Area Ready","WING B2","B.34 BED","Substrate","Substrate Acceptable"
"7327f675-3d7e-5b28-add6-747a89ced426","","checkpoint-status","not-started","","","TRUE","TRUE","Site QA","Area Ready","WING B2","B.34 BED","Substrate","Wet Area Screed Installed"
"62405ccd-a458-5f7a-8e05-38e144d52908","","checkpoint-group","not-started","","","FALSE","FALSE","Site QA","Area Ready","WING B2","B.34 BED","Walls / Ceiling"
"2c75470e-7f51-5e00-b65e-a49355c30700","","checkpoint-status","not-started","","","TRUE","TRUE","Site QA","Area Ready","WING B2","B.34 BED","Walls / Ceiling","Ceiling Installed"
"58f96b47-8f6a-5c87-b3d3-dab335b64dcc","","checkpoint-status","not-started","","","TRUE","TRUE","Site QA","Area Ready","WING B2","B.34 BED","Walls / Ceiling","Gyprock"
"67831b9c-a621-5c27-a58d-8ed33fb1b5d8","","checkpoint-status","not-started","","","TRUE","TRUE","Site QA","Area Ready","WING B2","B.34 BED","Walls / Ceiling","Plastered"
"3b783c49-7caf-51ba-a1ea-27314b0f159b","","checkpoint-status","not-started","","","TRUE","TRUE","Site QA","Area Ready","WING B2","B.34 BED","Walls / Ceiling","Plaster Sanded"
"48c9e4ad-4c3d-560a-a50d-af4df4f5e026","","checkpoint-status","not-started","","","TRUE","TRUE","Site QA","Area Ready","WING B2","B.34 BED","Walls / Ceiling","Painted"
"17baa287-5373-4335-8c85-5d073a9bed8d","","checklist-sectioned","not-started","Area Ready Checklist","checklist","FALSE","FALSE","Site QA","Area Ready","WING B2","B.34A ENSUITE"
"75cf833f-61e7-5259-859c-c1b1cc8dfc06","","checkpoint-group","not-started","","","FALSE","FALSE","Site QA","Area Ready","WING B2","B.34A ENSUITE","Substrate"
"7b229c89-f1b2-5f78-99e0-1a30ab987571","","checkpoint-status","not-started","","","TRUE","TRUE","Site QA","Area Ready","WING B2","B.34A ENSUITE","Substrate","Substrate Acceptable"
"3d6d2bec-1e53-5264-b33f-842fab222782","","checkpoint-status","not-started","","","TRUE","TRUE","Site QA","Area Ready","WING B2","B.34A ENSUITE","Substrate","Wet Area Screed Installed"
"13c71ec3-fae5-55c6-b58c-faed576ad766","","checkpoint-group","not-started","","","FALSE","FALSE","Site QA","Area Ready","WING B2","B.34A ENSUITE","Walls / Ceiling"
"72a15d7d-0b06-5bd0-95f7-1f935f1d4c93","","checkpoint-status","not-started","","","TRUE","TRUE","Site QA","Area Ready","WING B2","B.34A ENSUITE","Walls / Ceiling","Ceiling Installed"
"7614e79f-9764-5727-95e7-fed06f8ea78d","","checkpoint-status","not-started","","","TRUE","TRUE","Site QA","Area Ready","WING B2","B.34A ENSUITE","Walls / Ceiling","Gyprock"
"e11eafa8-dfbf-5dec-9680-e63a98c28302","","checkpoint-status","not-started","","","TRUE","TRUE","Site QA","Area Ready","WING B2","B.34A ENSUITE","Walls / Ceiling","Plastered"
"053faec7-3604-523e-852e-d5389c804bce","","checkpoint-status","not-started","","","TRUE","TRUE","Site QA","Area Ready","WING B2","B.34A ENSUITE","Walls / Ceiling","Plaster Sanded"
"352206f8-a659-5711-8ffc-0e41ea3cb86a","","checkpoint-status","not-started","","","TRUE","TRUE","Site QA","Area Ready","WING B2","B.34A ENSUITE","Walls / Ceiling","Painted"
"7aca2bbb-929a-4056-ba42-622d8b5fea4e","","checklist-sectioned","not-started","Area Ready Checklist","checklist","FALSE","FALSE","Site QA","Area Ready","WING B2","B.35 BED"
"f23e7563-b55e-53b1-9f92-665240747f37","","checkpoint-group","not-started","","","FALSE","FALSE","Site QA","Area Ready","WING B2","B.35 BED","Substrate"
"e6f156b0-6270-5dcb-8dbc-2f0fc2e954a9","","checkpoint-status","not-started","","","TRUE","TRUE","Site QA","Area Ready","WING B2","B.35 BED","Substrate","Substrate Acceptable"
"8941bfc9-269b-59ac-a06f-e1f98e3d44b8","","checkpoint-status","not-started","","","TRUE","TRUE","Site QA","Area Ready","WING B2","B.35 BED","Substrate","Wet Area Screed Installed"
"69fd2983-49e5-5bb6-aebd-76cf46a79311","","checkpoint-group","not-started","","","FALSE","FALSE","Site QA","Area Ready","WING B2","B.35 BED","Walls / Ceiling"
"8296c4c2-e342-5283-8ea1-6c7a37fba6b6","","checkpoint-status","not-started","","","TRUE","TRUE","Site QA","Area Ready","WING B2","B.35 BED","Walls / Ceiling","Ceiling Installed"
"f8832ca1-edee-5ca2-9610-c354ade81e6c","","checkpoint-status","not-started","","","TRUE","TRUE","Site QA","Area Ready","WING B2","B.35 BED","Walls / Ceiling","Gyprock"
"fa696426-e05a-59f1-8cb2-766261a8c078","","checkpoint-status","not-started","","","TRUE","TRUE","Site QA","Area Ready","WING B2","B.35 BED","Walls / Ceiling","Plastered"
"3ae05313-36ba-5944-b4f1-0b1a4a50e3b6","","checkpoint-status","not-started","","","TRUE","TRUE","Site QA","Area Ready","WING B2","B.35 BED","Walls / Ceiling","Plaster Sanded"
"822d9eaa-cfe9-5b00-83d4-8d475ae5bf72","","checkpoint-status","not-started","","","TRUE","TRUE","Site QA","Area Ready","WING B2","B.35 BED","Walls / Ceiling","Painted"
"d6bb46a5-bc0b-468e-9a84-88a77dcdaf30","","checklist-sectioned","not-started","Area Ready Checklist","checklist","FALSE","FALSE","Site QA","Area Ready","WING B2","B.35A ENSUITE"
"3887b3aa-cb23-53ac-bb7b-298984eebaf8","","checkpoint-group","not-started","","","FALSE","FALSE","Site QA","Area Ready","WING B2","B.35A ENSUITE","Substrate"
"c0acb8b4-8272-5676-be95-01b356a3de97","","checkpoint-status","not-started","","","TRUE","TRUE","Site QA","Area Ready","WING B2","B.35A ENSUITE","Substrate","Substrate Acceptable"
"bac055de-9d28-5509-9835-0c69f5072b8d","","checkpoint-status","not-started","","","TRUE","TRUE","Site QA","Area Ready","WING B2","B.35A ENSUITE","Substrate","Wet Area Screed Installed"
"cd5dce14-245c-5b09-a91e-ef85f552bad2","","checkpoint-group","not-started","","","FALSE","FALSE","Site QA","Area Ready","WING B2","B.35A ENSUITE","Walls / Ceiling"
"933b7520-7275-53af-a7e8-add0b5d19354","","checkpoint-status","not-started","","","TRUE","TRUE","Site QA","Area Ready","WING B2","B.35A ENSUITE","Walls / Ceiling","Ceiling Installed"
"57052aa1-55f2-5dc9-b737-c28f186c736f","","checkpoint-status","not-started","","","TRUE","TRUE","Site QA","Area Ready","WING B2","B.35A ENSUITE","Walls / Ceiling","Gyprock"
"df3c7290-4370-53fa-ac36-193e5f332073","","checkpoint-status","not-started","","","TRUE","TRUE","Site QA","Area Ready","WING B2","B.35A ENSUITE","Walls / Ceiling","Plastered"
"ed755708-3bb9-56b5-a396-9b66d1d5b404","","checkpoint-status","not-started","","","TRUE","TRUE","Site QA","Area Ready","WING B2","B.35A ENSUITE","Walls / Ceiling","Plaster Sanded"
"a9a428c6-7add-52db-b1b6-7993b61df06f","","checkpoint-status","not-started","","","TRUE","TRUE","Site QA","Area Ready","WING B2","B.35A ENSUITE","Walls / Ceiling","Painted"
"b86fb5b5-7ef7-4de6-af26-595e9424faa4","","checklist-sectioned","not-started","Area Ready Checklist","checklist","FALSE","FALSE","Site QA","Area Ready","WING B2","B.36 BED"
"17b8624e-1d81-5e7e-81cc-bca8c67609f7","","checkpoint-group","not-started","","","FALSE","FALSE","Site QA","Area Ready","WING B2","B.36 BED","Substrate"
"9aa084ea-49ca-5334-817e-2b1d34670b76","","checkpoint-status","not-started","","","TRUE","TRUE","Site QA","Area Ready","WING B2","B.36 BED","Substrate","Substrate Acceptable"
"8f4853bb-d5f3-511a-9be4-0a0f9f64166d","","checkpoint-status","not-started","","","TRUE","TRUE","Site QA","Area Ready","WING B2","B.36 BED","Substrate","Wet Area Screed Installed"
"b3fa118e-20a1-54d7-8a91-03d11a7599b8","","checkpoint-group","not-started","","","FALSE","FALSE","Site QA","Area Ready","WING B2","B.36 BED","Walls / Ceiling"
"049c7bbd-79be-5509-b05e-c037fe3828a2","","checkpoint-status","not-started","","","TRUE","TRUE","Site QA","Area Ready","WING B2","B.36 BED","Walls / Ceiling","Ceiling Installed"
"9812b194-425f-5e58-af30-74fcce15c831","","checkpoint-status","not-started","","","TRUE","TRUE","Site QA","Area Ready","WING B2","B.36 BED","Walls / Ceiling","Gyprock"
"0b711b42-c0c7-5fed-bf8e-f165c998f069","","checkpoint-status","not-started","","","TRUE","TRUE","Site QA","Area Ready","WING B2","B.36 BED","Walls / Ceiling","Plastered"
"480bfc0c-9056-5bfb-9302-a0a20fcfc4bf","","checkpoint-status","not-started","","","TRUE","TRUE","Site QA","Area Ready","WING B2","B.36 BED","Walls / Ceiling","Plaster Sanded"
"7d67a213-7c1a-5ef1-8731-90d7b6506b68","","checkpoint-status","not-started","","","TRUE","TRUE","Site QA","Area Ready","WING B2","B.36 BED","Walls / Ceiling","Painted"
"e02207d6-5b1d-4872-984b-1c55d1a1ec44","","checklist-sectioned","not-started","Area Ready Checklist","checklist","FALSE","FALSE","Site QA","Area Ready","WING B2","B.36A ENSUITE"
"51fdf514-381d-56fd-a6e1-87e5cfb3ced6","","checkpoint-group","not-started","","","FALSE","FALSE","Site QA","Area Ready","WING B2","B.36A ENSUITE","Substrate"
"a2766ee5-7108-53e2-9f51-623985b545ee","","checkpoint-status","not-started","","","TRUE","TRUE","Site QA","Area Ready","WING B2","B.36A ENSUITE","Substrate","Substrate Acceptable"
"55f80bf7-8345-58f1-90df-8a13f6ac2e14","","checkpoint-status","not-started","","","TRUE","TRUE","Site QA","Area Ready","WING B2","B.36A ENSUITE","Substrate","Wet Area Screed Installed"
"9d1fc489-aa67-5950-9680-6ee07c9b3924","","checkpoint-group","not-started","","","FALSE","FALSE","Site QA","Area Ready","WING B2","B.36A ENSUITE","Walls / Ceiling"
"247cbb07-b38b-5ecd-8762-179b2a41a22b","","checkpoint-status","not-started","","","TRUE","TRUE","Site QA","Area Ready","WING B2","B.36A ENSUITE","Walls / Ceiling","Ceiling Installed"
"1ac9a860-c9f4-52af-a0cb-199df67ebf1c","","checkpoint-status","not-started","","","TRUE","TRUE","Site QA","Area Ready","WING B2","B.36A ENSUITE","Walls / Ceiling","Gyprock"
"2c678940-3cf6-5932-8590-6fd2e4ac38cd","","checkpoint-status","not-started","","","TRUE","TRUE","Site QA","Area Ready","WING B2","B.36A ENSUITE","Walls / Ceiling","Plastered"
"b861b040-f3c2-5fde-bc78-26e93467f86d","","checkpoint-status","not-started","","","TRUE","TRUE","Site QA","Area Ready","WING B2","B.36A ENSUITE","Walls / Ceiling","Plaster Sanded"
"a9be1073-5616-5158-a23f-ea738a085782","","checkpoint-status","not-started","","","TRUE","TRUE","Site QA","Area Ready","WING B2","B.36A ENSUITE","Walls / Ceiling","Painted"
"599afe01-3257-4a15-975c-6a7567a557ef","","checklist-sectioned","not-started","Area Ready Checklist","checklist","FALSE","FALSE","Site QA","Area Ready","WING B2","B.37 BED"
"a3546144-543b-5b20-bd62-260587fe479e","","checkpoint-group","not-started","","","FALSE","FALSE","Site QA","Area Ready","WING B2","B.37 BED","Substrate"
"04e91ede-a0f1-5a45-8bc8-c2d6f27c1ed5","","checkpoint-status","not-started","","","TRUE","TRUE","Site QA","Area Ready","WING B2","B.37 BED","Substrate","Substrate Acceptable"
"12753245-97b9-5b22-87b5-6651f2f69cdd","","checkpoint-status","not-started","","","TRUE","TRUE","Site QA","Area Ready","WING B2","B.37 BED","Substrate","Wet Area Screed Installed"
"ad4a1eae-f50f-5e88-8264-0718cd8f7eda","","checkpoint-group","not-started","","","FALSE","FALSE","Site QA","Area Ready","WING B2","B.37 BED","Walls / Ceiling"
"e491a8d7-13a4-567d-960e-a8a87cff1ebc","","checkpoint-status","not-started","","","TRUE","TRUE","Site QA","Area Ready","WING B2","B.37 BED","Walls / Ceiling","Ceiling Installed"
"d55f226d-140a-5436-879e-2d0e3e8b2b38","","checkpoint-status","not-started","","","TRUE","TRUE","Site QA","Area Ready","WING B2","B.37 BED","Walls / Ceiling","Gyprock"
"826e2cb8-71a2-55e2-895c-d64e4ec14701","","checkpoint-status","not-started","","","TRUE","TRUE","Site QA","Area Ready","WING B2","B.37 BED","Walls / Ceiling","Plastered"
"20c572e2-2154-5043-b5ed-c86573dd43b3","","checkpoint-status","not-started","","","TRUE","TRUE","Site QA","Area Ready","WING B2","B.37 BED","Walls / Ceiling","Plaster Sanded"
"c51d7172-6126-5479-ad51-3c12967a44fc","","checkpoint-status","not-started","","","TRUE","TRUE","Site QA","Area Ready","WING B2","B.37 BED","Walls / Ceiling","Painted"
"ac5a42dc-4bb5-4200-8e79-ea100070fec9","","checklist-sectioned","not-started","Area Ready Checklist","checklist","FALSE","FALSE","Site QA","Area Ready","WING B2","B.37A ENSUITE"
"d896d879-8904-541e-8063-a934f8f47a06","","checkpoint-group","not-started","","","FALSE","FALSE","Site QA","Area Ready","WING B2","B.37A ENSUITE","Substrate"
"0fb4d7b4-d1f4-5456-9736-8502342024e0","","checkpoint-status","not-started","","","TRUE","TRUE","Site QA","Area Ready","WING B2","B.37A ENSUITE","Substrate","Substrate Acceptable"
"34ff8f3c-d062-58bc-8278-e24255b8ad42","","checkpoint-status","not-started","","","TRUE","TRUE","Site QA","Area Ready","WING B2","B.37A ENSUITE","Substrate","Wet Area Screed Installed"
"51fa01fb-1603-5b7c-9dae-c818c9c3218d","","checkpoint-group","not-started","","","FALSE","FALSE","Site QA","Area Ready","WING B2","B.37A ENSUITE","Walls / Ceiling"
"6acf8d21-97c8-564a-93fc-2b430ea50d4c","","checkpoint-status","not-started","","","TRUE","TRUE","Site QA","Area Ready","WING B2","B.37A ENSUITE","Walls / Ceiling","Ceiling Installed"
"15c3d958-3788-58f2-aee4-d829f976e818","","checkpoint-status","not-started","","","TRUE","TRUE","Site QA","Area Ready","WING B2","B.37A ENSUITE","Walls / Ceiling","Gyprock"
"34dd2d49-226c-5ff5-a148-5f4481ab38a3","","checkpoint-status","not-started","","","TRUE","TRUE","Site QA","Area Ready","WING B2","B.37A ENSUITE","Walls / Ceiling","Plastered"
"147d4e47-0705-5311-986d-098ab033b7bc","","checkpoint-status","not-started","","","TRUE","TRUE","Site QA","Area Ready","WING B2","B.37A ENSUITE","Walls / Ceiling","Plaster Sanded"
"f27e9d84-4301-5d71-b656-88f32964f086","","checkpoint-status","not-started","","","TRUE","TRUE","Site QA","Area Ready","WING B2","B.37A ENSUITE","Walls / Ceiling","Painted"
"4ac6792d-56f8-4c4b-83a7-efb96ce5900f","","checklist-sectioned","not-started","Area Ready Checklist","checklist","FALSE","FALSE","Site QA","Area Ready","WING B2","B.38 BED"
"873002f2-4ea4-5a2e-b13c-22020af588fe","","checkpoint-group","not-started","","","FALSE","FALSE","Site QA","Area Ready","WING B2","B.38 BED","Substrate"
"f88ff736-f4e4-554f-9191-d8843f23cec5","","checkpoint-status","not-started","","","TRUE","TRUE","Site QA","Area Ready","WING B2","B.38 BED","Substrate","Substrate Acceptable"
"05e959c7-ffcf-5a59-9292-a9b0949baaaf","","checkpoint-status","not-started","","","TRUE","TRUE","Site QA","Area Ready","WING B2","B.38 BED","Substrate","Wet Area Screed Installed"
"23ce04f7-13be-5c70-9d5e-b1a556819b20","","checkpoint-group","not-started","","","FALSE","FALSE","Site QA","Area Ready","WING B2","B.38 BED","Walls / Ceiling"
"18bd3cd9-fb8c-5d45-85e1-37c2804b37e2","","checkpoint-status","not-started","","","TRUE","TRUE","Site QA","Area Ready","WING B2","B.38 BED","Walls / Ceiling","Ceiling Installed"
"939ace8a-cd4e-532c-8b3a-198d4a4eb456","","checkpoint-status","not-started","","","TRUE","TRUE","Site QA","Area Ready","WING B2","B.38 BED","Walls / Ceiling","Gyprock"
"338dca82-447d-507e-894b-5f2cb8f8fff4","","checkpoint-status","not-started","","","TRUE","TRUE","Site QA","Area Ready","WING B2","B.38 BED","Walls / Ceiling","Plastered"
"1053ac81-d038-52e0-a6f8-fdbf61c64a32","","checkpoint-status","not-started","","","TRUE","TRUE","Site QA","Area Ready","WING B2","B.38 BED","Walls / Ceiling","Plaster Sanded"
"49d351f8-da8b-59f6-ad85-e33908bd1831","","checkpoint-status","not-started","","","TRUE","TRUE","Site QA","Area Ready","WING B2","B.38 BED","Walls / Ceiling","Painted"
"80a74c65-80d2-471f-89d3-64695acffc06","","checklist-sectioned","not-started","Area Ready Checklist","checklist","FALSE","FALSE","Site QA","Area Ready","WING B2","B.38A ENSUITE"
"eb11d313-4c90-5781-99c7-f46db4b61c6b","","checkpoint-group","not-started","","","FALSE","FALSE","Site QA","Area Ready","WING B2","B.38A ENSUITE","Substrate"
"ba375139-d24e-5738-8faa-5b8d4059047c","","checkpoint-status","not-started","","","TRUE","TRUE","Site QA","Area Ready","WING B2","B.38A ENSUITE","Substrate","Substrate Acceptable"
"63e57f20-ad93-5e2c-a45c-27fa6a8b2e6c","","checkpoint-status","not-started","","","TRUE","TRUE","Site QA","Area Ready","WING B2","B.38A ENSUITE","Substrate","Wet Area Screed Installed"
"ccca07e3-567c-5a1e-9730-037b3e0cd750","","checkpoint-group","not-started","","","FALSE","FALSE","Site QA","Area Ready","WING B2","B.38A ENSUITE","Walls / Ceiling"
"3254faa0-8a36-51f4-84f9-558ca2678e95","","checkpoint-status","not-started","","","TRUE","TRUE","Site QA","Area Ready","WING B2","B.38A ENSUITE","Walls / Ceiling","Ceiling Installed"
"0becac95-7615-5446-943d-a1dc780cd96e","","checkpoint-status","not-started","","","TRUE","TRUE","Site QA","Area Ready","WING B2","B.38A ENSUITE","Walls / Ceiling","Gyprock"
"19182510-fa8e-5198-a869-99a97e56922f","","checkpoint-status","not-started","","","TRUE","TRUE","Site QA","Area Ready","WING B2","B.38A ENSUITE","Walls / Ceiling","Plastered"
"93c16011-1d9c-546f-b4e1-4e8c1284f75f","","checkpoint-status","not-started","","","TRUE","TRUE","Site QA","Area Ready","WING B2","B.38A ENSUITE","Walls / Ceiling","Plaster Sanded"
"245f99ee-3cd4-5546-8e68-9d7f47711c61","","checkpoint-status","not-started","","","TRUE","TRUE","Site QA","Area Ready","WING B2","B.38A ENSUITE","Walls / Ceiling","Painted"
"38bf78e1-ac41-4d14-b640-713e9ef5acd6","","checklist-sectioned","not-started","Area Ready Checklist","checklist","FALSE","FALSE","Site QA","Area Ready","WING B2","B.39 BED"
"2aad47b0-a86b-5cc7-8d20-949c3808d591","","checkpoint-group","not-started","","","FALSE","FALSE","Site QA","Area Ready","WING B2","B.39 BED","Substrate"
"24a6d354-fc86-5008-ac31-324eb0a764be","","checkpoint-status","not-started","","","TRUE","TRUE","Site QA","Area Ready","WING B2","B.39 BED","Substrate","Substrate Acceptable"
"2e5aa993-c443-5cc0-8ec9-ac65853b7905","","checkpoint-status","not-started","","","TRUE","TRUE","Site QA","Area Ready","WING B2","B.39 BED","Substrate","Wet Area Screed Installed"
"895d389c-fd47-558a-a7c5-c7e41879c90e","","checkpoint-group","not-started","","","FALSE","FALSE","Site QA","Area Ready","WING B2","B.39 BED","Walls / Ceiling"
"0441c142-0e34-5c95-9fc9-ece972daef1c","","checkpoint-status","not-started","","","TRUE","TRUE","Site QA","Area Ready","WING B2","B.39 BED","Walls / Ceiling","Ceiling Installed"
"e5ee9b90-a46a-5af2-bd4f-be597bb3065c","","checkpoint-status","not-started","","","TRUE","TRUE","Site QA","Area Ready","WING B2","B.39 BED","Walls / Ceiling","Gyprock"
"4d8e8bf5-9596-5368-86aa-0597bac1036f","","checkpoint-status","not-started","","","TRUE","TRUE","Site QA","Area Ready","WING B2","B.39 BED","Walls / Ceiling","Plastered"
"d0294755-c68d-58e6-9217-d2e168e18dc8","","checkpoint-status","not-started","","","TRUE","TRUE","Site QA","Area Ready","WING B2","B.39 BED","Walls / Ceiling","Plaster Sanded"
"b394c0b2-118b-5cd3-a9e4-b8354239cc98","","checkpoint-status","not-started","","","TRUE","TRUE","Site QA","Area Ready","WING B2","B.39 BED","Walls / Ceiling","Painted"
"bf725fa7-7b63-4830-8491-fac686dd3bc5","","checklist-sectioned","not-started","Area Ready Checklist","checklist","FALSE","FALSE","Site QA","Area Ready","WING B2","B.39A ENSUITE"
"ea33d064-892a-5556-bf60-1ceb6fca19c7","","checkpoint-group","not-started","","","FALSE","FALSE","Site QA","Area Ready","WING B2","B.39A ENSUITE","Substrate"
"e65738e5-2356-5c31-b54d-fe10337b6c84","","checkpoint-status","not-started","","","TRUE","TRUE","Site QA","Area Ready","WING B2","B.39A ENSUITE","Substrate","Substrate Acceptable"
"fe1fd697-1643-5bd4-9e70-48fdb9da1791","","checkpoint-status","not-started","","","TRUE","TRUE","Site QA","Area Ready","WING B2","B.39A ENSUITE","Substrate","Wet Area Screed Installed"
"8b373759-ac7c-5a32-b871-f72df77c37a3","","checkpoint-group","not-started","","","FALSE","FALSE","Site QA","Area Ready","WING B2","B.39A ENSUITE","Walls / Ceiling"
"d01d8045-fff9-54d9-9fc9-ebe729c64b6a","","checkpoint-status","not-started","","","TRUE","TRUE","Site QA","Area Ready","WING B2","B.39A ENSUITE","Walls / Ceiling","Ceiling Installed"
"e84a7117-8901-56de-8295-a942571a2dc1","","checkpoint-status","not-started","","","TRUE","TRUE","Site QA","Area Ready","WING B2","B.39A ENSUITE","Walls / Ceiling","Gyprock"
"806eda02-9ca3-5d79-a2a2-7d00d411691b","","checkpoint-status","not-started","","","TRUE","TRUE","Site QA","Area Ready","WING B2","B.39A ENSUITE","Walls / Ceiling","Plastered"
"6890a0ed-fb64-52ff-a8d2-c4b23d96fbec","","checkpoint-status","not-started","","","TRUE","TRUE","Site QA","Area Ready","WING B2","B.39A ENSUITE","Walls / Ceiling","Plaster Sanded"
"577d90c6-83ae-55b8-9fc6-6edf7f8a250b","","checkpoint-status","not-started","","","TRUE","TRUE","Site QA","Area Ready","WING B2","B.39A ENSUITE","Walls / Ceiling","Painted"
"91486388-8f52-48ce-867d-d3ecc7eef12f","","checklist-sectioned","not-started","Area Ready Checklist","checklist","FALSE","FALSE","Site QA","Area Ready","WING B2","B.40 BED"
"2186befe-cf78-532c-aaec-9453c381b8b6","","checkpoint-group","not-started","","","FALSE","FALSE","Site QA","Area Ready","WING B2","B.40 BED","Substrate"
"5926f5ba-b527-50ae-92df-8df74db8105f","","checkpoint-status","not-started","","","TRUE","TRUE","Site QA","Area Ready","WING B2","B.40 BED","Substrate","Substrate Acceptable"
"6bae1d0f-a7e6-5973-88d4-e89a4bd2d29f","","checkpoint-status","not-started","","","TRUE","TRUE","Site QA","Area Ready","WING B2","B.40 BED","Substrate","Wet Area Screed Installed"
"9f003a85-35ce-5bdd-8298-02355a8e7667","","checkpoint-group","not-started","","","FALSE","FALSE","Site QA","Area Ready","WING B2","B.40 BED","Walls / Ceiling"
"f9301871-d0dc-5f33-8f15-40d368b9145e","","checkpoint-status","not-started","","","TRUE","TRUE","Site QA","Area Ready","WING B2","B.40 BED","Walls / Ceiling","Ceiling Installed"
"840e29b5-c54e-5574-988a-bfdab5a6ba4d","","checkpoint-status","not-started","","","TRUE","TRUE","Site QA","Area Ready","WING B2","B.40 BED","Walls / Ceiling","Gyprock"
"0b7682e1-45b8-5473-9e63-5c465a976631","","checkpoint-status","not-started","","","TRUE","TRUE","Site QA","Area Ready","WING B2","B.40 BED","Walls / Ceiling","Plastered"
"cafcc761-982d-5824-8d9e-060eb4821454","","checkpoint-status","not-started","","","TRUE","TRUE","Site QA","Area Ready","WING B2","B.40 BED","Walls / Ceiling","Plaster Sanded"
"c5678921-238e-52ad-80cf-f48519e2200a","","checkpoint-status","not-started","","","TRUE","TRUE","Site QA","Area Ready","WING B2","B.40 BED","Walls / Ceiling","Painted"
"36b962cd-1395-4285-a5e5-8332ffc01012","","checklist-sectioned","not-started","Area Ready Checklist","checklist","FALSE","FALSE","Site QA","Area Ready","WING B2","B.40A ENSUITE"
"70e4b21e-b084-5c5e-824a-c5092b912f3d","","checkpoint-group","not-started","","","FALSE","FALSE","Site QA","Area Ready","WING B2","B.40A ENSUITE","Substrate"
"93192659-7c2b-5d6a-8471-959f6cc73785","","checkpoint-status","not-started","","","TRUE","TRUE","Site QA","Area Ready","WING B2","B.40A ENSUITE","Substrate","Substrate Acceptable"
"885df619-e758-5856-abb7-a035548b4b81","","checkpoint-status","not-started","","","TRUE","TRUE","Site QA","Area Ready","WING B2","B.40A ENSUITE","Substrate","Wet Area Screed Installed"
"f1c18b8b-b997-58a6-b076-796a1e97001e","","checkpoint-group","not-started","","","FALSE","FALSE","Site QA","Area Ready","WING B2","B.40A ENSUITE","Walls / Ceiling"
"946dee83-e30e-5e5e-9929-b20a188f53b7","","checkpoint-status","not-started","","","TRUE","TRUE","Site QA","Area Ready","WING B2","B.40A ENSUITE","Walls / Ceiling","Ceiling Installed"
"e73c8e3e-fe7a-5986-80af-ff899caaa6e7","","checkpoint-status","not-started","","","TRUE","TRUE","Site QA","Area Ready","WING B2","B.40A ENSUITE","Walls / Ceiling","Gyprock"
"ae8db9ec-b321-52da-bf2b-57409f04267b","","checkpoint-status","not-started","","","TRUE","TRUE","Site QA","Area Ready","WING B2","B.40A ENSUITE","Walls / Ceiling","Plastered"
"5ab7fd17-0a94-5a57-90d7-81e9731fda46","","checkpoint-status","not-started","","","TRUE","TRUE","Site QA","Area Ready","WING B2","B.40A ENSUITE","Walls / Ceiling","Plaster Sanded"
"86774362-60f7-59d6-a279-710a827dfff2","","checkpoint-status","not-started","","","TRUE","TRUE","Site QA","Area Ready","WING B2","B.40A ENSUITE","Walls / Ceiling","Painted"
"dcdcee5e-b05a-400f-9b73-0df601ebb65f","","checklist-sectioned","not-started","Area Ready Checklist","checklist","FALSE","FALSE","Site QA","Area Ready","WING B2","B.41 BED"
"37af6664-9b10-55fa-a7f9-ca879d5b5b5e","","checkpoint-group","not-started","","","FALSE","FALSE","Site QA","Area Ready","WING B2","B.41 BED","Substrate"
"4a391368-055f-5ea9-ad92-5c8f074f7a8f","","checkpoint-status","not-started","","","TRUE","TRUE","Site QA","Area Ready","WING B2","B.41 BED","Substrate","Substrate Acceptable"
"3176602b-0bf9-5b9d-ac53-2ceb6d7a8d3e","","checkpoint-status","not-started","","","TRUE","TRUE","Site QA","Area Ready","WING B2","B.41 BED","Substrate","Wet Area Screed Installed"
"3d4465b0-5c11-5761-83c1-457d1a400c81","","checkpoint-group","not-started","","","FALSE","FALSE","Site QA","Area Ready","WING B2","B.41 BED","Walls / Ceiling"
"31a0a722-9226-5f11-94c2-26d79514e793","","checkpoint-status","not-started","","","TRUE","TRUE","Site QA","Area Ready","WING B2","B.41 BED","Walls / Ceiling","Ceiling Installed"
"1cb3bf1f-7c5e-5dc1-8b54-0704cd281d7f","","checkpoint-status","not-started","","","TRUE","TRUE","Site QA","Area Ready","WING B2","B.41 BED","Walls / Ceiling","Gyprock"
"de2d2dd3-4e81-55e8-9b02-98cdaad0487a","","checkpoint-status","not-started","","","TRUE","TRUE","Site QA","Area Ready","WING B2","B.41 BED","Walls / Ceiling","Plastered"
"df2f0b54-6f49-5bc7-ba42-ad3598fda6e5","","checkpoint-status","not-started","","","TRUE","TRUE","Site QA","Area Ready","WING B2","B.41 BED","Walls / Ceiling","Plaster Sanded"
"e51dd808-af99-5574-8a0e-e907f517b2e6","","checkpoint-status","not-started","","","TRUE","TRUE","Site QA","Area Ready","WING B2","B.41 BED","Walls / Ceiling","Painted"
"cc6e0ceb-a529-40e6-9546-3a722a05302e","","checklist-sectioned","not-started","Area Ready Checklist","checklist","FALSE","FALSE","Site QA","Area Ready","WING B2","B.41A ENSUITE"
"99dac639-7fce-59a9-a67f-b94af62e6e76","","checkpoint-group","not-started","","","FALSE","FALSE","Site QA","Area Ready","WING B2","B.41A ENSUITE","Substrate"
"8117e415-3abc-580b-b45e-4ae9476b21c4","","checkpoint-status","not-started","","","TRUE","TRUE","Site QA","Area Ready","WING B2","B.41A ENSUITE","Substrate","Substrate Acceptable"
"b076e8b7-f4ec-51bc-9e45-cc1ac057c415","","checkpoint-status","not-started","","","TRUE","TRUE","Site QA","Area Ready","WING B2","B.41A ENSUITE","Substrate","Wet Area Screed Installed"
"0bf26b14-11a8-5617-90ac-ecc79bcf7553","","checkpoint-group","not-started","","","FALSE","FALSE","Site QA","Area Ready","WING B2","B.41A ENSUITE","Walls / Ceiling"
"570c99cd-23d5-5560-902f-fc3862b6f8b0","","checkpoint-status","not-started","","","TRUE","TRUE","Site QA","Area Ready","WING B2","B.41A ENSUITE","Walls / Ceiling","Ceiling Installed"
"dd7b21ec-ed7e-5da8-b80d-7d6a9b62bb10","","checkpoint-status","not-started","","","TRUE","TRUE","Site QA","Area Ready","WING B2","B.41A ENSUITE","Walls / Ceiling","Gyprock"
"dd09e1ae-55ac-58be-9e54-8a810b07e7af","","checkpoint-status","not-started","","","TRUE","TRUE","Site QA","Area Ready","WING B2","B.41A ENSUITE","Walls / Ceiling","Plastered"
"06800fbc-b787-53aa-b0ea-406c3873cc21","","checkpoint-status","not-started","","","TRUE","TRUE","Site QA","Area Ready","WING B2","B.41A ENSUITE","Walls / Ceiling","Plaster Sanded"
"0e403baa-277e-5215-af14-9db1554ea11d","","checkpoint-status","not-started","","","TRUE","TRUE","Site QA","Area Ready","WING B2","B.41A ENSUITE","Walls / Ceiling","Painted"
"10e7dfc7-4625-4c66-a014-f71cdc743975","","checklist-sectioned","not-started","Area Ready Checklist","checklist","FALSE","FALSE","Site QA","Area Ready","WING B2","B.42 BED"
"998b20d9-827e-5be0-be61-bbeef68d21e1","","checkpoint-group","not-started","","","FALSE","FALSE","Site QA","Area Ready","WING B2","B.42 BED","Substrate"
"ebb8fcaf-ea30-5d68-8b0e-e5b9de702457","","checkpoint-status","not-started","","","TRUE","TRUE","Site QA","Area Ready","WING B2","B.42 BED","Substrate","Substrate Acceptable"
"ee71c4b1-cb50-58ce-8bea-ad2cba735e8c","","checkpoint-status","not-started","","","TRUE","TRUE","Site QA","Area Ready","WING B2","B.42 BED","Substrate","Wet Area Screed Installed"
"353e2b26-e348-542b-9b91-681a7c0f6449","","checkpoint-group","not-started","","","FALSE","FALSE","Site QA","Area Ready","WING B2","B.42 BED","Walls / Ceiling"
"0ab6858d-3952-5c66-abcd-1bec14898e94","","checkpoint-status","not-started","","","TRUE","TRUE","Site QA","Area Ready","WING B2","B.42 BED","Walls / Ceiling","Ceiling Installed"
"60e95980-c7e1-597f-8798-6916162778ff","","checkpoint-status","not-started","","","TRUE","TRUE","Site QA","Area Ready","WING B2","B.42 BED","Walls / Ceiling","Gyprock"
"4cba5c9b-bbe1-53d8-8ad4-a91e469d51cd","","checkpoint-status","not-started","","","TRUE","TRUE","Site QA","Area Ready","WING B2","B.42 BED","Walls / Ceiling","Plastered"
"b5bc7124-6e3f-5a24-ba1c-2c42c02cbbbb","","checkpoint-status","not-started","","","TRUE","TRUE","Site QA","Area Ready","WING B2","B.42 BED","Walls / Ceiling","Plaster Sanded"
"e247432e-47bb-5617-b9f8-bc740a46fe4a","","checkpoint-status","not-started","","","TRUE","TRUE","Site QA","Area Ready","WING B2","B.42 BED","Walls / Ceiling","Painted"
"91566614-6a4a-4a35-853a-781eabcde11d","","checklist-sectioned","not-started","Area Ready Checklist","checklist","FALSE","FALSE","Site QA","Area Ready","WING B2","B.43 BED"
"9b5a0a17-309a-5c2e-8448-5698dd9035a5","","checkpoint-group","not-started","","","FALSE","FALSE","Site QA","Area Ready","WING B2","B.43 BED","Substrate"
"aff7a7cf-ac2c-5bb8-a39b-afefe607dbea","","checkpoint-status","not-started","","","TRUE","TRUE","Site QA","Area Ready","WING B2","B.43 BED","Substrate","Substrate Acceptable"
"9a87cf24-1548-51fa-be5c-54c7fa6e0ce5","","checkpoint-status","not-started","","","TRUE","TRUE","Site QA","Area Ready","WING B2","B.43 BED","Substrate","Wet Area Screed Installed"
"ef91d47c-2796-5287-bdbb-64e7d9e160fd","","checkpoint-group","not-started","","","FALSE","FALSE","Site QA","Area Ready","WING B2","B.43 BED","Walls / Ceiling"
"2d1fb0cf-8c8e-5552-9971-c0ff9cc97140","","checkpoint-status","not-started","","","TRUE","TRUE","Site QA","Area Ready","WING B2","B.43 BED","Walls / Ceiling","Ceiling Installed"
"1b731eae-4cec-5d86-99ea-9f0d13d10d2e","","checkpoint-status","not-started","","","TRUE","TRUE","Site QA","Area Ready","WING B2","B.43 BED","Walls / Ceiling","Gyprock"
"6b30d34f-5d89-58dd-ac77-e50d497efad8","","checkpoint-status","not-started","","","TRUE","TRUE","Site QA","Area Ready","WING B2","B.43 BED","Walls / Ceiling","Plastered"
"4c7dd848-97b9-5475-b182-e30330d46d2e","","checkpoint-status","not-started","","","TRUE","TRUE","Site QA","Area Ready","WING B2","B.43 BED","Walls / Ceiling","Plaster Sanded"
"45152f04-3b08-5d85-a369-af84fc9f508d","","checkpoint-status","not-started","","","TRUE","TRUE","Site QA","Area Ready","WING B2","B.43 BED","Walls / Ceiling","Painted"
"63595c67-5d73-45d4-801d-d384d742e587","","checklist-sectioned","not-started","Area Ready Checklist","checklist","FALSE","FALSE","Site QA","Area Ready","WING B2","B.43A BED"
"929fc85e-0282-5cd5-8530-843ef4513394","","checkpoint-group","not-started","","","FALSE","FALSE","Site QA","Area Ready","WING B2","B.43A BED","Substrate"
"ec129144-6422-53b5-b65d-f36bc6778e7c","","checkpoint-status","not-started","","","TRUE","TRUE","Site QA","Area Ready","WING B2","B.43A BED","Substrate","Substrate Acceptable"
"603eda97-e197-54e0-96d6-0d8d1a05dbd3","","checkpoint-status","not-started","","","TRUE","TRUE","Site QA","Area Ready","WING B2","B.43A BED","Substrate","Wet Area Screed Installed"
"b6911fbe-3d8e-5e93-96ea-7212c7a3be18","","checkpoint-group","not-started","","","FALSE","FALSE","Site QA","Area Ready","WING B2","B.43A BED","Walls / Ceiling"
"0a213aad-4dc8-5e49-bce2-d100a8da0dfb","","checkpoint-status","not-started","","","TRUE","TRUE","Site QA","Area Ready","WING B2","B.43A BED","Walls / Ceiling","Ceiling Installed"
"d5d385c4-38e1-5edf-a7cc-52f4ca20fae3","","checkpoint-status","not-started","","","TRUE","TRUE","Site QA","Area Ready","WING B2","B.43A BED","Walls / Ceiling","Gyprock"
"b75b6810-54da-5261-a36c-e72bc43bf7c9","","checkpoint-status","not-started","","","TRUE","TRUE","Site QA","Area Ready","WING B2","B.43A BED","Walls / Ceiling","Plastered"
"8cfef299-b24c-5571-93f9-fa5c0e74a005","","checkpoint-status","not-started","","","TRUE","TRUE","Site QA","Area Ready","WING B2","B.43A BED","Walls / Ceiling","Plaster Sanded"
"fdec161f-82fb-51b2-ab61-bc24652e7792","","checkpoint-status","not-started","","","TRUE","TRUE","Site QA","Area Ready","WING B2","B.43A BED","Walls / Ceiling","Painted"
"5800798f-0157-46c4-bbc1-70d2501f650c","","checklist-sectioned","not-started","Area Ready Checklist","checklist","FALSE","FALSE","Site QA","Area Ready","WING B2","B.98 CORRIDOR"
"47525fa8-c5d9-5261-9212-7cd8a2ada606","","checkpoint-group","not-started","","","FALSE","FALSE","Site QA","Area Ready","WING B2","B.98 CORRIDOR","Substrate"
"756ce20c-f9b4-5723-b4ad-ff4ddd3d7382","","checkpoint-status","not-started","","","TRUE","TRUE","Site QA","Area Ready","WING B2","B.98 CORRIDOR","Substrate","Substrate Acceptable"
"f6e9ec37-a64a-59da-94a0-38c872e3b6df","","checkpoint-status","not-started","","","TRUE","TRUE","Site QA","Area Ready","WING B2","B.98 CORRIDOR","Substrate","Wet Area Screed Installed"
"32f8650a-17b8-5542-9000-212bd221b5da","","checkpoint-group","not-started","","","FALSE","FALSE","Site QA","Area Ready","WING B2","B.98 CORRIDOR","Walls / Ceiling"
"80b31e93-f71d-5dff-afa8-109f0f45581e","","checkpoint-status","not-started","","","TRUE","TRUE","Site QA","Area Ready","WING B2","B.98 CORRIDOR","Walls / Ceiling","Ceiling Installed"
"2adbba16-78c9-5860-8a26-bf4fbf9d08ab","","checkpoint-status","not-started","","","TRUE","TRUE","Site QA","Area Ready","WING B2","B.98 CORRIDOR","Walls / Ceiling","Gyprock"
"f36474e2-fe38-518a-ae13-65e5af35e353","","checkpoint-status","not-started","","","TRUE","TRUE","Site QA","Area Ready","WING B2","B.98 CORRIDOR","Walls / Ceiling","Plastered"
"c24635a5-2e09-5d91-aa0e-a8cd626e8c40","","checkpoint-status","not-started","","","TRUE","TRUE","Site QA","Area Ready","WING B2","B.98 CORRIDOR","Walls / Ceiling","Plaster Sanded"
"56cda943-3f46-5a96-95f7-afe26dc30bd6","","checkpoint-status","not-started","","","TRUE","TRUE","Site QA","Area Ready","WING B2","B.98 CORRIDOR","Walls / Ceiling","Painted"
"5191db74-3022-4f36-b49c-e3b4d1316f7e","","checklist-sectioned","not-started","Area Ready Checklist","checklist","FALSE","FALSE","Site QA","Area Ready","WING B2","B42A ENSUITE"
"0e2ef4db-58b9-5b5f-b067-57fb0b715fc6","","checkpoint-group","not-started","","","FALSE","FALSE","Site QA","Area Ready","WING B2","B42A ENSUITE","Substrate"
"9d083586-dde2-5a36-96ab-9dd5b608d382","","checkpoint-status","not-started","","","TRUE","TRUE","Site QA","Area Ready","WING B2","B42A ENSUITE","Substrate","Substrate Acceptable"
"f7cae65d-9797-5689-a04f-12b41093d651","","checkpoint-status","not-started","","","TRUE","TRUE","Site QA","Area Ready","WING B2","B42A ENSUITE","Substrate","Wet Area Screed Installed"
"1eb5b7a1-b623-51d6-86c2-5f8656a7efc6","","checkpoint-group","not-started","","","FALSE","FALSE","Site QA","Area Ready","WING B2","B42A ENSUITE","Walls / Ceiling"
"d23889cf-4730-5704-9290-579cf5287018","","checkpoint-status","not-started","","","TRUE","TRUE","Site QA","Area Ready","WING B2","B42A ENSUITE","Walls / Ceiling","Ceiling Installed"
"c39948e3-a59a-5559-bdf7-1929eb81677e","","checkpoint-status","not-started","","","TRUE","TRUE","Site QA","Area Ready","WING B2","B42A ENSUITE","Walls / Ceiling","Gyprock"
"ce43aa1d-a41a-53dc-8481-6c6442a3fc9e","","checkpoint-status","not-started","","","TRUE","TRUE","Site QA","Area Ready","WING B2","B42A ENSUITE","Walls / Ceiling","Plastered"
"020ec95f-b7ab-5db0-a873-7e4cc5e69d23","","checkpoint-status","not-started","","","TRUE","TRUE","Site QA","Area Ready","WING B2","B42A ENSUITE","Walls / Ceiling","Plaster Sanded"
"2e92b8f7-0a3b-51ad-a3a4-20560d88c71f","","checkpoint-status","not-started","","","TRUE","TRUE","Site QA","Area Ready","WING B2","B42A ENSUITE","Walls / Ceiling","Painted"
"dffa9a60-735c-4d5d-bd71-cb8bdc4aaa5e","","checklist-sectioned","not-started","Area Ready Checklist","checklist","FALSE","FALSE","Site QA","Area Ready","WING B2","CORRIDOR, LINEN"
"9e7517ab-5a66-5bb2-a464-425e636e9cd2","","checkpoint-group","not-started","","","FALSE","FALSE","Site QA","Area Ready","WING B2","CORRIDOR, LINEN","Substrate"
"1105fad8-d9a6-596e-84d9-365ea6907bd7","","checkpoint-status","not-started","","","TRUE","TRUE","Site QA","Area Ready","WING B2","CORRIDOR, LINEN","Substrate","Substrate Acceptable"
"837c8797-6ae5-577f-bccc-3cbf22be369d","","checkpoint-status","not-started","","","TRUE","TRUE","Site QA","Area Ready","WING B2","CORRIDOR, LINEN","Substrate","Wet Area Screed Installed"
"85f7f04e-14a8-524b-97e9-59dfef6f3633","","checkpoint-group","not-started","","","FALSE","FALSE","Site QA","Area Ready","WING B2","CORRIDOR, LINEN","Walls / Ceiling"
"dc8f1cd6-68d2-545f-aeea-17c119b504bb","","checkpoint-status","not-started","","","TRUE","TRUE","Site QA","Area Ready","WING B2","CORRIDOR, LINEN","Walls / Ceiling","Ceiling Installed"
"25cf0b0d-a822-507e-a6c4-1250dbf66c75","","checkpoint-status","not-started","","","TRUE","TRUE","Site QA","Area Ready","WING B2","CORRIDOR, LINEN","Walls / Ceiling","Gyprock"
"267a0d90-1b73-59f6-abfd-f2d8dddbafd8","","checkpoint-status","not-started","","","TRUE","TRUE","Site QA","Area Ready","WING B2","CORRIDOR, LINEN","Walls / Ceiling","Plastered"
"f6325aed-d29f-51a6-9781-16aa4fa47f49","","checkpoint-status","not-started","","","TRUE","TRUE","Site QA","Area Ready","WING B2","CORRIDOR, LINEN","Walls / Ceiling","Plaster Sanded"
"bb490e61-d8a6-5733-b89f-71c65231c3ea","","checkpoint-status","not-started","","","TRUE","TRUE","Site QA","Area Ready","WING B2","CORRIDOR, LINEN","Walls / Ceiling","Painted"
"76bf79bd-1e20-4068-8503-345709989c1e","","checklist-sectioned","not-started","Area Ready Checklist","checklist","FALSE","FALSE","Site QA","Area Ready","WING B2","SITTING AND CORRIDOR"
"50bc79b6-7435-5c7f-b245-5a5e1d8b9b6d","","checkpoint-group","not-started","","","FALSE","FALSE","Site QA","Area Ready","WING B2","SITTING AND CORRIDOR","Substrate"
"0dea7229-0c70-59bd-ade7-073f9eb98bbc","","checkpoint-status","not-started","","","TRUE","TRUE","Site QA","Area Ready","WING B2","SITTING AND CORRIDOR","Substrate","Substrate Acceptable"
"e5a07e61-f10e-5763-8c7e-735552df65c7","","checkpoint-status","not-started","","","TRUE","TRUE","Site QA","Area Ready","WING B2","SITTING AND CORRIDOR","Substrate","Wet Area Screed Installed"
"f7531c6d-a125-5ee3-a378-02b2ada39cfe","","checkpoint-group","not-started","","","FALSE","FALSE","Site QA","Area Ready","WING B2","SITTING AND CORRIDOR","Walls / Ceiling"
"bf032720-8619-5228-a58b-91be6730ddc4","","checkpoint-status","not-started","","","TRUE","TRUE","Site QA","Area Ready","WING B2","SITTING AND CORRIDOR","Walls / Ceiling","Ceiling Installed"
"9a975a7d-632f-5624-b9e8-eedda2e74576","","checkpoint-status","not-started","","","TRUE","TRUE","Site QA","Area Ready","WING B2","SITTING AND CORRIDOR","Walls / Ceiling","Gyprock"
"93b5cbf9-d6e2-5d04-8014-3acc93336fe0","","checkpoint-status","not-started","","","TRUE","TRUE","Site QA","Area Ready","WING B2","SITTING AND CORRIDOR","Walls / Ceiling","Plastered"
"7a7ee116-6f2b-5c1f-9bad-6b907c4a8518","","checkpoint-status","not-started","","","TRUE","TRUE","Site QA","Area Ready","WING B2","SITTING AND CORRIDOR","Walls / Ceiling","Plaster Sanded"
"c1893f6b-aa5c-57d1-8275-4ab91e7de71b","","checkpoint-status","not-started","","","TRUE","TRUE","Site QA","Area Ready","WING B2","SITTING AND CORRIDOR","Walls / Ceiling","Painted"
"0c7d9788-07fd-4539-984f-1365280dce45","","folder-normal","not-started","","step","TRUE","FALSE","Site QA","Area Ready","WING C"
"035ee147-8cd1-4957-af57-e5a52f9a822a","","checklist-sectioned","not-started","Area Ready Checklist","checklist","FALSE","FALSE","Site QA","Area Ready","WING C","C.02 STORE"
"ffd17426-6423-58d8-9095-6da686d5dff3","","checkpoint-group","not-started","","","FALSE","FALSE","Site QA","Area Ready","WING C","C.02 STORE","Substrate"
"b836c4a4-c270-5b69-87b0-1d1aba7087dc","","checkpoint-status","not-started","","","TRUE","TRUE","Site QA","Area Ready","WING C","C.02 STORE","Substrate","Substrate Acceptable"
"1773de71-4adc-54a8-aa00-0d79a897e7b9","","checkpoint-status","not-started","","","TRUE","TRUE","Site QA","Area Ready","WING C","C.02 STORE","Substrate","Wet Area Screed Installed"
"9f7a400c-379c-5a45-9097-33fbeb8589b4","","checkpoint-group","not-started","","","FALSE","FALSE","Site QA","Area Ready","WING C","C.02 STORE","Walls / Ceiling"
"5d5d5c40-7dab-5572-b060-3beb537bf2b8","","checkpoint-status","not-started","","","TRUE","TRUE","Site QA","Area Ready","WING C","C.02 STORE","Walls / Ceiling","Ceiling Installed"
"6b9b58fa-7cba-5710-af08-1eafdf69515a","","checkpoint-status","not-started","","","TRUE","TRUE","Site QA","Area Ready","WING C","C.02 STORE","Walls / Ceiling","Gyprock"
"b79e839b-0cc6-5f3c-b343-dd76aa658516","","checkpoint-status","not-started","","","TRUE","TRUE","Site QA","Area Ready","WING C","C.02 STORE","Walls / Ceiling","Plastered"
"596b7dfc-adc5-5b64-847c-52220e410986","","checkpoint-status","not-started","","","TRUE","TRUE","Site QA","Area Ready","WING C","C.02 STORE","Walls / Ceiling","Plaster Sanded"
"31dcf0f2-f5d3-510d-8621-063cbd081c7a","","checkpoint-status","not-started","","","TRUE","TRUE","Site QA","Area Ready","WING C","C.02 STORE","Walls / Ceiling","Painted"
"df3295fc-0584-4b26-a184-550284215826","","checklist-sectioned","not-started","Area Ready Checklist","checklist","FALSE","FALSE","Site QA","Area Ready","WING C","C.02A STORE CUPBOARD"
"97a190be-297f-5082-b013-998f5bfaffd7","","checkpoint-group","not-started","","","FALSE","FALSE","Site QA","Area Ready","WING C","C.02A STORE CUPBOARD","Substrate"
"7ef5b576-c715-52c3-98e7-a025e4472d8d","","checkpoint-status","not-started","","","TRUE","TRUE","Site QA","Area Ready","WING C","C.02A STORE CUPBOARD","Substrate","Substrate Acceptable"
"9ab21c61-c26b-58d6-9373-e0a3cedcc025","","checkpoint-status","not-started","","","TRUE","TRUE","Site QA","Area Ready","WING C","C.02A STORE CUPBOARD","Substrate","Wet Area Screed Installed"
"f950f927-0321-5d3d-8435-fda739c5ee1d","","checkpoint-group","not-started","","","FALSE","FALSE","Site QA","Area Ready","WING C","C.02A STORE CUPBOARD","Walls / Ceiling"
"bb64ec20-9135-5173-8c70-d00f6684d8a7","","checkpoint-status","not-started","","","TRUE","TRUE","Site QA","Area Ready","WING C","C.02A STORE CUPBOARD","Walls / Ceiling","Ceiling Installed"
"1c0ae6f1-894c-5e0c-90b5-df0e3a641821","","checkpoint-status","not-started","","","TRUE","TRUE","Site QA","Area Ready","WING C","C.02A STORE CUPBOARD","Walls / Ceiling","Gyprock"
"3ac4f0a0-7160-5595-8067-5294c37180fd","","checkpoint-status","not-started","","","TRUE","TRUE","Site QA","Area Ready","WING C","C.02A STORE CUPBOARD","Walls / Ceiling","Plastered"
"ea77e961-9013-5517-9bad-2c37c4f6d598","","checkpoint-status","not-started","","","TRUE","TRUE","Site QA","Area Ready","WING C","C.02A STORE CUPBOARD","Walls / Ceiling","Plaster Sanded"
"4ab0b892-8edc-5052-8b58-5b6bc4dc4290","","checkpoint-status","not-started","","","TRUE","TRUE","Site QA","Area Ready","WING C","C.02A STORE CUPBOARD","Walls / Ceiling","Painted"
"984f89df-f54d-4171-8e43-3e760705dbc0","","checklist-sectioned","not-started","Area Ready Checklist","checklist","FALSE","FALSE","Site QA","Area Ready","WING C","C.03 BED"
"37adea45-785b-56b0-82e3-3f694a5c3ed1","","checkpoint-group","not-started","","","FALSE","FALSE","Site QA","Area Ready","WING C","C.03 BED","Substrate"
"33f5500a-8898-5004-86f8-77e4aae1691f","","checkpoint-status","not-started","","","TRUE","TRUE","Site QA","Area Ready","WING C","C.03 BED","Substrate","Substrate Acceptable"
"748db03a-0bf8-59c2-9dc6-61a5ddd78c4c","","checkpoint-status","not-started","","","TRUE","TRUE","Site QA","Area Ready","WING C","C.03 BED","Substrate","Wet Area Screed Installed"
"fe0e9e7f-8661-56cd-88aa-02cdecf30130","","checkpoint-group","not-started","","","FALSE","FALSE","Site QA","Area Ready","WING C","C.03 BED","Walls / Ceiling"
"6334e3fd-7d9e-5de5-9f02-74145b6d6bd9","","checkpoint-status","not-started","","","TRUE","TRUE","Site QA","Area Ready","WING C","C.03 BED","Walls / Ceiling","Ceiling Installed"
"adce3b73-997a-55a4-8dfd-c9745b2d7992","","checkpoint-status","not-started","","","TRUE","TRUE","Site QA","Area Ready","WING C","C.03 BED","Walls / Ceiling","Gyprock"
"82c4477e-3a1e-57b5-921f-16be38598738","","checkpoint-status","not-started","","","TRUE","TRUE","Site QA","Area Ready","WING C","C.03 BED","Walls / Ceiling","Plastered"
"5b0941fe-9528-5c96-a11b-f84ed46d1288","","checkpoint-status","not-started","","","TRUE","TRUE","Site QA","Area Ready","WING C","C.03 BED","Walls / Ceiling","Plaster Sanded"
"b90b03bf-add7-5a32-85e5-67d4ffd93a8a","","checkpoint-status","not-started","","","TRUE","TRUE","Site QA","Area Ready","WING C","C.03 BED","Walls / Ceiling","Painted"
"0110d036-829c-4df3-9b04-7f9e96fcf8c1","","checklist-sectioned","not-started","Area Ready Checklist","checklist","FALSE","FALSE","Site QA","Area Ready","WING C","C.03A ENSUITE"
"f6f67be1-cffe-555a-8a8c-e5ed9a5a884a","","checkpoint-group","not-started","","","FALSE","FALSE","Site QA","Area Ready","WING C","C.03A ENSUITE","Substrate"
"18a9fee2-6a50-50e7-80c1-c1b54f495882","","checkpoint-status","not-started","","","TRUE","TRUE","Site QA","Area Ready","WING C","C.03A ENSUITE","Substrate","Substrate Acceptable"
"b42b659a-0595-5861-91d3-3f685463a300","","checkpoint-status","not-started","","","TRUE","TRUE","Site QA","Area Ready","WING C","C.03A ENSUITE","Substrate","Wet Area Screed Installed"
"0a47f24c-7c9d-5193-b036-444bf2b2ff74","","checkpoint-group","not-started","","","FALSE","FALSE","Site QA","Area Ready","WING C","C.03A ENSUITE","Walls / Ceiling"
"ae035780-2e62-5fd2-8197-adbd977f8c56","","checkpoint-status","not-started","","","TRUE","TRUE","Site QA","Area Ready","WING C","C.03A ENSUITE","Walls / Ceiling","Ceiling Installed"
"121a151a-271d-59fb-9154-7038772f2597","","checkpoint-status","not-started","","","TRUE","TRUE","Site QA","Area Ready","WING C","C.03A ENSUITE","Walls / Ceiling","Gyprock"
"5be0e846-9ab8-5354-ac97-6af262591df4","","checkpoint-status","not-started","","","TRUE","TRUE","Site QA","Area Ready","WING C","C.03A ENSUITE","Walls / Ceiling","Plastered"
"f259f4d4-360e-5a9a-9d67-99a284a7c566","","checkpoint-status","not-started","","","TRUE","TRUE","Site QA","Area Ready","WING C","C.03A ENSUITE","Walls / Ceiling","Plaster Sanded"
"e767f2d9-957f-55c1-9442-948043caf1e0","","checkpoint-status","not-started","","","TRUE","TRUE","Site QA","Area Ready","WING C","C.03A ENSUITE","Walls / Ceiling","Painted"
"1f8220bf-5f16-4445-acb4-a8f9eb58b91c","","checklist-sectioned","not-started","Area Ready Checklist","checklist","FALSE","FALSE","Site QA","Area Ready","WING C","C.04 BED"
"ecbacae1-2f2d-51e0-8bbc-a6d313e0cfcd","","checkpoint-group","not-started","","","FALSE","FALSE","Site QA","Area Ready","WING C","C.04 BED","Substrate"
"d6cf791a-ffaf-56f7-9976-685ce6392e07","","checkpoint-status","not-started","","","TRUE","TRUE","Site QA","Area Ready","WING C","C.04 BED","Substrate","Substrate Acceptable"
"57058731-64d5-54d4-833d-405ca18362d2","","checkpoint-status","not-started","","","TRUE","TRUE","Site QA","Area Ready","WING C","C.04 BED","Substrate","Wet Area Screed Installed"
"4770bd1b-91a2-5e8c-8f04-83f10143086a","","checkpoint-group","not-started","","","FALSE","FALSE","Site QA","Area Ready","WING C","C.04 BED","Walls / Ceiling"
"25ab4da4-9de2-5340-8874-733a13780a0e","","checkpoint-status","not-started","","","TRUE","TRUE","Site QA","Area Ready","WING C","C.04 BED","Walls / Ceiling","Ceiling Installed"
"8a9d99c8-ad8b-55c4-9212-eb5bc729f58e","","checkpoint-status","not-started","","","TRUE","TRUE","Site QA","Area Ready","WING C","C.04 BED","Walls / Ceiling","Gyprock"
"8fbf4b20-da57-5f56-a055-bfe6fc72201b","","checkpoint-status","not-started","","","TRUE","TRUE","Site QA","Area Ready","WING C","C.04 BED","Walls / Ceiling","Plastered"
"09d26046-8a85-57d7-9a2f-398e670c7425","","checkpoint-status","not-started","","","TRUE","TRUE","Site QA","Area Ready","WING C","C.04 BED","Walls / Ceiling","Plaster Sanded"
"c5df3c7a-477a-5bf6-8deb-9afefc61cfd9","","checkpoint-status","not-started","","","TRUE","TRUE","Site QA","Area Ready","WING C","C.04 BED","Walls / Ceiling","Painted"
"2afaee97-37bb-462b-9d98-962f3f18cdff","","checklist-sectioned","not-started","Area Ready Checklist","checklist","FALSE","FALSE","Site QA","Area Ready","WING C","C.04A ENSUITE"
"605027ba-f8bb-53a7-a1fe-bd96cb9fa989","","checkpoint-group","not-started","","","FALSE","FALSE","Site QA","Area Ready","WING C","C.04A ENSUITE","Substrate"
"c5dd6479-c534-57c2-be16-b595f33fad35","","checkpoint-status","not-started","","","TRUE","TRUE","Site QA","Area Ready","WING C","C.04A ENSUITE","Substrate","Substrate Acceptable"
"8abb1fd4-d51a-5ab2-8a5a-b0fb1ecc0529","","checkpoint-status","not-started","","","TRUE","TRUE","Site QA","Area Ready","WING C","C.04A ENSUITE","Substrate","Wet Area Screed Installed"
"acd0cc2f-8b52-515e-a435-e76dd4391ecf","","checkpoint-group","not-started","","","FALSE","FALSE","Site QA","Area Ready","WING C","C.04A ENSUITE","Walls / Ceiling"
"877b6df1-692b-5fed-9993-77a4204b416f","","checkpoint-status","not-started","","","TRUE","TRUE","Site QA","Area Ready","WING C","C.04A ENSUITE","Walls / Ceiling","Ceiling Installed"
"1bc7ba18-4cd2-5067-b4b2-67ffa8d846a2","","checkpoint-status","not-started","","","TRUE","TRUE","Site QA","Area Ready","WING C","C.04A ENSUITE","Walls / Ceiling","Gyprock"
"0cd94018-29c1-5336-bfc2-5ea23ddce2b6","","checkpoint-status","not-started","","","TRUE","TRUE","Site QA","Area Ready","WING C","C.04A ENSUITE","Walls / Ceiling","Plastered"
"7fc2e6f6-5f86-5cb8-8dec-358e046d60b2","","checkpoint-status","not-started","","","TRUE","TRUE","Site QA","Area Ready","WING C","C.04A ENSUITE","Walls / Ceiling","Plaster Sanded"
"0f43b470-6041-5010-bccf-5e625e5181ad","","checkpoint-status","not-started","","","TRUE","TRUE","Site QA","Area Ready","WING C","C.04A ENSUITE","Walls / Ceiling","Painted"
"a4217519-a464-486a-b84d-f4ee45b332d6","","checklist-sectioned","not-started","Area Ready Checklist","checklist","FALSE","FALSE","Site QA","Area Ready","WING C","C.05 BED"
"52132046-8d93-54bd-8895-9265d28f0a28","","checkpoint-group","not-started","","","FALSE","FALSE","Site QA","Area Ready","WING C","C.05 BED","Substrate"
"aa633825-d9cb-512d-972c-4f525b57e2e2","","checkpoint-status","not-started","","","TRUE","TRUE","Site QA","Area Ready","WING C","C.05 BED","Substrate","Substrate Acceptable"
"46650ee3-3b9b-5aec-a66c-3ba65316e8fa","","checkpoint-status","not-started","","","TRUE","TRUE","Site QA","Area Ready","WING C","C.05 BED","Substrate","Wet Area Screed Installed"
"2b83ccf8-ce97-5889-9210-8d625665acc9","","checkpoint-group","not-started","","","FALSE","FALSE","Site QA","Area Ready","WING C","C.05 BED","Walls / Ceiling"
"073a3e32-18ef-516a-8938-03f1564793d7","","checkpoint-status","not-started","","","TRUE","TRUE","Site QA","Area Ready","WING C","C.05 BED","Walls / Ceiling","Ceiling Installed"
"233c7f50-e8bf-5a61-8191-588b77a6371b","","checkpoint-status","not-started","","","TRUE","TRUE","Site QA","Area Ready","WING C","C.05 BED","Walls / Ceiling","Gyprock"
"567097b3-423f-5571-a57b-d0c1c23dceea","","checkpoint-status","not-started","","","TRUE","TRUE","Site QA","Area Ready","WING C","C.05 BED","Walls / Ceiling","Plastered"
"593c8fe7-387a-52ea-ba94-4ce05cacf2f5","","checkpoint-status","not-started","","","TRUE","TRUE","Site QA","Area Ready","WING C","C.05 BED","Walls / Ceiling","Plaster Sanded"
"878a6bb6-cdae-5961-a798-37e0ef720d8e","","checkpoint-status","not-started","","","TRUE","TRUE","Site QA","Area Ready","WING C","C.05 BED","Walls / Ceiling","Painted"
"41d0e8f7-434d-46a4-b0bb-609684f3fa37","","checklist-sectioned","not-started","Area Ready Checklist","checklist","FALSE","FALSE","Site QA","Area Ready","WING C","C.05A EMSIOTE"
"12d3504b-8254-5b51-a55c-ddb56d180378","","checkpoint-group","not-started","","","FALSE","FALSE","Site QA","Area Ready","WING C","C.05A EMSIOTE","Substrate"
"8ea48608-7e14-536a-9302-18c25d726981","","checkpoint-status","not-started","","","TRUE","TRUE","Site QA","Area Ready","WING C","C.05A EMSIOTE","Substrate","Substrate Acceptable"
"dfc49275-f67c-54cf-96a2-ee339e311b1c","","checkpoint-status","not-started","","","TRUE","TRUE","Site QA","Area Ready","WING C","C.05A EMSIOTE","Substrate","Wet Area Screed Installed"
"f9d4ebd3-44df-5ca4-9bba-2343b8485d63","","checkpoint-group","not-started","","","FALSE","FALSE","Site QA","Area Ready","WING C","C.05A EMSIOTE","Walls / Ceiling"
"f488ba3d-7b44-57be-b5d9-16a249e0e2d5","","checkpoint-status","not-started","","","TRUE","TRUE","Site QA","Area Ready","WING C","C.05A EMSIOTE","Walls / Ceiling","Ceiling Installed"
"7ee3faae-58b2-5d96-ae70-7946e6847892","","checkpoint-status","not-started","","","TRUE","TRUE","Site QA","Area Ready","WING C","C.05A EMSIOTE","Walls / Ceiling","Gyprock"
"8db65215-a7a4-5aba-85ac-3a733a547756","","checkpoint-status","not-started","","","TRUE","TRUE","Site QA","Area Ready","WING C","C.05A EMSIOTE","Walls / Ceiling","Plastered"
"6b1ec0af-c240-5b4d-a063-9cfb16a70521","","checkpoint-status","not-started","","","TRUE","TRUE","Site QA","Area Ready","WING C","C.05A EMSIOTE","Walls / Ceiling","Plaster Sanded"
"800fe8c0-6266-5b21-bcb6-b2b933320edf","","checkpoint-status","not-started","","","TRUE","TRUE","Site QA","Area Ready","WING C","C.05A EMSIOTE","Walls / Ceiling","Painted"
"28e2c968-9449-47ca-b8ea-a2b82dc1b371","","checklist-sectioned","not-started","Area Ready Checklist","checklist","FALSE","FALSE","Site QA","Area Ready","WING C","C.06 BED"
"fe7bc42b-e20d-51d9-9095-493d0a3b6e06","","checkpoint-group","not-started","","","FALSE","FALSE","Site QA","Area Ready","WING C","C.06 BED","Substrate"
"5ae656e8-5d33-5f62-8158-303ed27b6c97","","checkpoint-status","not-started","","","TRUE","TRUE","Site QA","Area Ready","WING C","C.06 BED","Substrate","Substrate Acceptable"
"a05eae4a-cea2-5589-bdee-283ad2c554c1","","checkpoint-status","not-started","","","TRUE","TRUE","Site QA","Area Ready","WING C","C.06 BED","Substrate","Wet Area Screed Installed"
"c9afa1b2-c118-55f0-8036-77bf1e3a3f71","","checkpoint-group","not-started","","","FALSE","FALSE","Site QA","Area Ready","WING C","C.06 BED","Walls / Ceiling"
"160aac00-64fc-5435-9c89-8159f85e5c4c","","checkpoint-status","not-started","","","TRUE","TRUE","Site QA","Area Ready","WING C","C.06 BED","Walls / Ceiling","Ceiling Installed"
"61cfb34e-f3ff-5849-8683-481d9b0aa9d5","","checkpoint-status","not-started","","","TRUE","TRUE","Site QA","Area Ready","WING C","C.06 BED","Walls / Ceiling","Gyprock"
"7c2e6aa6-c60a-52e2-914e-bd88a1c0dedd","","checkpoint-status","not-started","","","TRUE","TRUE","Site QA","Area Ready","WING C","C.06 BED","Walls / Ceiling","Plastered"
"5dfdcd88-7688-54e7-a680-1f22ddced6d2","","checkpoint-status","not-started","","","TRUE","TRUE","Site QA","Area Ready","WING C","C.06 BED","Walls / Ceiling","Plaster Sanded"
"e0f74507-a77c-5a4e-8b33-98abc614eec0","","checkpoint-status","not-started","","","TRUE","TRUE","Site QA","Area Ready","WING C","C.06 BED","Walls / Ceiling","Painted"
"be7d028c-3941-4710-801f-6d477ab3d653","","checklist-sectioned","not-started","Area Ready Checklist","checklist","FALSE","FALSE","Site QA","Area Ready","WING C","C.06A ENSUITE"
"66e28f03-912d-5c46-86fe-6c53675c9fc1","","checkpoint-group","not-started","","","FALSE","FALSE","Site QA","Area Ready","WING C","C.06A ENSUITE","Substrate"
"a8d0acdd-b690-513f-aa64-905075cd2214","","checkpoint-status","not-started","","","TRUE","TRUE","Site QA","Area Ready","WING C","C.06A ENSUITE","Substrate","Substrate Acceptable"
"8eee894e-890a-502f-88f6-38b1d5ca62ca","","checkpoint-status","not-started","","","TRUE","TRUE","Site QA","Area Ready","WING C","C.06A ENSUITE","Substrate","Wet Area Screed Installed"
"e26f3367-3eab-52ff-88e4-f0fcba64a225","","checkpoint-group","not-started","","","FALSE","FALSE","Site QA","Area Ready","WING C","C.06A ENSUITE","Walls / Ceiling"
"7ced1ebe-3cc1-5a92-8632-d70b65a24350","","checkpoint-status","not-started","","","TRUE","TRUE","Site QA","Area Ready","WING C","C.06A ENSUITE","Walls / Ceiling","Ceiling Installed"
"fda90d39-2f68-56c5-ad99-578a5aff7ee1","","checkpoint-status","not-started","","","TRUE","TRUE","Site QA","Area Ready","WING C","C.06A ENSUITE","Walls / Ceiling","Gyprock"
"dab9cf10-be5f-51e6-b98a-6d59449343b5","","checkpoint-status","not-started","","","TRUE","TRUE","Site QA","Area Ready","WING C","C.06A ENSUITE","Walls / Ceiling","Plastered"
"98d568c5-ad99-52db-bca8-9c10ce7c0326","","checkpoint-status","not-started","","","TRUE","TRUE","Site QA","Area Ready","WING C","C.06A ENSUITE","Walls / Ceiling","Plaster Sanded"
"f340e913-55a8-5ef7-b5e4-9d9a9f7eb887","","checkpoint-status","not-started","","","TRUE","TRUE","Site QA","Area Ready","WING C","C.06A ENSUITE","Walls / Ceiling","Painted"
"4fab729f-2f4e-4449-8b33-83fb1eb94108","","checklist-sectioned","not-started","Area Ready Checklist","checklist","FALSE","FALSE","Site QA","Area Ready","WING C","C.07 BED"
"1174552e-aa0b-56b2-8795-9ae7a20898c3","","checkpoint-group","not-started","","","FALSE","FALSE","Site QA","Area Ready","WING C","C.07 BED","Substrate"
"2554c72c-aeaf-5342-a40f-ace1339cbd3b","","checkpoint-status","not-started","","","TRUE","TRUE","Site QA","Area Ready","WING C","C.07 BED","Substrate","Substrate Acceptable"
"b5d2d48c-8203-56e9-bf2d-0488a0e3afde","","checkpoint-status","not-started","","","TRUE","TRUE","Site QA","Area Ready","WING C","C.07 BED","Substrate","Wet Area Screed Installed"
"e43f9f64-7427-5876-a9ec-ab4ddbb82b71","","checkpoint-group","not-started","","","FALSE","FALSE","Site QA","Area Ready","WING C","C.07 BED","Walls / Ceiling"
"a57cf037-737f-549b-be1e-77ccd148bfc7","","checkpoint-status","not-started","","","TRUE","TRUE","Site QA","Area Ready","WING C","C.07 BED","Walls / Ceiling","Ceiling Installed"
"52b7c73d-4183-5d88-9527-45b9846fe43b","","checkpoint-status","not-started","","","TRUE","TRUE","Site QA","Area Ready","WING C","C.07 BED","Walls / Ceiling","Gyprock"
"0afa0603-9306-5f5b-990f-9d5c95595864","","checkpoint-status","not-started","","","TRUE","TRUE","Site QA","Area Ready","WING C","C.07 BED","Walls / Ceiling","Plastered"
"0d351692-891a-54f5-906f-261d65e6e719","","checkpoint-status","not-started","","","TRUE","TRUE","Site QA","Area Ready","WING C","C.07 BED","Walls / Ceiling","Plaster Sanded"
"d3b37282-860c-5995-8515-84684a529e42","","checkpoint-status","not-started","","","TRUE","TRUE","Site QA","Area Ready","WING C","C.07 BED","Walls / Ceiling","Painted"
"ca5cbcd7-136d-4313-9899-939b07790943","","checklist-sectioned","not-started","Area Ready Checklist","checklist","FALSE","FALSE","Site QA","Area Ready","WING C","C.07A ENSUITE"
"b86510ad-58fa-556c-997e-cedc1ccf7f0b","","checkpoint-group","not-started","","","FALSE","FALSE","Site QA","Area Ready","WING C","C.07A ENSUITE","Substrate"
"b2ca2c3a-3e0c-5be9-824e-21158b22ddd4","","checkpoint-status","not-started","","","TRUE","TRUE","Site QA","Area Ready","WING C","C.07A ENSUITE","Substrate","Substrate Acceptable"
"6c41eb2f-a152-5080-b471-0ee2190a2ca0","","checkpoint-status","not-started","","","TRUE","TRUE","Site QA","Area Ready","WING C","C.07A ENSUITE","Substrate","Wet Area Screed Installed"
"8028bffd-8216-5c84-b44c-765514a6cf47","","checkpoint-group","not-started","","","FALSE","FALSE","Site QA","Area Ready","WING C","C.07A ENSUITE","Walls / Ceiling"
"82af4c6c-cbbe-587e-8631-3f55576cb14c","","checkpoint-status","not-started","","","TRUE","TRUE","Site QA","Area Ready","WING C","C.07A ENSUITE","Walls / Ceiling","Ceiling Installed"
"0a6b27df-5e0f-5e5c-b82f-deffb9fc981c","","checkpoint-status","not-started","","","TRUE","TRUE","Site QA","Area Ready","WING C","C.07A ENSUITE","Walls / Ceiling","Gyprock"
"278b8898-add7-5063-bf8d-5d7fe28f89e1","","checkpoint-status","not-started","","","TRUE","TRUE","Site QA","Area Ready","WING C","C.07A ENSUITE","Walls / Ceiling","Plastered"
"f0096f3f-4b23-53ec-b42e-06a4f8376034","","checkpoint-status","not-started","","","TRUE","TRUE","Site QA","Area Ready","WING C","C.07A ENSUITE","Walls / Ceiling","Plaster Sanded"
"20ae1e1e-20f5-5005-93bf-9d4eb0822071","","checkpoint-status","not-started","","","TRUE","TRUE","Site QA","Area Ready","WING C","C.07A ENSUITE","Walls / Ceiling","Painted"
"d2472c2b-b4e8-47a0-8ca3-b1caffa18ab3","","checklist-sectioned","not-started","Area Ready Checklist","checklist","FALSE","FALSE","Site QA","Area Ready","WING C","C.08 BED"
"b6a09068-4d25-5065-b3f1-a4e0077f5932","","checkpoint-group","not-started","","","FALSE","FALSE","Site QA","Area Ready","WING C","C.08 BED","Substrate"
"7654288f-1612-5e65-aaa4-f81f669b3651","","checkpoint-status","not-started","","","TRUE","TRUE","Site QA","Area Ready","WING C","C.08 BED","Substrate","Substrate Acceptable"
"9a659458-ee1e-5928-a648-a6c98a5cade3","","checkpoint-status","not-started","","","TRUE","TRUE","Site QA","Area Ready","WING C","C.08 BED","Substrate","Wet Area Screed Installed"
"d19afbb7-b0eb-5980-a6fc-61e33350846f","","checkpoint-group","not-started","","","FALSE","FALSE","Site QA","Area Ready","WING C","C.08 BED","Walls / Ceiling"
"2e58c6b3-bbfa-51db-8bef-378396bcfd4f","","checkpoint-status","not-started","","","TRUE","TRUE","Site QA","Area Ready","WING C","C.08 BED","Walls / Ceiling","Ceiling Installed"
"d342c7a0-ec75-573e-b01d-bab3104ac170","","checkpoint-status","not-started","","","TRUE","TRUE","Site QA","Area Ready","WING C","C.08 BED","Walls / Ceiling","Gyprock"
"10a7aff3-be87-5648-ab05-22d46e197d68","","checkpoint-status","not-started","","","TRUE","TRUE","Site QA","Area Ready","WING C","C.08 BED","Walls / Ceiling","Plastered"
"01bcdcef-2067-5925-9f8a-49d5720aea4b","","checkpoint-status","not-started","","","TRUE","TRUE","Site QA","Area Ready","WING C","C.08 BED","Walls / Ceiling","Plaster Sanded"
"e9ae8b0a-295d-5cda-a7c7-a9226d70ae69","","checkpoint-status","not-started","","","TRUE","TRUE","Site QA","Area Ready","WING C","C.08 BED","Walls / Ceiling","Painted"
"5b816c56-a341-4c75-b4ac-25a6c813236d","","checklist-sectioned","not-started","Area Ready Checklist","checklist","FALSE","FALSE","Site QA","Area Ready","WING C","C.08A ENSUITE"
"5d5995c1-a959-5695-8271-fb226ce98261","","checkpoint-group","not-started","","","FALSE","FALSE","Site QA","Area Ready","WING C","C.08A ENSUITE","Substrate"
"866b570a-fbc6-5bc7-90af-930d3924ece0","","checkpoint-status","not-started","","","TRUE","TRUE","Site QA","Area Ready","WING C","C.08A ENSUITE","Substrate","Substrate Acceptable"
"2674e37a-ce45-5822-8c67-fb630743013b","","checkpoint-status","not-started","","","TRUE","TRUE","Site QA","Area Ready","WING C","C.08A ENSUITE","Substrate","Wet Area Screed Installed"
"a1c90048-2ef0-5ac0-8071-f1e82345804f","","checkpoint-group","not-started","","","FALSE","FALSE","Site QA","Area Ready","WING C","C.08A ENSUITE","Walls / Ceiling"
"caaad5a8-ff08-5076-bbf6-50289743b1c5","","checkpoint-status","not-started","","","TRUE","TRUE","Site QA","Area Ready","WING C","C.08A ENSUITE","Walls / Ceiling","Ceiling Installed"
"25ac5641-27d7-5df1-ad1b-8bc95bcc4637","","checkpoint-status","not-started","","","TRUE","TRUE","Site QA","Area Ready","WING C","C.08A ENSUITE","Walls / Ceiling","Gyprock"
"8bda53d6-8647-5cb6-8991-0ca4cbaa0867","","checkpoint-status","not-started","","","TRUE","TRUE","Site QA","Area Ready","WING C","C.08A ENSUITE","Walls / Ceiling","Plastered"
"b4cb431b-956c-5651-8c34-300bae4bb57d","","checkpoint-status","not-started","","","TRUE","TRUE","Site QA","Area Ready","WING C","C.08A ENSUITE","Walls / Ceiling","Plaster Sanded"
"d402400c-560d-5885-af1d-0d7704dad4a9","","checkpoint-status","not-started","","","TRUE","TRUE","Site QA","Area Ready","WING C","C.08A ENSUITE","Walls / Ceiling","Painted"
"5f553f74-ff63-49d8-b116-aab7bd13a0bc","","checklist-sectioned","not-started","Area Ready Checklist","checklist","FALSE","FALSE","Site QA","Area Ready","WING C","C.09 BED"
"49000e61-622c-50ac-909e-d1ce4f1289b7","","checkpoint-group","not-started","","","FALSE","FALSE","Site QA","Area Ready","WING C","C.09 BED","Substrate"
"65f63e15-ccc8-5fe1-aaaf-38e585986141","","checkpoint-status","not-started","","","TRUE","TRUE","Site QA","Area Ready","WING C","C.09 BED","Substrate","Substrate Acceptable"
"29d1be20-b0c0-5c19-962c-db1908e8b4ed","","checkpoint-status","not-started","","","TRUE","TRUE","Site QA","Area Ready","WING C","C.09 BED","Substrate","Wet Area Screed Installed"
"3fa4cf17-0523-5310-a624-aba42039e2e0","","checkpoint-group","not-started","","","FALSE","FALSE","Site QA","Area Ready","WING C","C.09 BED","Walls / Ceiling"
"efb74b15-4ccb-5006-8994-c85ba6875c78","","checkpoint-status","not-started","","","TRUE","TRUE","Site QA","Area Ready","WING C","C.09 BED","Walls / Ceiling","Ceiling Installed"
"d6c60ed4-b609-5a43-862b-7d29da6b582a","","checkpoint-status","not-started","","","TRUE","TRUE","Site QA","Area Ready","WING C","C.09 BED","Walls / Ceiling","Gyprock"
"05767b08-bbd1-51ae-98a5-56fce2b2091e","","checkpoint-status","not-started","","","TRUE","TRUE","Site QA","Area Ready","WING C","C.09 BED","Walls / Ceiling","Plastered"
"5d6f17c2-9adb-5fad-bed2-e61d4263ca2f","","checkpoint-status","not-started","","","TRUE","TRUE","Site QA","Area Ready","WING C","C.09 BED","Walls / Ceiling","Plaster Sanded"
"85e43cfe-029e-532b-930e-b9a42c67c833","","checkpoint-status","not-started","","","TRUE","TRUE","Site QA","Area Ready","WING C","C.09 BED","Walls / Ceiling","Painted"
"571473f6-5b55-4485-ad5a-ec860699e453","","checklist-sectioned","not-started","Area Ready Checklist","checklist","FALSE","FALSE","Site QA","Area Ready","WING C","C.09A ENSUITE"
"05e6cec8-7cb4-5bd4-960a-dac25b77edeb","","checkpoint-group","not-started","","","FALSE","FALSE","Site QA","Area Ready","WING C","C.09A ENSUITE","Substrate"
"87fb8720-51c3-5b56-ba1c-8db52cb56006","","checkpoint-status","not-started","","","TRUE","TRUE","Site QA","Area Ready","WING C","C.09A ENSUITE","Substrate","Substrate Acceptable"
"bb40a6d5-ea86-5eb9-8c67-4504967df2ce","","checkpoint-status","not-started","","","TRUE","TRUE","Site QA","Area Ready","WING C","C.09A ENSUITE","Substrate","Wet Area Screed Installed"
"6ee13510-c59e-5bca-9728-41286084c543","","checkpoint-group","not-started","","","FALSE","FALSE","Site QA","Area Ready","WING C","C.09A ENSUITE","Walls / Ceiling"
"4d8f4804-a82d-5b94-8e75-9ea320c39c7c","","checkpoint-status","not-started","","","TRUE","TRUE","Site QA","Area Ready","WING C","C.09A ENSUITE","Walls / Ceiling","Ceiling Installed"
"ac2ba567-9c8d-5db4-8610-0f83f61f2c68","","checkpoint-status","not-started","","","TRUE","TRUE","Site QA","Area Ready","WING C","C.09A ENSUITE","Walls / Ceiling","Gyprock"
"c99e7ab2-af41-52d0-917b-26bcefff78e7","","checkpoint-status","not-started","","","TRUE","TRUE","Site QA","Area Ready","WING C","C.09A ENSUITE","Walls / Ceiling","Plastered"
"a10a2129-315c-5fde-9c0b-7798091c7e7c","","checkpoint-status","not-started","","","TRUE","TRUE","Site QA","Area Ready","WING C","C.09A ENSUITE","Walls / Ceiling","Plaster Sanded"
"2f911b43-9d71-5493-8fe3-f3b17a96ba56","","checkpoint-status","not-started","","","TRUE","TRUE","Site QA","Area Ready","WING C","C.09A ENSUITE","Walls / Ceiling","Painted"
"a93a2e7d-ab3c-46f0-9ea1-7993644ba9c0","","checklist-sectioned","not-started","Area Ready Checklist","checklist","FALSE","FALSE","Site QA","Area Ready","WING C","C.10 BED"
"2ee2a32b-9af2-5e7e-b611-22190bae6817","","checkpoint-group","not-started","","","FALSE","FALSE","Site QA","Area Ready","WING C","C.10 BED","Substrate"
"68ba4e20-37cc-50c0-81b7-f3ae26233d73","","checkpoint-status","not-started","","","TRUE","TRUE","Site QA","Area Ready","WING C","C.10 BED","Substrate","Substrate Acceptable"
"6dfd64ab-0033-5476-a62d-8b8c3c1a8122","","checkpoint-status","not-started","","","TRUE","TRUE","Site QA","Area Ready","WING C","C.10 BED","Substrate","Wet Area Screed Installed"
"d84f8c63-c887-5d1b-aeeb-78f80bd4723c","","checkpoint-group","not-started","","","FALSE","FALSE","Site QA","Area Ready","WING C","C.10 BED","Walls / Ceiling"
"376dd81a-90ae-5e0e-8f98-e9f8c2e596d2","","checkpoint-status","not-started","","","TRUE","TRUE","Site QA","Area Ready","WING C","C.10 BED","Walls / Ceiling","Ceiling Installed"
"3b69fb42-fcaf-5645-bd3c-a93887a77fa5","","checkpoint-status","not-started","","","TRUE","TRUE","Site QA","Area Ready","WING C","C.10 BED","Walls / Ceiling","Gyprock"
"0d005003-8f7a-5e94-b470-db189cae3298","","checkpoint-status","not-started","","","TRUE","TRUE","Site QA","Area Ready","WING C","C.10 BED","Walls / Ceiling","Plastered"
"3e597dab-07d9-5cb9-9fc9-b7c335553342","","checkpoint-status","not-started","","","TRUE","TRUE","Site QA","Area Ready","WING C","C.10 BED","Walls / Ceiling","Plaster Sanded"
"81555a27-7557-5d2a-ada3-1c7273d5bb9b","","checkpoint-status","not-started","","","TRUE","TRUE","Site QA","Area Ready","WING C","C.10 BED","Walls / Ceiling","Painted"
"fdec7a4d-fb5a-49da-a510-b6647f2adbf9","","checklist-sectioned","not-started","Area Ready Checklist","checklist","FALSE","FALSE","Site QA","Area Ready","WING C","C.10A ENSUITE"
"e4eaa020-c96b-5b7d-856b-7544ccba76fa","","checkpoint-group","not-started","","","FALSE","FALSE","Site QA","Area Ready","WING C","C.10A ENSUITE","Substrate"
"c31b2025-239c-5693-81e2-7a96f0e57978","","checkpoint-status","not-started","","","TRUE","TRUE","Site QA","Area Ready","WING C","C.10A ENSUITE","Substrate","Substrate Acceptable"
"efb7c647-5c8c-5057-bc16-efdd37d66361","","checkpoint-status","not-started","","","TRUE","TRUE","Site QA","Area Ready","WING C","C.10A ENSUITE","Substrate","Wet Area Screed Installed"
"4538362e-3f0d-5ffb-affc-e9b70a4fc586","","checkpoint-group","not-started","","","FALSE","FALSE","Site QA","Area Ready","WING C","C.10A ENSUITE","Walls / Ceiling"
"5723c8e0-f23a-59ec-a528-329857e7ccf1","","checkpoint-status","not-started","","","TRUE","TRUE","Site QA","Area Ready","WING C","C.10A ENSUITE","Walls / Ceiling","Ceiling Installed"
"3b181294-a1fc-587d-aef4-397bb47907c4","","checkpoint-status","not-started","","","TRUE","TRUE","Site QA","Area Ready","WING C","C.10A ENSUITE","Walls / Ceiling","Gyprock"
"0a5fe528-f4ee-5d77-81bd-b057b2bf91da","","checkpoint-status","not-started","","","TRUE","TRUE","Site QA","Area Ready","WING C","C.10A ENSUITE","Walls / Ceiling","Plastered"
"51895cf9-068a-5550-8511-2d5e3301e51f","","checkpoint-status","not-started","","","TRUE","TRUE","Site QA","Area Ready","WING C","C.10A ENSUITE","Walls / Ceiling","Plaster Sanded"
"46010cf1-56e0-5803-9d07-863dabfceb14","","checkpoint-status","not-started","","","TRUE","TRUE","Site QA","Area Ready","WING C","C.10A ENSUITE","Walls / Ceiling","Painted"
"7bcbbea1-d5bb-4120-8f27-23d061882da1","","checklist-sectioned","not-started","Area Ready Checklist","checklist","FALSE","FALSE","Site QA","Area Ready","WING C","C.16 UNISEX DISABLED WC"
"b6a86a22-cfa2-5b08-bc18-9dcd010122e7","","checkpoint-group","not-started","","","FALSE","FALSE","Site QA","Area Ready","WING C","C.16 UNISEX DISABLED WC","Substrate"
"21e262a8-7b38-5962-9cd3-84aded6cc9c9","","checkpoint-status","not-started","","","TRUE","TRUE","Site QA","Area Ready","WING C","C.16 UNISEX DISABLED WC","Substrate","Substrate Acceptable"
"524e31ca-63e0-57b0-87cd-1168f56ac4ac","","checkpoint-status","not-started","","","TRUE","TRUE","Site QA","Area Ready","WING C","C.16 UNISEX DISABLED WC","Substrate","Wet Area Screed Installed"
"8f9b3596-b1ec-57fb-86f6-e2cc3abe86cc","","checkpoint-group","not-started","","","FALSE","FALSE","Site QA","Area Ready","WING C","C.16 UNISEX DISABLED WC","Walls / Ceiling"
"d437f5d6-3fbb-5c13-b011-29190586be47","","checkpoint-status","not-started","","","TRUE","TRUE","Site QA","Area Ready","WING C","C.16 UNISEX DISABLED WC","Walls / Ceiling","Ceiling Installed"
"a55b30a8-18c9-5847-a52c-b6df3b42fe95","","checkpoint-status","not-started","","","TRUE","TRUE","Site QA","Area Ready","WING C","C.16 UNISEX DISABLED WC","Walls / Ceiling","Gyprock"
"d2bf2673-a04e-59cc-907a-fb53ff489c95","","checkpoint-status","not-started","","","TRUE","TRUE","Site QA","Area Ready","WING C","C.16 UNISEX DISABLED WC","Walls / Ceiling","Plastered"
"7523bbc7-98a3-5f7e-a8ed-13ef660a29e0","","checkpoint-status","not-started","","","TRUE","TRUE","Site QA","Area Ready","WING C","C.16 UNISEX DISABLED WC","Walls / Ceiling","Plaster Sanded"
"9e1c6f62-49c2-5f5d-967f-8632d074546b","","checkpoint-status","not-started","","","TRUE","TRUE","Site QA","Area Ready","WING C","C.16 UNISEX DISABLED WC","Walls / Ceiling","Painted"
"861edc35-2f9f-4152-ab4c-972f366e50ff","","checklist-sectioned","not-started","Area Ready Checklist","checklist","FALSE","FALSE","Site QA","Area Ready","WING C","C.17 CLEAN UTILITY"
"11a6ad91-c289-5cbb-a46c-bb0045e01b65","","checkpoint-group","not-started","","","FALSE","FALSE","Site QA","Area Ready","WING C","C.17 CLEAN UTILITY","Substrate"
"caa063a0-5ae4-5f35-a7fb-7e33acd50a32","","checkpoint-status","not-started","","","TRUE","TRUE","Site QA","Area Ready","WING C","C.17 CLEAN UTILITY","Substrate","Substrate Acceptable"
"2e2a488d-89f4-58b3-be85-941d3512a056","","checkpoint-status","not-started","","","TRUE","TRUE","Site QA","Area Ready","WING C","C.17 CLEAN UTILITY","Substrate","Wet Area Screed Installed"
"d526f189-0848-5148-a5ea-effd0010b5f9","","checkpoint-group","not-started","","","FALSE","FALSE","Site QA","Area Ready","WING C","C.17 CLEAN UTILITY","Walls / Ceiling"
"1bd4228e-c960-5ec1-b83e-082af30a1485","","checkpoint-status","not-started","","","TRUE","TRUE","Site QA","Area Ready","WING C","C.17 CLEAN UTILITY","Walls / Ceiling","Ceiling Installed"
"e8cf4c55-056b-5ef1-99bd-61f2fadd4c96","","checkpoint-status","not-started","","","TRUE","TRUE","Site QA","Area Ready","WING C","C.17 CLEAN UTILITY","Walls / Ceiling","Gyprock"
"ef85ec60-41de-51e9-9181-2f3c04809ec9","","checkpoint-status","not-started","","","TRUE","TRUE","Site QA","Area Ready","WING C","C.17 CLEAN UTILITY","Walls / Ceiling","Plastered"
"23161b58-fb49-5187-ab1c-89131740881a","","checkpoint-status","not-started","","","TRUE","TRUE","Site QA","Area Ready","WING C","C.17 CLEAN UTILITY","Walls / Ceiling","Plaster Sanded"
"d4efb43e-9eed-5bc2-a4f8-2b961e19a1fb","","checkpoint-status","not-started","","","TRUE","TRUE","Site QA","Area Ready","WING C","C.17 CLEAN UTILITY","Walls / Ceiling","Painted"
"c79f3466-4c1b-4f4c-ab37-20e620a04b7e","","checklist-sectioned","not-started","Area Ready Checklist","checklist","FALSE","FALSE","Site QA","Area Ready","WING C","C.18 NURSES STATION"
"2a485992-ef93-5a91-bc89-0c1506106e2c","","checkpoint-group","not-started","","","FALSE","FALSE","Site QA","Area Ready","WING C","C.18 NURSES STATION","Substrate"
"37991115-7736-5d71-a887-16fde1f7cb79","","checkpoint-status","not-started","","","TRUE","TRUE","Site QA","Area Ready","WING C","C.18 NURSES STATION","Substrate","Substrate Acceptable"
"eebc3346-19e2-5cc6-a3fb-ed878570a605","","checkpoint-status","not-started","","","TRUE","TRUE","Site QA","Area Ready","WING C","C.18 NURSES STATION","Substrate","Wet Area Screed Installed"
"407c6485-e01a-51bc-910b-3e841de78554","","checkpoint-group","not-started","","","FALSE","FALSE","Site QA","Area Ready","WING C","C.18 NURSES STATION","Walls / Ceiling"
"102924fa-3856-539e-bb1d-e65383eb4a48","","checkpoint-status","not-started","","","TRUE","TRUE","Site QA","Area Ready","WING C","C.18 NURSES STATION","Walls / Ceiling","Ceiling Installed"
"db33e2c9-2cf5-5704-9e97-204645e43b7f","","checkpoint-status","not-started","","","TRUE","TRUE","Site QA","Area Ready","WING C","C.18 NURSES STATION","Walls / Ceiling","Gyprock"
"2c1c98bc-0469-592c-b0a6-32ca61816e65","","checkpoint-status","not-started","","","TRUE","TRUE","Site QA","Area Ready","WING C","C.18 NURSES STATION","Walls / Ceiling","Plastered"
"ec7be994-f805-5340-90e9-8d16c18ab4a4","","checkpoint-status","not-started","","","TRUE","TRUE","Site QA","Area Ready","WING C","C.18 NURSES STATION","Walls / Ceiling","Plaster Sanded"
"5eb9d84f-a79d-5c5c-94ae-3132e49812ca","","checkpoint-status","not-started","","","TRUE","TRUE","Site QA","Area Ready","WING C","C.18 NURSES STATION","Walls / Ceiling","Painted"
"9b47c7c5-22cf-4ef5-993c-95060fcb519f","","checklist-sectioned","not-started","Area Ready Checklist","checklist","FALSE","FALSE","Site QA","Area Ready","WING C","C.19 BED"
"261a4ef8-35e3-5270-a5b3-5c5952856840","","checkpoint-group","not-started","","","FALSE","FALSE","Site QA","Area Ready","WING C","C.19 BED","Substrate"
"7a313dfa-ee5f-5656-9d95-e3b1c5545d5c","","checkpoint-status","not-started","","","TRUE","TRUE","Site QA","Area Ready","WING C","C.19 BED","Substrate","Substrate Acceptable"
"c0a4343d-5d44-57a2-98ca-ebed5190e7c9","","checkpoint-status","not-started","","","TRUE","TRUE","Site QA","Area Ready","WING C","C.19 BED","Substrate","Wet Area Screed Installed"
"340dd809-aa20-5fe0-b0e7-9c9416f6ebd2","","checkpoint-group","not-started","","","FALSE","FALSE","Site QA","Area Ready","WING C","C.19 BED","Walls / Ceiling"
"f4f42ca5-d2ca-5c0e-b9a1-98c8ed1d5613","","checkpoint-status","not-started","","","TRUE","TRUE","Site QA","Area Ready","WING C","C.19 BED","Walls / Ceiling","Ceiling Installed"
"170b9e3a-d14f-50df-9403-625a0c0678c8","","checkpoint-status","not-started","","","TRUE","TRUE","Site QA","Area Ready","WING C","C.19 BED","Walls / Ceiling","Gyprock"
"b0d5b479-c960-535e-8068-12917764cf5e","","checkpoint-status","not-started","","","TRUE","TRUE","Site QA","Area Ready","WING C","C.19 BED","Walls / Ceiling","Plastered"
"815657f0-9a4d-5c8b-9f5f-4936eb0ae3b4","","checkpoint-status","not-started","","","TRUE","TRUE","Site QA","Area Ready","WING C","C.19 BED","Walls / Ceiling","Plaster Sanded"
"54b0030a-010e-5ee0-8978-d00cea0a117d","","checkpoint-status","not-started","","","TRUE","TRUE","Site QA","Area Ready","WING C","C.19 BED","Walls / Ceiling","Painted"
"a75d46a0-969f-4c43-b161-d1615ca3df12","","checklist-sectioned","not-started","Area Ready Checklist","checklist","FALSE","FALSE","Site QA","Area Ready","WING C","C.19A ENSUITE"
"3f9b657c-a1ac-557b-8d07-0c1c5f65a359","","checkpoint-group","not-started","","","FALSE","FALSE","Site QA","Area Ready","WING C","C.19A ENSUITE","Substrate"
"a4296fd6-1a67-50c9-882c-354f2e185b4b","","checkpoint-status","not-started","","","TRUE","TRUE","Site QA","Area Ready","WING C","C.19A ENSUITE","Substrate","Substrate Acceptable"
"62ac4094-1dc9-532f-8d1c-0d6f65c60402","","checkpoint-status","not-started","","","TRUE","TRUE","Site QA","Area Ready","WING C","C.19A ENSUITE","Substrate","Wet Area Screed Installed"
"812a7a6b-3494-59e0-b1f3-5760c7b78bf7","","checkpoint-group","not-started","","","FALSE","FALSE","Site QA","Area Ready","WING C","C.19A ENSUITE","Walls / Ceiling"
"7472399b-ef0c-5d5e-a27b-f521954ff17d","","checkpoint-status","not-started","","","TRUE","TRUE","Site QA","Area Ready","WING C","C.19A ENSUITE","Walls / Ceiling","Ceiling Installed"
"de7fb52a-eb3b-5690-9426-c1d0aaf4c4c6","","checkpoint-status","not-started","","","TRUE","TRUE","Site QA","Area Ready","WING C","C.19A ENSUITE","Walls / Ceiling","Gyprock"
"f3eab01a-1fb5-5907-b69b-77062b8eebca","","checkpoint-status","not-started","","","TRUE","TRUE","Site QA","Area Ready","WING C","C.19A ENSUITE","Walls / Ceiling","Plastered"
"63d0ba90-0db2-5295-ab90-8ef63ba68fba","","checkpoint-status","not-started","","","TRUE","TRUE","Site QA","Area Ready","WING C","C.19A ENSUITE","Walls / Ceiling","Plaster Sanded"
"b6513c3e-86e6-5576-b202-bd9689bab9b2","","checkpoint-status","not-started","","","TRUE","TRUE","Site QA","Area Ready","WING C","C.19A ENSUITE","Walls / Ceiling","Painted"
"ea5cbb6d-7b62-49fa-a393-cab21b02ebf3","","checklist-sectioned","not-started","Area Ready Checklist","checklist","FALSE","FALSE","Site QA","Area Ready","WING C","C.20 BED"
"ffa8f697-a829-5233-a019-e9aa27a01c90","","checkpoint-group","not-started","","","FALSE","FALSE","Site QA","Area Ready","WING C","C.20 BED","Substrate"
"23f0d21c-c80d-5786-8d8a-de26fd81ac32","","checkpoint-status","not-started","","","TRUE","TRUE","Site QA","Area Ready","WING C","C.20 BED","Substrate","Substrate Acceptable"
"3bc57d3a-af96-5ac3-9fdb-441f592dbb37","","checkpoint-status","not-started","","","TRUE","TRUE","Site QA","Area Ready","WING C","C.20 BED","Substrate","Wet Area Screed Installed"
"3e2d323a-6bee-5218-a515-4660ea24cb61","","checkpoint-group","not-started","","","FALSE","FALSE","Site QA","Area Ready","WING C","C.20 BED","Walls / Ceiling"
"2cba53ba-7715-522f-af9c-ac78701ecdf2","","checkpoint-status","not-started","","","TRUE","TRUE","Site QA","Area Ready","WING C","C.20 BED","Walls / Ceiling","Ceiling Installed"
"e2a12aaa-aca7-5770-ba77-20f21b5f95e4","","checkpoint-status","not-started","","","TRUE","TRUE","Site QA","Area Ready","WING C","C.20 BED","Walls / Ceiling","Gyprock"
"057999ce-6514-5cd9-a37f-3d09e7cc2d60","","checkpoint-status","not-started","","","TRUE","TRUE","Site QA","Area Ready","WING C","C.20 BED","Walls / Ceiling","Plastered"
"9fc9aef2-9870-5bcf-9aca-f4a2e70cd16e","","checkpoint-status","not-started","","","TRUE","TRUE","Site QA","Area Ready","WING C","C.20 BED","Walls / Ceiling","Plaster Sanded"
"c7e8d76b-36ab-5852-bb7b-ecca210bef2a","","checkpoint-status","not-started","","","TRUE","TRUE","Site QA","Area Ready","WING C","C.20 BED","Walls / Ceiling","Painted"
"7a12f386-3279-4432-bf38-90b83133aa6a","","checklist-sectioned","not-started","Area Ready Checklist","checklist","FALSE","FALSE","Site QA","Area Ready","WING C","C.20A ENSUITE"
"8c6308d6-007d-5453-be58-abc06f1d0a9c","","checkpoint-group","not-started","","","FALSE","FALSE","Site QA","Area Ready","WING C","C.20A ENSUITE","Substrate"
"d5adc2ef-b1ad-5780-acb5-8e275a9ef483","","checkpoint-status","not-started","","","TRUE","TRUE","Site QA","Area Ready","WING C","C.20A ENSUITE","Substrate","Substrate Acceptable"
"b6d440a2-863d-5838-89b5-d9469026604e","","checkpoint-status","not-started","","","TRUE","TRUE","Site QA","Area Ready","WING C","C.20A ENSUITE","Substrate","Wet Area Screed Installed"
"1da8a72b-7618-5c1d-8ce0-0168c1d2fe6b","","checkpoint-group","not-started","","","FALSE","FALSE","Site QA","Area Ready","WING C","C.20A ENSUITE","Walls / Ceiling"
"fbbb44c8-ab5a-5a78-9646-8f88923ad4f8","","checkpoint-status","not-started","","","TRUE","TRUE","Site QA","Area Ready","WING C","C.20A ENSUITE","Walls / Ceiling","Ceiling Installed"
"33323983-95a4-518d-9e05-43e434f4326a","","checkpoint-status","not-started","","","TRUE","TRUE","Site QA","Area Ready","WING C","C.20A ENSUITE","Walls / Ceiling","Gyprock"
"0d498fbc-aa57-5b0d-84cd-fbbb57f9a398","","checkpoint-status","not-started","","","TRUE","TRUE","Site QA","Area Ready","WING C","C.20A ENSUITE","Walls / Ceiling","Plastered"
"6f0bc8a1-bcfe-5ba7-b543-f95c56d2fd47","","checkpoint-status","not-started","","","TRUE","TRUE","Site QA","Area Ready","WING C","C.20A ENSUITE","Walls / Ceiling","Plaster Sanded"
"470b1cce-3b36-578b-9268-3635f30329d2","","checkpoint-status","not-started","","","TRUE","TRUE","Site QA","Area Ready","WING C","C.20A ENSUITE","Walls / Ceiling","Painted"
"99b05a6d-e2cd-4610-9bfd-e9b13169e9df","","checklist-sectioned","not-started","Area Ready Checklist","checklist","FALSE","FALSE","Site QA","Area Ready","WING C","C.21A ENSUITE"
"9af027af-d9ef-578f-91d1-95c1498fd881","","checkpoint-group","not-started","","","FALSE","FALSE","Site QA","Area Ready","WING C","C.21A ENSUITE","Substrate"
"943805d6-d35d-5b0c-a051-101627caa142","","checkpoint-status","not-started","","","TRUE","TRUE","Site QA","Area Ready","WING C","C.21A ENSUITE","Substrate","Substrate Acceptable"
"e2249961-d8cf-5d07-ba78-c879b458e87c","","checkpoint-status","not-started","","","TRUE","TRUE","Site QA","Area Ready","WING C","C.21A ENSUITE","Substrate","Wet Area Screed Installed"
"a128efd1-f435-51df-beae-f14f75d374cb","","checkpoint-group","not-started","","","FALSE","FALSE","Site QA","Area Ready","WING C","C.21A ENSUITE","Walls / Ceiling"
"eaffc608-14e4-5871-bcdc-c8706315b5fe","","checkpoint-status","not-started","","","TRUE","TRUE","Site QA","Area Ready","WING C","C.21A ENSUITE","Walls / Ceiling","Ceiling Installed"
"9cae8c86-3b99-53e1-8dca-4d3f626880f8","","checkpoint-status","not-started","","","TRUE","TRUE","Site QA","Area Ready","WING C","C.21A ENSUITE","Walls / Ceiling","Gyprock"
"7158d343-9930-5050-8ffd-d7b9f1fc369d","","checkpoint-status","not-started","","","TRUE","TRUE","Site QA","Area Ready","WING C","C.21A ENSUITE","Walls / Ceiling","Plastered"
"d99faef4-bdc2-5edc-971b-775f36c90500","","checkpoint-status","not-started","","","TRUE","TRUE","Site QA","Area Ready","WING C","C.21A ENSUITE","Walls / Ceiling","Plaster Sanded"
"fcf78235-2752-5579-b10d-065ed8c10019","","checkpoint-status","not-started","","","TRUE","TRUE","Site QA","Area Ready","WING C","C.21A ENSUITE","Walls / Ceiling","Painted"
"6f850109-b36c-4a79-a35b-4b74e9d63460","","checklist-sectioned","not-started","Area Ready Checklist","checklist","FALSE","FALSE","Site QA","Area Ready","WING C","C.22 BED"
"af32f791-e612-5fa6-bdb7-1426940c7461","","checkpoint-group","not-started","","","FALSE","FALSE","Site QA","Area Ready","WING C","C.22 BED","Substrate"
"c0d0a51e-b55d-5760-8729-311020814430","","checkpoint-status","not-started","","","TRUE","TRUE","Site QA","Area Ready","WING C","C.22 BED","Substrate","Substrate Acceptable"
"c12f38a4-bdfa-5c33-adda-0d0b019ae926","","checkpoint-status","not-started","","","TRUE","TRUE","Site QA","Area Ready","WING C","C.22 BED","Substrate","Wet Area Screed Installed"
"5e4a4ca3-58ef-5d4e-bdc3-e9b1a7d95a48","","checkpoint-group","not-started","","","FALSE","FALSE","Site QA","Area Ready","WING C","C.22 BED","Walls / Ceiling"
"18078d0c-f38a-5500-a0bb-a0f05f42d5cb","","checkpoint-status","not-started","","","TRUE","TRUE","Site QA","Area Ready","WING C","C.22 BED","Walls / Ceiling","Ceiling Installed"
"60f46221-4dd7-5348-8481-56a6684cf6d6","","checkpoint-status","not-started","","","TRUE","TRUE","Site QA","Area Ready","WING C","C.22 BED","Walls / Ceiling","Gyprock"
"9d38fd39-66b0-5c70-885e-cc514a52f787","","checkpoint-status","not-started","","","TRUE","TRUE","Site QA","Area Ready","WING C","C.22 BED","Walls / Ceiling","Plastered"
"c3748751-d37e-5aa3-ba91-8cda8736e764","","checkpoint-status","not-started","","","TRUE","TRUE","Site QA","Area Ready","WING C","C.22 BED","Walls / Ceiling","Plaster Sanded"
"efcb92e4-f39c-5622-b2da-5eb24673d52a","","checkpoint-status","not-started","","","TRUE","TRUE","Site QA","Area Ready","WING C","C.22 BED","Walls / Ceiling","Painted"
"732a13a3-2fb0-4e8a-9160-2633c3e3cfd8","","checklist-sectioned","not-started","Area Ready Checklist","checklist","FALSE","FALSE","Site QA","Area Ready","WING C","C.22A ENSUITE"
"c0e0a916-abf0-5010-a607-b3db7726a6a4","","checkpoint-group","not-started","","","FALSE","FALSE","Site QA","Area Ready","WING C","C.22A ENSUITE","Substrate"
"11e4db7b-e9a9-543a-a55e-4024e310fa7d","","checkpoint-status","not-started","","","TRUE","TRUE","Site QA","Area Ready","WING C","C.22A ENSUITE","Substrate","Substrate Acceptable"
"6a60e018-9a6f-5d2b-aece-a188c400b558","","checkpoint-status","not-started","","","TRUE","TRUE","Site QA","Area Ready","WING C","C.22A ENSUITE","Substrate","Wet Area Screed Installed"
"f58f9ad1-a6a5-5cbd-bdb4-5f179e6b1372","","checkpoint-group","not-started","","","FALSE","FALSE","Site QA","Area Ready","WING C","C.22A ENSUITE","Walls / Ceiling"
"322e6551-1238-59f0-8e35-c0472c6d261b","","checkpoint-status","not-started","","","TRUE","TRUE","Site QA","Area Ready","WING C","C.22A ENSUITE","Walls / Ceiling","Ceiling Installed"
"1f1f8b14-c9ee-5d52-b165-d6168edadec3","","checkpoint-status","not-started","","","TRUE","TRUE","Site QA","Area Ready","WING C","C.22A ENSUITE","Walls / Ceiling","Gyprock"
"468a9a84-bea7-5069-9c07-6726a9bd05d0","","checkpoint-status","not-started","","","TRUE","TRUE","Site QA","Area Ready","WING C","C.22A ENSUITE","Walls / Ceiling","Plastered"
"2433d034-1c9c-5be4-9e4c-ae2ba71243c9","","checkpoint-status","not-started","","","TRUE","TRUE","Site QA","Area Ready","WING C","C.22A ENSUITE","Walls / Ceiling","Plaster Sanded"
"8084c76b-246f-5c8f-a89d-892c5f3f9e5c","","checkpoint-status","not-started","","","TRUE","TRUE","Site QA","Area Ready","WING C","C.22A ENSUITE","Walls / Ceiling","Painted"
"b7560aa7-ab8e-498d-8bba-eb3fb6cf1095","","checklist-sectioned","not-started","Area Ready Checklist","checklist","FALSE","FALSE","Site QA","Area Ready","WING C","C.23 CORRIDOR, LOUNGE"
"05bc0449-c4bf-5e15-9de6-a52d4eda8dd9","","checkpoint-group","not-started","","","FALSE","FALSE","Site QA","Area Ready","WING C","C.23 CORRIDOR, LOUNGE","Substrate"
"892a1069-1d58-5647-b0cc-7c90846f9793","","checkpoint-status","not-started","","","TRUE","TRUE","Site QA","Area Ready","WING C","C.23 CORRIDOR, LOUNGE","Substrate","Substrate Acceptable"
"b90b0d2a-0ad3-5793-8a95-1886948a7a5c","","checkpoint-status","not-started","","","TRUE","TRUE","Site QA","Area Ready","WING C","C.23 CORRIDOR, LOUNGE","Substrate","Wet Area Screed Installed"
"6120767f-b37e-5ffe-afaa-3d0604b28e05","","checkpoint-group","not-started","","","FALSE","FALSE","Site QA","Area Ready","WING C","C.23 CORRIDOR, LOUNGE","Walls / Ceiling"
"50a87a4f-1a60-5c28-9f7f-c43733841daf","","checkpoint-status","not-started","","","TRUE","TRUE","Site QA","Area Ready","WING C","C.23 CORRIDOR, LOUNGE","Walls / Ceiling","Ceiling Installed"
"13fe1b0b-665d-546f-a47c-aa98383607eb","","checkpoint-status","not-started","","","TRUE","TRUE","Site QA","Area Ready","WING C","C.23 CORRIDOR, LOUNGE","Walls / Ceiling","Gyprock"
"5a6f130e-1496-5a2e-a415-3fcb07437e52","","checkpoint-status","not-started","","","TRUE","TRUE","Site QA","Area Ready","WING C","C.23 CORRIDOR, LOUNGE","Walls / Ceiling","Plastered"
"14f9ec63-bd31-5e3b-a93c-c7611c22bed1","","checkpoint-status","not-started","","","TRUE","TRUE","Site QA","Area Ready","WING C","C.23 CORRIDOR, LOUNGE","Walls / Ceiling","Plaster Sanded"
"a34d6d7a-0466-5683-bdc0-8d8656f5bbe4","","checkpoint-status","not-started","","","TRUE","TRUE","Site QA","Area Ready","WING C","C.23 CORRIDOR, LOUNGE","Walls / Ceiling","Painted"
"c692b2d9-cb28-4697-b870-fa05c9662ad8","","checklist-sectioned","not-started","Area Ready Checklist","checklist","FALSE","FALSE","Site QA","Area Ready","WING C","C.24 STORE"
"f32f0561-af60-50f5-965c-30e2a7dc9382","","checkpoint-group","not-started","","","FALSE","FALSE","Site QA","Area Ready","WING C","C.24 STORE","Substrate"
"e33b4223-cf34-5274-9645-e1a7b35f107b","","checkpoint-status","not-started","","","TRUE","TRUE","Site QA","Area Ready","WING C","C.24 STORE","Substrate","Substrate Acceptable"
"24f2d887-f6b3-505c-aa0c-9cacbca8953a","","checkpoint-status","not-started","","","TRUE","TRUE","Site QA","Area Ready","WING C","C.24 STORE","Substrate","Wet Area Screed Installed"
"1fca685f-cdba-52f5-8104-db743d7fa59f","","checkpoint-group","not-started","","","FALSE","FALSE","Site QA","Area Ready","WING C","C.24 STORE","Walls / Ceiling"
"95bf3762-e14a-52f4-99e6-5fe01dac5b43","","checkpoint-status","not-started","","","TRUE","TRUE","Site QA","Area Ready","WING C","C.24 STORE","Walls / Ceiling","Ceiling Installed"
"4f3f819c-34ea-5429-b1cf-797e17c64fc9","","checkpoint-status","not-started","","","TRUE","TRUE","Site QA","Area Ready","WING C","C.24 STORE","Walls / Ceiling","Gyprock"
"2930faca-16d3-54e0-9001-cc0a3d29d577","","checkpoint-status","not-started","","","TRUE","TRUE","Site QA","Area Ready","WING C","C.24 STORE","Walls / Ceiling","Plastered"
"18c6fc33-ebb3-5a6f-97f2-4c09f57e6c42","","checkpoint-status","not-started","","","TRUE","TRUE","Site QA","Area Ready","WING C","C.24 STORE","Walls / Ceiling","Plaster Sanded"
"bc0545c4-0d2a-5c9c-b73b-9189c1151b37","","checkpoint-status","not-started","","","TRUE","TRUE","Site QA","Area Ready","WING C","C.24 STORE","Walls / Ceiling","Painted"
"afe6c63b-6c8e-4a61-9094-29dec1936d09","","checklist-sectioned","not-started","Area Ready Checklist","checklist","FALSE","FALSE","Site QA","Area Ready","WING C","C.25 CLEANER"
"cee80ccf-254c-5b0a-8830-562ef2017836","","checkpoint-group","not-started","","","FALSE","FALSE","Site QA","Area Ready","WING C","C.25 CLEANER","Substrate"
"03de0358-3227-59e7-a819-7809c16a67e3","","checkpoint-status","not-started","","","TRUE","TRUE","Site QA","Area Ready","WING C","C.25 CLEANER","Substrate","Substrate Acceptable"
"a353a464-52db-552d-a177-656ecbbd835b","","checkpoint-status","not-started","","","TRUE","TRUE","Site QA","Area Ready","WING C","C.25 CLEANER","Substrate","Wet Area Screed Installed"
"d0b9f0b9-3a36-5f46-8469-d14d22f0994b","","checkpoint-group","not-started","","","FALSE","FALSE","Site QA","Area Ready","WING C","C.25 CLEANER","Walls / Ceiling"
"724a9fa7-cdf4-5295-94b6-d1ec55525462","","checkpoint-status","not-started","","","TRUE","TRUE","Site QA","Area Ready","WING C","C.25 CLEANER","Walls / Ceiling","Ceiling Installed"
"6899461b-4066-5f38-948a-8c9d9b476ae9","","checkpoint-status","not-started","","","TRUE","TRUE","Site QA","Area Ready","WING C","C.25 CLEANER","Walls / Ceiling","Gyprock"
"fae9fdd6-c611-53fe-a840-f6f3fdda1a19","","checkpoint-status","not-started","","","TRUE","TRUE","Site QA","Area Ready","WING C","C.25 CLEANER","Walls / Ceiling","Plastered"
"c5248020-4b93-5df8-bc4a-a971273b03d8","","checkpoint-status","not-started","","","TRUE","TRUE","Site QA","Area Ready","WING C","C.25 CLEANER","Walls / Ceiling","Plaster Sanded"
"563d5523-ec86-57d8-8729-034841a003a6","","checkpoint-status","not-started","","","TRUE","TRUE","Site QA","Area Ready","WING C","C.25 CLEANER","Walls / Ceiling","Painted"
"d5befaa2-2aa8-4899-ae52-763d8109b521","","checklist-sectioned","not-started","Area Ready Checklist","checklist","FALSE","FALSE","Site QA","Area Ready","WING C","C.26 BED"
"fe1994f8-78af-5eb5-98de-eb266d207f12","","checkpoint-group","not-started","","","FALSE","FALSE","Site QA","Area Ready","WING C","C.26 BED","Substrate"
"9b8817da-d382-5855-b923-1b53d751ee67","","checkpoint-status","not-started","","","TRUE","TRUE","Site QA","Area Ready","WING C","C.26 BED","Substrate","Substrate Acceptable"
"8760253e-8902-50a2-b0fd-ef5ab9bea317","","checkpoint-status","not-started","","","TRUE","TRUE","Site QA","Area Ready","WING C","C.26 BED","Substrate","Wet Area Screed Installed"
"4d4e5b5d-8ca1-5439-983e-a4e8ed02d7b7","","checkpoint-group","not-started","","","FALSE","FALSE","Site QA","Area Ready","WING C","C.26 BED","Walls / Ceiling"
"22dfef38-a4fc-570b-8424-2f95a1c521c5","","checkpoint-status","not-started","","","TRUE","TRUE","Site QA","Area Ready","WING C","C.26 BED","Walls / Ceiling","Ceiling Installed"
"0452d525-9c05-571b-b9cf-f7edf6db84b4","","checkpoint-status","not-started","","","TRUE","TRUE","Site QA","Area Ready","WING C","C.26 BED","Walls / Ceiling","Gyprock"
"f65d17f9-d85f-50ab-89b3-584ccacd457c","","checkpoint-status","not-started","","","TRUE","TRUE","Site QA","Area Ready","WING C","C.26 BED","Walls / Ceiling","Plastered"
"288e0652-3a7f-5ff2-8129-9423310438a9","","checkpoint-status","not-started","","","TRUE","TRUE","Site QA","Area Ready","WING C","C.26 BED","Walls / Ceiling","Plaster Sanded"
"0b6b1367-5611-5724-bff1-e5b730f34545","","checkpoint-status","not-started","","","TRUE","TRUE","Site QA","Area Ready","WING C","C.26 BED","Walls / Ceiling","Painted"
"65fcaf82-08df-40d1-9e29-ded7ca2425c3","","checklist-sectioned","not-started","Area Ready Checklist","checklist","FALSE","FALSE","Site QA","Area Ready","WING C","C.26A ENSUITE"
"3cbb7d91-dca9-57d3-96c4-eb60c1c291d9","","checkpoint-group","not-started","","","FALSE","FALSE","Site QA","Area Ready","WING C","C.26A ENSUITE","Substrate"
"4bf4d31c-a2ee-5bfe-9fec-e7accf958090","","checkpoint-status","not-started","","","TRUE","TRUE","Site QA","Area Ready","WING C","C.26A ENSUITE","Substrate","Substrate Acceptable"
"1a5532a8-71b4-572b-9505-7b181967d09f","","checkpoint-status","not-started","","","TRUE","TRUE","Site QA","Area Ready","WING C","C.26A ENSUITE","Substrate","Wet Area Screed Installed"
"991daf6a-3580-5fa7-9566-51ac9669f554","","checkpoint-group","not-started","","","FALSE","FALSE","Site QA","Area Ready","WING C","C.26A ENSUITE","Walls / Ceiling"
"035006c6-e2ab-5017-8b38-d749b70e5e18","","checkpoint-status","not-started","","","TRUE","TRUE","Site QA","Area Ready","WING C","C.26A ENSUITE","Walls / Ceiling","Ceiling Installed"
"d0b9b1d9-8303-5219-913e-6f6c47ba92fe","","checkpoint-status","not-started","","","TRUE","TRUE","Site QA","Area Ready","WING C","C.26A ENSUITE","Walls / Ceiling","Gyprock"
"9931ef46-bfbb-5cbf-8c94-3117a734c15f","","checkpoint-status","not-started","","","TRUE","TRUE","Site QA","Area Ready","WING C","C.26A ENSUITE","Walls / Ceiling","Plastered"
"2fe30eab-424c-57b3-95ea-c0b8363681c0","","checkpoint-status","not-started","","","TRUE","TRUE","Site QA","Area Ready","WING C","C.26A ENSUITE","Walls / Ceiling","Plaster Sanded"
"d94f72cf-b140-5513-b859-63f17f2a5485","","checkpoint-status","not-started","","","TRUE","TRUE","Site QA","Area Ready","WING C","C.26A ENSUITE","Walls / Ceiling","Painted"
"38c19a42-1c96-4618-96ce-de0397e372a2","","checklist-sectioned","not-started","Area Ready Checklist","checklist","FALSE","FALSE","Site QA","Area Ready","WING C","C.27 BED"
"d6305468-40c9-53b4-8bc4-2e4ec08865ad","","checkpoint-group","not-started","","","FALSE","FALSE","Site QA","Area Ready","WING C","C.27 BED","Substrate"
"15e26d35-ed28-5992-89e7-3b8d9dfc8665","","checkpoint-status","not-started","","","TRUE","TRUE","Site QA","Area Ready","WING C","C.27 BED","Substrate","Substrate Acceptable"
"6d74848a-67b0-5cbe-a6cb-d7ee34251897","","checkpoint-status","not-started","","","TRUE","TRUE","Site QA","Area Ready","WING C","C.27 BED","Substrate","Wet Area Screed Installed"
"4979678a-a020-5c6f-bb6b-a04ff08eb136","","checkpoint-group","not-started","","","FALSE","FALSE","Site QA","Area Ready","WING C","C.27 BED","Walls / Ceiling"
"08c9307f-b55c-59ce-a4d6-c9e4e91f9105","","checkpoint-status","not-started","","","TRUE","TRUE","Site QA","Area Ready","WING C","C.27 BED","Walls / Ceiling","Ceiling Installed"
"99f2051e-8c43-5d5f-9a47-96cbcf1f926b","","checkpoint-status","not-started","","","TRUE","TRUE","Site QA","Area Ready","WING C","C.27 BED","Walls / Ceiling","Gyprock"
"f57bf4b4-1ccf-5ceb-8c16-ba11a23e4c08","","checkpoint-status","not-started","","","TRUE","TRUE","Site QA","Area Ready","WING C","C.27 BED","Walls / Ceiling","Plastered"
"1e4ef99d-601c-5711-ae73-9b587ef288b5","","checkpoint-status","not-started","","","TRUE","TRUE","Site QA","Area Ready","WING C","C.27 BED","Walls / Ceiling","Plaster Sanded"
"4b4ab800-32e3-55ce-a81e-7a8fc7d12b0a","","checkpoint-status","not-started","","","TRUE","TRUE","Site QA","Area Ready","WING C","C.27 BED","Walls / Ceiling","Painted"
"daabfb25-c454-41d4-80d2-c833bb9df52a","","checklist-sectioned","not-started","Area Ready Checklist","checklist","FALSE","FALSE","Site QA","Area Ready","WING C","C.27A ENSUITE"
"98637bbd-4f55-5426-bf38-243170184008","","checkpoint-group","not-started","","","FALSE","FALSE","Site QA","Area Ready","WING C","C.27A ENSUITE","Substrate"
"7f55e910-cc45-521e-af36-038c10abef07","","checkpoint-status","not-started","","","TRUE","TRUE","Site QA","Area Ready","WING C","C.27A ENSUITE","Substrate","Substrate Acceptable"
"984515fc-0f8b-5d14-8bce-133e315e5cbd","","checkpoint-status","not-started","","","TRUE","TRUE","Site QA","Area Ready","WING C","C.27A ENSUITE","Substrate","Wet Area Screed Installed"
"f45fbe29-2dde-5ce9-b8bb-18b32da79826","","checkpoint-group","not-started","","","FALSE","FALSE","Site QA","Area Ready","WING C","C.27A ENSUITE","Walls / Ceiling"
"3deabdb1-b510-5bd0-ba46-e7717a01c2cf","","checkpoint-status","not-started","","","TRUE","TRUE","Site QA","Area Ready","WING C","C.27A ENSUITE","Walls / Ceiling","Ceiling Installed"
"c4465a09-71a7-570e-9392-03c0a22d3115","","checkpoint-status","not-started","","","TRUE","TRUE","Site QA","Area Ready","WING C","C.27A ENSUITE","Walls / Ceiling","Gyprock"
"1e3443b4-4533-5ca6-9237-98df79ccec92","","checkpoint-status","not-started","","","TRUE","TRUE","Site QA","Area Ready","WING C","C.27A ENSUITE","Walls / Ceiling","Plastered"
"cf0f3e27-ff5a-5bea-9c3b-3b32544f0d91","","checkpoint-status","not-started","","","TRUE","TRUE","Site QA","Area Ready","WING C","C.27A ENSUITE","Walls / Ceiling","Plaster Sanded"
"1c911a33-350e-5b22-82b3-576568b67618","","checkpoint-status","not-started","","","TRUE","TRUE","Site QA","Area Ready","WING C","C.27A ENSUITE","Walls / Ceiling","Painted"
"6d94b2a8-db75-4dcd-b2f6-5551fa182be6","","checklist-sectioned","not-started","Area Ready Checklist","checklist","FALSE","FALSE","Site QA","Area Ready","WING C","C.28 BED"
"8bd0e29e-c8b5-525e-9d48-837205b8b41e","","checkpoint-group","not-started","","","FALSE","FALSE","Site QA","Area Ready","WING C","C.28 BED","Substrate"
"3f0ba1bc-484a-5ebd-9e29-d229a17833f9","","checkpoint-status","not-started","","","TRUE","TRUE","Site QA","Area Ready","WING C","C.28 BED","Substrate","Substrate Acceptable"
"f72d21c2-ee02-56a2-a59d-c4201d99debf","","checkpoint-status","not-started","","","TRUE","TRUE","Site QA","Area Ready","WING C","C.28 BED","Substrate","Wet Area Screed Installed"
"5b2be0d7-7ad3-58fb-b324-0a43f911cff8","","checkpoint-group","not-started","","","FALSE","FALSE","Site QA","Area Ready","WING C","C.28 BED","Walls / Ceiling"
"13d0d093-e9a4-58e3-b45c-1e553f016778","","checkpoint-status","not-started","","","TRUE","TRUE","Site QA","Area Ready","WING C","C.28 BED","Walls / Ceiling","Ceiling Installed"
"843bb393-ec6f-5f77-ae81-dec497abaeab","","checkpoint-status","not-started","","","TRUE","TRUE","Site QA","Area Ready","WING C","C.28 BED","Walls / Ceiling","Gyprock"
"fd216c87-3b20-543d-a6de-bd7d7c74e774","","checkpoint-status","not-started","","","TRUE","TRUE","Site QA","Area Ready","WING C","C.28 BED","Walls / Ceiling","Plastered"
"ca7442bf-501f-5769-99e3-76226b37b82f","","checkpoint-status","not-started","","","TRUE","TRUE","Site QA","Area Ready","WING C","C.28 BED","Walls / Ceiling","Plaster Sanded"
"f9b7107a-b840-5e13-a604-bf83955168b4","","checkpoint-status","not-started","","","TRUE","TRUE","Site QA","Area Ready","WING C","C.28 BED","Walls / Ceiling","Painted"
"ff33212e-2e3f-48a6-9b0a-e9284ff0c611","","checklist-sectioned","not-started","Area Ready Checklist","checklist","FALSE","FALSE","Site QA","Area Ready","WING C","C.28A ENSUITE"
"3fc76781-daab-54a7-9fa0-d8473b6247f9","","checkpoint-group","not-started","","","FALSE","FALSE","Site QA","Area Ready","WING C","C.28A ENSUITE","Substrate"
"0cacd174-f162-5fe8-9e5c-3b5de656233d","","checkpoint-status","not-started","","","TRUE","TRUE","Site QA","Area Ready","WING C","C.28A ENSUITE","Substrate","Substrate Acceptable"
"e559225d-f1e0-5b20-aac3-bb2ac2e853e4","","checkpoint-status","not-started","","","TRUE","TRUE","Site QA","Area Ready","WING C","C.28A ENSUITE","Substrate","Wet Area Screed Installed"
"2373df8b-c159-5f05-9c97-721395817f72","","checkpoint-group","not-started","","","FALSE","FALSE","Site QA","Area Ready","WING C","C.28A ENSUITE","Walls / Ceiling"
"7c27aed9-b258-53ba-97e2-7bdf9dec62f3","","checkpoint-status","not-started","","","TRUE","TRUE","Site QA","Area Ready","WING C","C.28A ENSUITE","Walls / Ceiling","Ceiling Installed"
"895626f6-3293-5ca2-8b48-47db2f59e0a6","","checkpoint-status","not-started","","","TRUE","TRUE","Site QA","Area Ready","WING C","C.28A ENSUITE","Walls / Ceiling","Gyprock"
"43e3d53d-e751-59b9-98ff-5d19a370cf0c","","checkpoint-status","not-started","","","TRUE","TRUE","Site QA","Area Ready","WING C","C.28A ENSUITE","Walls / Ceiling","Plastered"
"ebf383fb-cf3f-5836-9b64-066f45c56469","","checkpoint-status","not-started","","","TRUE","TRUE","Site QA","Area Ready","WING C","C.28A ENSUITE","Walls / Ceiling","Plaster Sanded"
"5c1149a5-8563-5266-aac2-2eb9ffd038e6","","checkpoint-status","not-started","","","TRUE","TRUE","Site QA","Area Ready","WING C","C.28A ENSUITE","Walls / Ceiling","Painted"
"a30ddd12-c860-4359-8c14-cee21defd999","","checklist-sectioned","not-started","Area Ready Checklist","checklist","FALSE","FALSE","Site QA","Area Ready","WING C","C.30 BED"
"05ee1e51-46d8-56d2-a058-9bf473d3cc4d","","checkpoint-group","not-started","","","FALSE","FALSE","Site QA","Area Ready","WING C","C.30 BED","Substrate"
"0e5736ac-9260-5333-85ca-2411e6243f10","","checkpoint-status","not-started","","","TRUE","TRUE","Site QA","Area Ready","WING C","C.30 BED","Substrate","Substrate Acceptable"
"bb643dc3-84c0-5058-9192-13e20ea11af9","","checkpoint-status","not-started","","","TRUE","TRUE","Site QA","Area Ready","WING C","C.30 BED","Substrate","Wet Area Screed Installed"
"feac3b21-2e12-544d-9aec-8290bdda74d0","","checkpoint-group","not-started","","","FALSE","FALSE","Site QA","Area Ready","WING C","C.30 BED","Walls / Ceiling"
"94e4c5b2-2989-566e-9043-2c74889a2fe3","","checkpoint-status","not-started","","","TRUE","TRUE","Site QA","Area Ready","WING C","C.30 BED","Walls / Ceiling","Ceiling Installed"
"c47fb62a-201b-536f-8142-d2bf4666d58f","","checkpoint-status","not-started","","","TRUE","TRUE","Site QA","Area Ready","WING C","C.30 BED","Walls / Ceiling","Gyprock"
"38f03fa1-31b0-5146-8102-e44bf28386d0","","checkpoint-status","not-started","","","TRUE","TRUE","Site QA","Area Ready","WING C","C.30 BED","Walls / Ceiling","Plastered"
"2ae1168a-9932-5e26-859f-91a942e62f28","","checkpoint-status","not-started","","","TRUE","TRUE","Site QA","Area Ready","WING C","C.30 BED","Walls / Ceiling","Plaster Sanded"
"d9fbecb7-df64-52ae-b877-7f3df0fd407d","","checkpoint-status","not-started","","","TRUE","TRUE","Site QA","Area Ready","WING C","C.30 BED","Walls / Ceiling","Painted"
"ea3b3550-04ed-4ecb-8f7c-6aab5d08d2f7","","checklist-sectioned","not-started","Area Ready Checklist","checklist","FALSE","FALSE","Site QA","Area Ready","WING C","C.30A ENSUITE"
"636d69c7-547e-529e-bf0b-9493a2febcb1","","checkpoint-group","not-started","","","FALSE","FALSE","Site QA","Area Ready","WING C","C.30A ENSUITE","Substrate"
"0d92ae98-2232-59fe-9728-f97152d8e74e","","checkpoint-status","not-started","","","TRUE","TRUE","Site QA","Area Ready","WING C","C.30A ENSUITE","Substrate","Substrate Acceptable"
"0dc94183-1edc-5e0f-8e2f-b0cc38c34f21","","checkpoint-status","not-started","","","TRUE","TRUE","Site QA","Area Ready","WING C","C.30A ENSUITE","Substrate","Wet Area Screed Installed"
"92da4701-b47e-5190-b960-b988866a5731","","checkpoint-group","not-started","","","FALSE","FALSE","Site QA","Area Ready","WING C","C.30A ENSUITE","Walls / Ceiling"
"26dd5f44-cf66-5540-b5e4-af2eba45475a","","checkpoint-status","not-started","","","TRUE","TRUE","Site QA","Area Ready","WING C","C.30A ENSUITE","Walls / Ceiling","Ceiling Installed"
"06e40a71-2e5a-5f38-87ee-fc6f0b2baaeb","","checkpoint-status","not-started","","","TRUE","TRUE","Site QA","Area Ready","WING C","C.30A ENSUITE","Walls / Ceiling","Gyprock"
"9da99e49-72ec-5f9d-96e2-206fe6d221d3","","checkpoint-status","not-started","","","TRUE","TRUE","Site QA","Area Ready","WING C","C.30A ENSUITE","Walls / Ceiling","Plastered"
"22ce5829-9b0c-5fcf-83d6-dc84c3599470","","checkpoint-status","not-started","","","TRUE","TRUE","Site QA","Area Ready","WING C","C.30A ENSUITE","Walls / Ceiling","Plaster Sanded"
"c522c5ea-8bce-5692-9587-0f5d42ca09f4","","checkpoint-status","not-started","","","TRUE","TRUE","Site QA","Area Ready","WING C","C.30A ENSUITE","Walls / Ceiling","Painted"
"8cf4f8d4-3c46-4cc7-91b2-181830171989","","checklist-sectioned","not-started","Area Ready Checklist","checklist","FALSE","FALSE","Site QA","Area Ready","WING C","C.32 SERVERY"
"115a8a7e-b94d-50cc-8d60-2344e084c4fb","","checkpoint-group","not-started","","","FALSE","FALSE","Site QA","Area Ready","WING C","C.32 SERVERY","Substrate"
"3b73241e-d2b6-5bad-a656-c7f190a17ada","","checkpoint-status","not-started","","","TRUE","TRUE","Site QA","Area Ready","WING C","C.32 SERVERY","Substrate","Substrate Acceptable"
"27fcff99-5d0e-5b53-94e4-8b46f1be663f","","checkpoint-status","not-started","","","TRUE","TRUE","Site QA","Area Ready","WING C","C.32 SERVERY","Substrate","Wet Area Screed Installed"
"e6daadfe-d37f-5b2f-a890-451567f6f4be","","checkpoint-group","not-started","","","FALSE","FALSE","Site QA","Area Ready","WING C","C.32 SERVERY","Walls / Ceiling"
"44b8437c-ce3f-5705-9ad1-002b07f381a4","","checkpoint-status","not-started","","","TRUE","TRUE","Site QA","Area Ready","WING C","C.32 SERVERY","Walls / Ceiling","Ceiling Installed"
"c3a10a5a-cf85-5e8e-89a1-1e4b536abfc5","","checkpoint-status","not-started","","","TRUE","TRUE","Site QA","Area Ready","WING C","C.32 SERVERY","Walls / Ceiling","Gyprock"
"8e585a51-201b-5fbd-8ab0-e70a0943fd98","","checkpoint-status","not-started","","","TRUE","TRUE","Site QA","Area Ready","WING C","C.32 SERVERY","Walls / Ceiling","Plastered"
"35e3fd3e-443a-5ae4-807e-a79b7c993a4d","","checkpoint-status","not-started","","","TRUE","TRUE","Site QA","Area Ready","WING C","C.32 SERVERY","Walls / Ceiling","Plaster Sanded"
"560a5a54-e8e8-52d8-b02c-4bbadb94dda7","","checkpoint-status","not-started","","","TRUE","TRUE","Site QA","Area Ready","WING C","C.32 SERVERY","Walls / Ceiling","Painted"
"a97f19ab-b2fd-47aa-99e5-9eca192f1ee1","","checklist-sectioned","not-started","Area Ready Checklist","checklist","FALSE","FALSE","Site QA","Area Ready","WING C","C.33 BED"
"00d51adc-5602-57a4-8c2d-4445ad72b36c","","checkpoint-group","not-started","","","FALSE","FALSE","Site QA","Area Ready","WING C","C.33 BED","Substrate"
"1ee67e86-df22-5405-b246-34c7d5656cff","","checkpoint-status","not-started","","","TRUE","TRUE","Site QA","Area Ready","WING C","C.33 BED","Substrate","Substrate Acceptable"
"c5a25a27-a6f3-5dce-a41c-8ce82d519d29","","checkpoint-status","not-started","","","TRUE","TRUE","Site QA","Area Ready","WING C","C.33 BED","Substrate","Wet Area Screed Installed"
"45de5a24-b1f9-583d-94b9-805f0e6a9fda","","checkpoint-group","not-started","","","FALSE","FALSE","Site QA","Area Ready","WING C","C.33 BED","Walls / Ceiling"
"85374cd4-099f-5313-9828-4ccf8299be9c","","checkpoint-status","not-started","","","TRUE","TRUE","Site QA","Area Ready","WING C","C.33 BED","Walls / Ceiling","Ceiling Installed"
"64231d07-b81e-5a59-9f2e-201d27bf02de","","checkpoint-status","not-started","","","TRUE","TRUE","Site QA","Area Ready","WING C","C.33 BED","Walls / Ceiling","Gyprock"
"cb14c34d-8d3c-55ce-8492-18351a41806a","","checkpoint-status","not-started","","","TRUE","TRUE","Site QA","Area Ready","WING C","C.33 BED","Walls / Ceiling","Plastered"
"3a8fa2b3-50f0-538d-ac40-daebbe17a9ad","","checkpoint-status","not-started","","","TRUE","TRUE","Site QA","Area Ready","WING C","C.33 BED","Walls / Ceiling","Plaster Sanded"
"4771aed3-e8d6-5a95-8c80-79b68c8f81e2","","checkpoint-status","not-started","","","TRUE","TRUE","Site QA","Area Ready","WING C","C.33 BED","Walls / Ceiling","Painted"
"68f73141-a977-47a8-8f3e-cae92e64036e","","checklist-sectioned","not-started","Area Ready Checklist","checklist","FALSE","FALSE","Site QA","Area Ready","WING C","C.33A ENSUITE"
"77a6e3c2-ebfb-562e-91b5-eaf28f800f07","","checkpoint-group","not-started","","","FALSE","FALSE","Site QA","Area Ready","WING C","C.33A ENSUITE","Substrate"
"9e889872-4851-5cf1-a131-99a9a97dd57b","","checkpoint-status","not-started","","","TRUE","TRUE","Site QA","Area Ready","WING C","C.33A ENSUITE","Substrate","Substrate Acceptable"
"a991b4c0-855e-5f12-b5a7-cbefc6e13bb5","","checkpoint-status","not-started","","","TRUE","TRUE","Site QA","Area Ready","WING C","C.33A ENSUITE","Substrate","Wet Area Screed Installed"
"e0737a99-de87-5360-bd1c-803ddef86508","","checkpoint-group","not-started","","","FALSE","FALSE","Site QA","Area Ready","WING C","C.33A ENSUITE","Walls / Ceiling"
"1ce3feef-abea-5906-8d66-b55ae927651e","","checkpoint-status","not-started","","","TRUE","TRUE","Site QA","Area Ready","WING C","C.33A ENSUITE","Walls / Ceiling","Ceiling Installed"
"e04318d5-9186-503c-8c2a-fd1d2d612cf3","","checkpoint-status","not-started","","","TRUE","TRUE","Site QA","Area Ready","WING C","C.33A ENSUITE","Walls / Ceiling","Gyprock"
"d156a491-eed9-5b51-9e77-50b980320507","","checkpoint-status","not-started","","","TRUE","TRUE","Site QA","Area Ready","WING C","C.33A ENSUITE","Walls / Ceiling","Plastered"
"3aaf25ab-7155-57b0-bd7a-7d19249cc6e1","","checkpoint-status","not-started","","","TRUE","TRUE","Site QA","Area Ready","WING C","C.33A ENSUITE","Walls / Ceiling","Plaster Sanded"
"ebb3f117-e274-5817-8cf8-29f256a9e505","","checkpoint-status","not-started","","","TRUE","TRUE","Site QA","Area Ready","WING C","C.33A ENSUITE","Walls / Ceiling","Painted"
"294f5e23-4058-4b47-94ed-d9ddbc5e62d0","","checklist-sectioned","not-started","Area Ready Checklist","checklist","FALSE","FALSE","Site QA","Area Ready","WING C","C.34 BED"
"f1009a06-133b-553c-9084-606241d649f5","","checkpoint-group","not-started","","","FALSE","FALSE","Site QA","Area Ready","WING C","C.34 BED","Substrate"
"51a6bbda-919b-5562-aff1-403d981600f2","","checkpoint-status","not-started","","","TRUE","TRUE","Site QA","Area Ready","WING C","C.34 BED","Substrate","Substrate Acceptable"
"966bb23b-e795-5d59-94d2-12a82de3aa8e","","checkpoint-status","not-started","","","TRUE","TRUE","Site QA","Area Ready","WING C","C.34 BED","Substrate","Wet Area Screed Installed"
"5b109c68-b325-5ded-9ade-e474827ea62e","","checkpoint-group","not-started","","","FALSE","FALSE","Site QA","Area Ready","WING C","C.34 BED","Walls / Ceiling"
"ab2126ee-ff15-5e3f-a30a-a789adf78bec","","checkpoint-status","not-started","","","TRUE","TRUE","Site QA","Area Ready","WING C","C.34 BED","Walls / Ceiling","Ceiling Installed"
"dc973e1e-dd75-5875-b5b5-c22b5ebe5f6c","","checkpoint-status","not-started","","","TRUE","TRUE","Site QA","Area Ready","WING C","C.34 BED","Walls / Ceiling","Gyprock"
"5b16a985-a716-5d2b-b1d6-6c6ef1d04e84","","checkpoint-status","not-started","","","TRUE","TRUE","Site QA","Area Ready","WING C","C.34 BED","Walls / Ceiling","Plastered"
"0a4a821e-2555-5ffe-8715-cf32fc59e330","","checkpoint-status","not-started","","","TRUE","TRUE","Site QA","Area Ready","WING C","C.34 BED","Walls / Ceiling","Plaster Sanded"
"d4cfd4a8-9eef-53ff-bde9-78df28e66a87","","checkpoint-status","not-started","","","TRUE","TRUE","Site QA","Area Ready","WING C","C.34 BED","Walls / Ceiling","Painted"
"52c38762-5a30-448b-b038-b71155f9b841","","checklist-sectioned","not-started","Area Ready Checklist","checklist","FALSE","FALSE","Site QA","Area Ready","WING C","C.34A ENSUITE"
"55529b6e-9d64-5b8d-a96e-ec65fb241087","","checkpoint-group","not-started","","","FALSE","FALSE","Site QA","Area Ready","WING C","C.34A ENSUITE","Substrate"
"bde961af-adff-5a4e-9ec1-50ce0a225e54","","checkpoint-status","not-started","","","TRUE","TRUE","Site QA","Area Ready","WING C","C.34A ENSUITE","Substrate","Substrate Acceptable"
"2742e3a3-496f-546a-be44-601e6ad15a13","","checkpoint-status","not-started","","","TRUE","TRUE","Site QA","Area Ready","WING C","C.34A ENSUITE","Substrate","Wet Area Screed Installed"
"e05e8592-8cf5-5652-8afd-9e2ee5f4c3e6","","checkpoint-group","not-started","","","FALSE","FALSE","Site QA","Area Ready","WING C","C.34A ENSUITE","Walls / Ceiling"
"f9e1298e-7456-584a-bbf2-5b9dd016d2a5","","checkpoint-status","not-started","","","TRUE","TRUE","Site QA","Area Ready","WING C","C.34A ENSUITE","Walls / Ceiling","Ceiling Installed"
"bf3fa32b-bc4a-5c1c-a334-a631532575a6","","checkpoint-status","not-started","","","TRUE","TRUE","Site QA","Area Ready","WING C","C.34A ENSUITE","Walls / Ceiling","Gyprock"
"c3328a17-46e1-58da-bf50-2df22f8ec0e9","","checkpoint-status","not-started","","","TRUE","TRUE","Site QA","Area Ready","WING C","C.34A ENSUITE","Walls / Ceiling","Plastered"
"0c375490-e934-56e1-b807-4b92e433fe8a","","checkpoint-status","not-started","","","TRUE","TRUE","Site QA","Area Ready","WING C","C.34A ENSUITE","Walls / Ceiling","Plaster Sanded"
"8fa5ab9d-02dd-5d4c-b0a4-f647fa3520ab","","checkpoint-status","not-started","","","TRUE","TRUE","Site QA","Area Ready","WING C","C.34A ENSUITE","Walls / Ceiling","Painted"
"83f4c8ca-e00d-4876-9348-3edb96e2cdaa","","checklist-sectioned","not-started","Area Ready Checklist","checklist","FALSE","FALSE","Site QA","Area Ready","WING C","C.35 BED"
"20bc202a-f9b3-5e7a-a7aa-e37ed80eaf82","","checkpoint-group","not-started","","","FALSE","FALSE","Site QA","Area Ready","WING C","C.35 BED","Substrate"
"70667504-9780-58a2-8d87-7f9bc8a483eb","","checkpoint-status","not-started","","","TRUE","TRUE","Site QA","Area Ready","WING C","C.35 BED","Substrate","Substrate Acceptable"
"b86a3100-2c5f-5590-9f6a-3e4b19b64389","","checkpoint-status","not-started","","","TRUE","TRUE","Site QA","Area Ready","WING C","C.35 BED","Substrate","Wet Area Screed Installed"
"e73c7147-2679-5fdd-a22d-b1b18e00879b","","checkpoint-group","not-started","","","FALSE","FALSE","Site QA","Area Ready","WING C","C.35 BED","Walls / Ceiling"
"18a4f7c7-3b1b-5e79-9521-5e93210b4e4f","","checkpoint-status","not-started","","","TRUE","TRUE","Site QA","Area Ready","WING C","C.35 BED","Walls / Ceiling","Ceiling Installed"
"60585ffd-4c79-5128-b883-7eedfece3e52","","checkpoint-status","not-started","","","TRUE","TRUE","Site QA","Area Ready","WING C","C.35 BED","Walls / Ceiling","Gyprock"
"72466502-cfe4-5f91-8e2a-e322612bed3c","","checkpoint-status","not-started","","","TRUE","TRUE","Site QA","Area Ready","WING C","C.35 BED","Walls / Ceiling","Plastered"
"9bb4c644-a71d-5a1f-b255-49dffaa9bbc3","","checkpoint-status","not-started","","","TRUE","TRUE","Site QA","Area Ready","WING C","C.35 BED","Walls / Ceiling","Plaster Sanded"
"35a69b5c-cbc0-5c74-95d7-75df73aa5ed3","","checkpoint-status","not-started","","","TRUE","TRUE","Site QA","Area Ready","WING C","C.35 BED","Walls / Ceiling","Painted"
"2dfed891-0ef2-4422-94dc-0c9edc647e17","","checklist-sectioned","not-started","Area Ready Checklist","checklist","FALSE","FALSE","Site QA","Area Ready","WING C","C.35A ENSUITE"
"014b43cc-1176-54f7-9300-bbb96a1e9a2f","","checkpoint-group","not-started","","","FALSE","FALSE","Site QA","Area Ready","WING C","C.35A ENSUITE","Substrate"
"3acd8f52-0b64-532a-89d3-f47568ab4ec7","","checkpoint-status","not-started","","","TRUE","TRUE","Site QA","Area Ready","WING C","C.35A ENSUITE","Substrate","Substrate Acceptable"
"481a68f2-43dc-54b4-8542-18894b1dfa05","","checkpoint-status","not-started","","","TRUE","TRUE","Site QA","Area Ready","WING C","C.35A ENSUITE","Substrate","Wet Area Screed Installed"
"0182649b-082c-5ab8-95a3-9865db12265b","","checkpoint-group","not-started","","","FALSE","FALSE","Site QA","Area Ready","WING C","C.35A ENSUITE","Walls / Ceiling"
"108cc7c9-7a15-552e-a689-9e9ca8097c1a","","checkpoint-status","not-started","","","TRUE","TRUE","Site QA","Area Ready","WING C","C.35A ENSUITE","Walls / Ceiling","Ceiling Installed"
"bd127121-9c6d-50d1-875b-098f0578f827","","checkpoint-status","not-started","","","TRUE","TRUE","Site QA","Area Ready","WING C","C.35A ENSUITE","Walls / Ceiling","Gyprock"
"dc721894-3dda-5b7a-9b42-1d30b8c40e1d","","checkpoint-status","not-started","","","TRUE","TRUE","Site QA","Area Ready","WING C","C.35A ENSUITE","Walls / Ceiling","Plastered"
"884c8d9f-5e02-5dfb-9554-8ef939d5618b","","checkpoint-status","not-started","","","TRUE","TRUE","Site QA","Area Ready","WING C","C.35A ENSUITE","Walls / Ceiling","Plaster Sanded"
"9b8b24bd-26b1-5962-84aa-0cd1f593f34d","","checkpoint-status","not-started","","","TRUE","TRUE","Site QA","Area Ready","WING C","C.35A ENSUITE","Walls / Ceiling","Painted"
"9a89394a-2042-40d0-9ac8-9a236112c2b4","","checklist-sectioned","not-started","Area Ready Checklist","checklist","FALSE","FALSE","Site QA","Area Ready","WING C","C.38 PAN ROOM"
"8fceb713-7071-53fb-b6d2-1a6a27d0d181","","checkpoint-group","not-started","","","FALSE","FALSE","Site QA","Area Ready","WING C","C.38 PAN ROOM","Substrate"
"ed2faba2-b8ab-5225-8419-8c90b3056697","","checkpoint-status","not-started","","","TRUE","TRUE","Site QA","Area Ready","WING C","C.38 PAN ROOM","Substrate","Substrate Acceptable"
"c28559c6-7e3a-5f2b-b4b0-594760894905","","checkpoint-status","not-started","","","TRUE","TRUE","Site QA","Area Ready","WING C","C.38 PAN ROOM","Substrate","Wet Area Screed Installed"
"587faa45-633d-5842-a138-9fe107f7ec28","","checkpoint-group","not-started","","","FALSE","FALSE","Site QA","Area Ready","WING C","C.38 PAN ROOM","Walls / Ceiling"
"54115e46-55a7-5986-aaf2-14ef3046d372","","checkpoint-status","not-started","","","TRUE","TRUE","Site QA","Area Ready","WING C","C.38 PAN ROOM","Walls / Ceiling","Ceiling Installed"
"c5c84627-daee-55fd-b627-11fb8116fe6a","","checkpoint-status","not-started","","","TRUE","TRUE","Site QA","Area Ready","WING C","C.38 PAN ROOM","Walls / Ceiling","Gyprock"
"5599f917-82c4-5a4f-a932-8161aecc8521","","checkpoint-status","not-started","","","TRUE","TRUE","Site QA","Area Ready","WING C","C.38 PAN ROOM","Walls / Ceiling","Plastered"
"79097e7e-9c2a-502c-a5e9-f6900de01b0c","","checkpoint-status","not-started","","","TRUE","TRUE","Site QA","Area Ready","WING C","C.38 PAN ROOM","Walls / Ceiling","Plaster Sanded"
"c11cfa27-83ff-59ce-98d8-a823fb9eb0bf","","checkpoint-status","not-started","","","TRUE","TRUE","Site QA","Area Ready","WING C","C.38 PAN ROOM","Walls / Ceiling","Painted"
"4a0ac52d-535f-4410-a2eb-e046d6de2a0a","","checklist-sectioned","not-started","Area Ready Checklist","checklist","FALSE","FALSE","Site QA","Area Ready","WING C","C.40 STORE"
"67e01593-7e79-5010-a4e9-5ad41ff7c9c9","","checkpoint-group","not-started","","","FALSE","FALSE","Site QA","Area Ready","WING C","C.40 STORE","Substrate"
"9e1cc5d3-7d0d-59d5-b7b6-1bbf9aff103b","","checkpoint-status","not-started","","","TRUE","TRUE","Site QA","Area Ready","WING C","C.40 STORE","Substrate","Substrate Acceptable"
"09b1176c-a300-59ca-b552-2f1648198fd9","","checkpoint-status","not-started","","","TRUE","TRUE","Site QA","Area Ready","WING C","C.40 STORE","Substrate","Wet Area Screed Installed"
"51011984-7a75-544e-ac70-f399f31b60b6","","checkpoint-group","not-started","","","FALSE","FALSE","Site QA","Area Ready","WING C","C.40 STORE","Walls / Ceiling"
"ae23d8bb-d802-5ad3-90dc-4ee055c21c64","","checkpoint-status","not-started","","","TRUE","TRUE","Site QA","Area Ready","WING C","C.40 STORE","Walls / Ceiling","Ceiling Installed"
"303372b5-c37c-51a1-b25b-f13c3de2d10a","","checkpoint-status","not-started","","","TRUE","TRUE","Site QA","Area Ready","WING C","C.40 STORE","Walls / Ceiling","Gyprock"
"f6a32308-1066-5eb1-871e-d4bc1e9ac13a","","checkpoint-status","not-started","","","TRUE","TRUE","Site QA","Area Ready","WING C","C.40 STORE","Walls / Ceiling","Plastered"
"ce520ff4-6191-5b1c-a6cf-cdb40ba8abe3","","checkpoint-status","not-started","","","TRUE","TRUE","Site QA","Area Ready","WING C","C.40 STORE","Walls / Ceiling","Plaster Sanded"
"9ac9dd2d-a116-5f00-9dd8-6940fe7c4a0c","","checkpoint-status","not-started","","","TRUE","TRUE","Site QA","Area Ready","WING C","C.40 STORE","Walls / Ceiling","Painted"
"3e42ab7a-9f57-456a-a8dc-30b7e55206c1","","checklist-sectioned","not-started","Area Ready Checklist","checklist","FALSE","FALSE","Site QA","Area Ready","WING C","C.41 OFFICE"
"88e3f67f-1c01-551a-a6bf-c2b24d418de9","","checkpoint-group","not-started","","","FALSE","FALSE","Site QA","Area Ready","WING C","C.41 OFFICE","Substrate"
"506e95aa-aaf8-53a5-af6a-fb0f75fd9277","","checkpoint-status","not-started","","","TRUE","TRUE","Site QA","Area Ready","WING C","C.41 OFFICE","Substrate","Substrate Acceptable"
"7edf6539-090e-53ec-87a2-6bc32c05c3f9","","checkpoint-status","not-started","","","TRUE","TRUE","Site QA","Area Ready","WING C","C.41 OFFICE","Substrate","Wet Area Screed Installed"
"7d469a66-7400-5e91-a714-56b11c03f0bd","","checkpoint-group","not-started","","","FALSE","FALSE","Site QA","Area Ready","WING C","C.41 OFFICE","Walls / Ceiling"
"cd098ee2-8ae5-5f66-8fea-f93f65426034","","checkpoint-status","not-started","","","TRUE","TRUE","Site QA","Area Ready","WING C","C.41 OFFICE","Walls / Ceiling","Ceiling Installed"
"82f2d38d-eb74-5854-9147-6b4764d722e3","","checkpoint-status","not-started","","","TRUE","TRUE","Site QA","Area Ready","WING C","C.41 OFFICE","Walls / Ceiling","Gyprock"
"b12f39b9-e750-5ea4-98a9-03d5beb96d1d","","checkpoint-status","not-started","","","TRUE","TRUE","Site QA","Area Ready","WING C","C.41 OFFICE","Walls / Ceiling","Plastered"
"f1b4041f-a5ed-58ee-80f8-5d47f770044a","","checkpoint-status","not-started","","","TRUE","TRUE","Site QA","Area Ready","WING C","C.41 OFFICE","Walls / Ceiling","Plaster Sanded"
"8b631f74-ce2f-57b3-89d4-ce606127c0e0","","checkpoint-status","not-started","","","TRUE","TRUE","Site QA","Area Ready","WING C","C.41 OFFICE","Walls / Ceiling","Painted"
"7cfbd3d1-d84a-470c-ace1-3151bfcc63a9","","checklist-sectioned","not-started","Area Ready Checklist","checklist","FALSE","FALSE","Site QA","Area Ready","WING C","C.42 BED"
"534ad3da-e21e-530a-80b2-91577563d148","","checkpoint-group","not-started","","","FALSE","FALSE","Site QA","Area Ready","WING C","C.42 BED","Substrate"
"a2679644-07c7-5867-95f8-7cac86d482df","","checkpoint-status","not-started","","","TRUE","TRUE","Site QA","Area Ready","WING C","C.42 BED","Substrate","Substrate Acceptable"
"fc118b5a-1d8a-52cd-b9ec-fa2648ef66e2","","checkpoint-status","not-started","","","TRUE","TRUE","Site QA","Area Ready","WING C","C.42 BED","Substrate","Wet Area Screed Installed"
"f1405bb9-4308-573b-aa89-88464e9f5453","","checkpoint-group","not-started","","","FALSE","FALSE","Site QA","Area Ready","WING C","C.42 BED","Walls / Ceiling"
"55a896ba-4988-5520-83b3-87bb53d4e887","","checkpoint-status","not-started","","","TRUE","TRUE","Site QA","Area Ready","WING C","C.42 BED","Walls / Ceiling","Ceiling Installed"
"227e0c41-3820-58c0-aeaf-1b1875363b17","","checkpoint-status","not-started","","","TRUE","TRUE","Site QA","Area Ready","WING C","C.42 BED","Walls / Ceiling","Gyprock"
"d5eaf66f-dbe7-5ad8-8d9c-aa01601925c3","","checkpoint-status","not-started","","","TRUE","TRUE","Site QA","Area Ready","WING C","C.42 BED","Walls / Ceiling","Plastered"
"3909e952-0869-5047-a0bd-2be8221350b5","","checkpoint-status","not-started","","","TRUE","TRUE","Site QA","Area Ready","WING C","C.42 BED","Walls / Ceiling","Plaster Sanded"
"0f8da73a-3a1b-58e8-b05b-7f8caebfc79b","","checkpoint-status","not-started","","","TRUE","TRUE","Site QA","Area Ready","WING C","C.42 BED","Walls / Ceiling","Painted"
"fd71e1cd-7723-4faa-bebc-8c131c63a59b","","checklist-sectioned","not-started","Area Ready Checklist","checklist","FALSE","FALSE","Site QA","Area Ready","WING C","C.42A ENSUITE"
"45d9bdaa-8534-534b-a23f-1b683d237835","","checkpoint-group","not-started","","","FALSE","FALSE","Site QA","Area Ready","WING C","C.42A ENSUITE","Substrate"
"65bead55-d1d0-5587-9edf-06619cf0c349","","checkpoint-status","not-started","","","TRUE","TRUE","Site QA","Area Ready","WING C","C.42A ENSUITE","Substrate","Substrate Acceptable"
"ee5a7478-2c6e-5bda-88cd-f454c5cadd0c","","checkpoint-status","not-started","","","TRUE","TRUE","Site QA","Area Ready","WING C","C.42A ENSUITE","Substrate","Wet Area Screed Installed"
"ff4f31b2-549a-5d4a-b0a7-264ddb286ea1","","checkpoint-group","not-started","","","FALSE","FALSE","Site QA","Area Ready","WING C","C.42A ENSUITE","Walls / Ceiling"
"10655c45-c3f0-5840-a7bb-c084ad801866","","checkpoint-status","not-started","","","TRUE","TRUE","Site QA","Area Ready","WING C","C.42A ENSUITE","Walls / Ceiling","Ceiling Installed"
"4b468e7f-cfef-59bb-8f53-8d4c2db23b2c","","checkpoint-status","not-started","","","TRUE","TRUE","Site QA","Area Ready","WING C","C.42A ENSUITE","Walls / Ceiling","Gyprock"
"92045a78-01b9-51fc-80a7-f7de05cde0dd","","checkpoint-status","not-started","","","TRUE","TRUE","Site QA","Area Ready","WING C","C.42A ENSUITE","Walls / Ceiling","Plastered"
"4d63cb98-b3d2-5788-a71c-664dad189758","","checkpoint-status","not-started","","","TRUE","TRUE","Site QA","Area Ready","WING C","C.42A ENSUITE","Walls / Ceiling","Plaster Sanded"
"cac5185c-e144-52d5-bbad-36519fa39d77","","checkpoint-status","not-started","","","TRUE","TRUE","Site QA","Area Ready","WING C","C.42A ENSUITE","Walls / Ceiling","Painted"
"31963166-567a-4ce5-9dd1-ce66d2ceaee8","","checklist-sectioned","not-started","Area Ready Checklist","checklist","FALSE","FALSE","Site QA","Area Ready","WING C","C.43"
"e1ad9bf3-9a6a-5123-a02c-5a374a8533a8","","checkpoint-group","not-started","","","FALSE","FALSE","Site QA","Area Ready","WING C","C.43","Substrate"
"a5708562-9fd1-5787-816f-c5c467cc0590","","checkpoint-status","not-started","","","TRUE","TRUE","Site QA","Area Ready","WING C","C.43","Substrate","Substrate Acceptable"
"7c3fdd0b-2d46-51c8-ad01-71c6e28bfd8e","","checkpoint-status","not-started","","","TRUE","TRUE","Site QA","Area Ready","WING C","C.43","Substrate","Wet Area Screed Installed"
"ca351b67-a37a-51d9-bad5-26ef33a914ca","","checkpoint-group","not-started","","","FALSE","FALSE","Site QA","Area Ready","WING C","C.43","Walls / Ceiling"
"13f1e529-a038-58ac-8b36-8baca61d380f","","checkpoint-status","not-started","","","TRUE","TRUE","Site QA","Area Ready","WING C","C.43","Walls / Ceiling","Ceiling Installed"
"88020082-c278-5a10-b764-e92168d9da58","","checkpoint-status","not-started","","","TRUE","TRUE","Site QA","Area Ready","WING C","C.43","Walls / Ceiling","Gyprock"
"6110da35-e4b7-5e09-9896-6d4d64212335","","checkpoint-status","not-started","","","TRUE","TRUE","Site QA","Area Ready","WING C","C.43","Walls / Ceiling","Plastered"
"db5b0f3e-f435-5ea9-be13-d77b14e0aa73","","checkpoint-status","not-started","","","TRUE","TRUE","Site QA","Area Ready","WING C","C.43","Walls / Ceiling","Plaster Sanded"
"5a8d7761-4427-56a4-9d60-766f2a9fd400","","checkpoint-status","not-started","","","TRUE","TRUE","Site QA","Area Ready","WING C","C.43","Walls / Ceiling","Painted"
"13080964-4089-4e35-836b-4fe6e1923509","","checklist-sectioned","not-started","Area Ready Checklist","checklist","FALSE","FALSE","Site QA","Area Ready","WING C","C.43A ENSUITE"
"4724f733-7a80-5855-9193-17a112aac9f3","","checkpoint-group","not-started","","","FALSE","FALSE","Site QA","Area Ready","WING C","C.43A ENSUITE","Substrate"
"9b6abb97-18d8-5838-91ff-97b360332604","","checkpoint-status","not-started","","","TRUE","TRUE","Site QA","Area Ready","WING C","C.43A ENSUITE","Substrate","Substrate Acceptable"
"c2e12382-04dd-5216-a50e-ede6e957093b","","checkpoint-status","not-started","","","TRUE","TRUE","Site QA","Area Ready","WING C","C.43A ENSUITE","Substrate","Wet Area Screed Installed"
"40cb7107-e287-538d-980f-f380f2a1e0b2","","checkpoint-group","not-started","","","FALSE","FALSE","Site QA","Area Ready","WING C","C.43A ENSUITE","Walls / Ceiling"
"a622f1bd-36d2-5374-8ed8-6fcc89fe4cdb","","checkpoint-status","not-started","","","TRUE","TRUE","Site QA","Area Ready","WING C","C.43A ENSUITE","Walls / Ceiling","Ceiling Installed"
"de26b953-1c2d-53ae-ab8d-018f13d0e19b","","checkpoint-status","not-started","","","TRUE","TRUE","Site QA","Area Ready","WING C","C.43A ENSUITE","Walls / Ceiling","Gyprock"
"5c18bb08-1aed-5315-9bd1-763a209ced62","","checkpoint-status","not-started","","","TRUE","TRUE","Site QA","Area Ready","WING C","C.43A ENSUITE","Walls / Ceiling","Plastered"
"9dc9ad06-eaa7-5409-b41e-cfbed95af4db","","checkpoint-status","not-started","","","TRUE","TRUE","Site QA","Area Ready","WING C","C.43A ENSUITE","Walls / Ceiling","Plaster Sanded"
"1429140b-5c91-5acb-8ff5-f7675f64acdd","","checkpoint-status","not-started","","","TRUE","TRUE","Site QA","Area Ready","WING C","C.43A ENSUITE","Walls / Ceiling","Painted"
"ba5f08cf-b7fa-48c9-bd78-e5555c05c465","","checklist-sectioned","not-started","Area Ready Checklist","checklist","FALSE","FALSE","Site QA","Area Ready","WING C","C.48 BED"
"d6aa842f-a3fb-5fb6-9509-b3cfae94b060","","checkpoint-group","not-started","","","FALSE","FALSE","Site QA","Area Ready","WING C","C.48 BED","Substrate"
"4d7894cf-f175-54b2-902b-0910bb8a26d5","","checkpoint-status","not-started","","","TRUE","TRUE","Site QA","Area Ready","WING C","C.48 BED","Substrate","Substrate Acceptable"
"0df1034e-dcdc-529e-a4d3-de29f36dd655","","checkpoint-status","not-started","","","TRUE","TRUE","Site QA","Area Ready","WING C","C.48 BED","Substrate","Wet Area Screed Installed"
"d4aff73b-8f17-56e8-b0fb-a1a78d30d6e7","","checkpoint-group","not-started","","","FALSE","FALSE","Site QA","Area Ready","WING C","C.48 BED","Walls / Ceiling"
"3544f128-e1ce-5614-b6e6-47b73ceb7306","","checkpoint-status","not-started","","","TRUE","TRUE","Site QA","Area Ready","WING C","C.48 BED","Walls / Ceiling","Ceiling Installed"
"7a91eff3-c8d0-5998-9a6f-498347f653d6","","checkpoint-status","not-started","","","TRUE","TRUE","Site QA","Area Ready","WING C","C.48 BED","Walls / Ceiling","Gyprock"
"03fd2013-7588-5039-a095-246b95c1d4d8","","checkpoint-status","not-started","","","TRUE","TRUE","Site QA","Area Ready","WING C","C.48 BED","Walls / Ceiling","Plastered"
"b34ce587-8cac-5ba4-9d19-69fb0fde15de","","checkpoint-status","not-started","","","TRUE","TRUE","Site QA","Area Ready","WING C","C.48 BED","Walls / Ceiling","Plaster Sanded"
"89ebd758-316e-5376-8e08-b653f13a6ede","","checkpoint-status","not-started","","","TRUE","TRUE","Site QA","Area Ready","WING C","C.48 BED","Walls / Ceiling","Painted"
"936ed811-67f8-4877-8c78-6846b51f7ad5","","checklist-sectioned","not-started","Area Ready Checklist","checklist","FALSE","FALSE","Site QA","Area Ready","WING C","C.48A ACC ENSUITE"
"29e77099-e3ee-58a2-aa36-e77831d0109c","","checkpoint-group","not-started","","","FALSE","FALSE","Site QA","Area Ready","WING C","C.48A ACC ENSUITE","Substrate"
"f0b84f69-8f4a-5edf-86c7-aeb22f2dcc69","","checkpoint-status","not-started","","","TRUE","TRUE","Site QA","Area Ready","WING C","C.48A ACC ENSUITE","Substrate","Substrate Acceptable"
"66336490-7dde-5cdd-bd20-97067092fd07","","checkpoint-status","not-started","","","TRUE","TRUE","Site QA","Area Ready","WING C","C.48A ACC ENSUITE","Substrate","Wet Area Screed Installed"
"64421e0f-a46a-5769-902c-85eba15a5845","","checkpoint-group","not-started","","","FALSE","FALSE","Site QA","Area Ready","WING C","C.48A ACC ENSUITE","Walls / Ceiling"
"8d271223-5027-5307-a34e-350d614f8ccb","","checkpoint-status","not-started","","","TRUE","TRUE","Site QA","Area Ready","WING C","C.48A ACC ENSUITE","Walls / Ceiling","Ceiling Installed"
"218cfae9-2eea-5f54-98f3-0c7a9d590911","","checkpoint-status","not-started","","","TRUE","TRUE","Site QA","Area Ready","WING C","C.48A ACC ENSUITE","Walls / Ceiling","Gyprock"
"fb2cefb1-58c7-5877-a228-866c0cd83a8c","","checkpoint-status","not-started","","","TRUE","TRUE","Site QA","Area Ready","WING C","C.48A ACC ENSUITE","Walls / Ceiling","Plastered"
"9506b590-149b-59ae-ac5c-2b13cda95a43","","checkpoint-status","not-started","","","TRUE","TRUE","Site QA","Area Ready","WING C","C.48A ACC ENSUITE","Walls / Ceiling","Plaster Sanded"
"a7156ae3-d01c-5f78-9c8c-ee2929f986a2","","checkpoint-status","not-started","","","TRUE","TRUE","Site QA","Area Ready","WING C","C.48A ACC ENSUITE","Walls / Ceiling","Painted"
"91f978e0-e2c5-4e09-95c9-e4f5ba8ed25c","","checklist-sectioned","not-started","Area Ready Checklist","checklist","FALSE","FALSE","Site QA","Area Ready","WING C","C.49 BED"
"f6f0c7f4-a1ca-5f53-af67-1d954cd3012f","","checkpoint-group","not-started","","","FALSE","FALSE","Site QA","Area Ready","WING C","C.49 BED","Substrate"
"df548dfa-af65-5428-88a4-a7eed35b079d","","checkpoint-status","not-started","","","TRUE","TRUE","Site QA","Area Ready","WING C","C.49 BED","Substrate","Substrate Acceptable"
"314f8d2f-280d-50ee-8a5a-22c013cd6025","","checkpoint-status","not-started","","","TRUE","TRUE","Site QA","Area Ready","WING C","C.49 BED","Substrate","Wet Area Screed Installed"
"43839a94-1ff1-5525-93e9-21840db75120","","checkpoint-group","not-started","","","FALSE","FALSE","Site QA","Area Ready","WING C","C.49 BED","Walls / Ceiling"
"deedab39-6cc5-54aa-a41e-4d6bedca54fd","","checkpoint-status","not-started","","","TRUE","TRUE","Site QA","Area Ready","WING C","C.49 BED","Walls / Ceiling","Ceiling Installed"
"9a35314f-8fc7-534e-8565-f607bfc41f5e","","checkpoint-status","not-started","","","TRUE","TRUE","Site QA","Area Ready","WING C","C.49 BED","Walls / Ceiling","Gyprock"
"80a9096c-10fa-5377-a418-d7fa651a8086","","checkpoint-status","not-started","","","TRUE","TRUE","Site QA","Area Ready","WING C","C.49 BED","Walls / Ceiling","Plastered"
"7e6f0874-9cff-5622-84a8-6ba749db137d","","checkpoint-status","not-started","","","TRUE","TRUE","Site QA","Area Ready","WING C","C.49 BED","Walls / Ceiling","Plaster Sanded"
"c157e6dc-45f6-569d-845f-0dc1e2cbf666","","checkpoint-status","not-started","","","TRUE","TRUE","Site QA","Area Ready","WING C","C.49 BED","Walls / Ceiling","Painted"
"b73cc2c7-c377-4f7f-95fc-5efbb0e77c64","","checklist-sectioned","not-started","Area Ready Checklist","checklist","FALSE","FALSE","Site QA","Area Ready","WING C","C.49A ACC ENSUITE"
"1a598383-96a5-5ee4-baa3-b87a176d8d9f","","checkpoint-group","not-started","","","FALSE","FALSE","Site QA","Area Ready","WING C","C.49A ACC ENSUITE","Substrate"
"9662fa90-6801-5a75-8b9a-b787e6d416a8","","checkpoint-status","not-started","","","TRUE","TRUE","Site QA","Area Ready","WING C","C.49A ACC ENSUITE","Substrate","Substrate Acceptable"
"d8e3c371-7ac7-5dd4-8131-20c255a11817","","checkpoint-status","not-started","","","TRUE","TRUE","Site QA","Area Ready","WING C","C.49A ACC ENSUITE","Substrate","Wet Area Screed Installed"
"e05fe401-ae82-51c5-a37e-64d662b9300a","","checkpoint-group","not-started","","","FALSE","FALSE","Site QA","Area Ready","WING C","C.49A ACC ENSUITE","Walls / Ceiling"
"175e9a7b-6f7a-593f-8dd4-987ecf7cb62f","","checkpoint-status","not-started","","","TRUE","TRUE","Site QA","Area Ready","WING C","C.49A ACC ENSUITE","Walls / Ceiling","Ceiling Installed"
"feefb24d-2cb5-5b4f-965c-62e73563676c","","checkpoint-status","not-started","","","TRUE","TRUE","Site QA","Area Ready","WING C","C.49A ACC ENSUITE","Walls / Ceiling","Gyprock"
"3e193968-1a3a-5e35-8cde-825ebc872b77","","checkpoint-status","not-started","","","TRUE","TRUE","Site QA","Area Ready","WING C","C.49A ACC ENSUITE","Walls / Ceiling","Plastered"
"1c5d7144-4302-53cf-b0f1-9940cd6cda02","","checkpoint-status","not-started","","","TRUE","TRUE","Site QA","Area Ready","WING C","C.49A ACC ENSUITE","Walls / Ceiling","Plaster Sanded"
"3522d87e-b2d9-5bb4-baa6-ceb998818396","","checkpoint-status","not-started","","","TRUE","TRUE","Site QA","Area Ready","WING C","C.49A ACC ENSUITE","Walls / Ceiling","Painted"
"87a34a0c-834a-4e94-9126-49794fd46219","","checklist-sectioned","not-started","Area Ready Checklist","checklist","FALSE","FALSE","Site QA","Area Ready","WING C","C.50 BED"
"6f3801b3-f341-5087-88c6-02b381eda9e1","","checkpoint-group","not-started","","","FALSE","FALSE","Site QA","Area Ready","WING C","C.50 BED","Substrate"
"1b8fed8e-74b1-5267-9dae-d7959c9da147","","checkpoint-status","not-started","","","TRUE","TRUE","Site QA","Area Ready","WING C","C.50 BED","Substrate","Substrate Acceptable"
"8482b58f-512a-5723-a509-724f44d60560","","checkpoint-status","not-started","","","TRUE","TRUE","Site QA","Area Ready","WING C","C.50 BED","Substrate","Wet Area Screed Installed"
"fe9719d0-a7a7-5c14-86fa-ca257391ad2f","","checkpoint-group","not-started","","","FALSE","FALSE","Site QA","Area Ready","WING C","C.50 BED","Walls / Ceiling"
"9c83230e-6528-5d95-b3f8-8bcafb50f5a0","","checkpoint-status","not-started","","","TRUE","TRUE","Site QA","Area Ready","WING C","C.50 BED","Walls / Ceiling","Ceiling Installed"
"ed7c8579-99e3-57c9-a921-a07117a6e28d","","checkpoint-status","not-started","","","TRUE","TRUE","Site QA","Area Ready","WING C","C.50 BED","Walls / Ceiling","Gyprock"
"af110977-4ed1-5d33-9eef-ee5f062970ed","","checkpoint-status","not-started","","","TRUE","TRUE","Site QA","Area Ready","WING C","C.50 BED","Walls / Ceiling","Plastered"
"ff35ce15-f24e-5e88-8502-7e1d2a4cb155","","checkpoint-status","not-started","","","TRUE","TRUE","Site QA","Area Ready","WING C","C.50 BED","Walls / Ceiling","Plaster Sanded"
"fa965d40-1ef4-5ddc-b604-47f36c4d3479","","checkpoint-status","not-started","","","TRUE","TRUE","Site QA","Area Ready","WING C","C.50 BED","Walls / Ceiling","Painted"
"32e51766-b6fe-44bc-88fe-cf0d2f1cfef5","","checklist-sectioned","not-started","Area Ready Checklist","checklist","FALSE","FALSE","Site QA","Area Ready","WING C","C.50A ENSUITE"
"b9d65cab-1332-59fc-b427-89289eb8fe27","","checkpoint-group","not-started","","","FALSE","FALSE","Site QA","Area Ready","WING C","C.50A ENSUITE","Substrate"
"d5c6c7f4-db11-54b3-958f-e96f68f6dbdf","","checkpoint-status","not-started","","","TRUE","TRUE","Site QA","Area Ready","WING C","C.50A ENSUITE","Substrate","Substrate Acceptable"
"9f37fbb3-cfe8-525a-8d8a-b85da1bd0938","","checkpoint-status","not-started","","","TRUE","TRUE","Site QA","Area Ready","WING C","C.50A ENSUITE","Substrate","Wet Area Screed Installed"
"dc133f2c-269e-5354-a941-2e8d81d5437d","","checkpoint-group","not-started","","","FALSE","FALSE","Site QA","Area Ready","WING C","C.50A ENSUITE","Walls / Ceiling"
"3e9694d0-4d0f-59a6-90ef-0b62492f7b1d","","checkpoint-status","not-started","","","TRUE","TRUE","Site QA","Area Ready","WING C","C.50A ENSUITE","Walls / Ceiling","Ceiling Installed"
"4b8f3a58-fb5e-5c25-8a6a-3ab307ce5c72","","checkpoint-status","not-started","","","TRUE","TRUE","Site QA","Area Ready","WING C","C.50A ENSUITE","Walls / Ceiling","Gyprock"
"2c11466a-9ebe-5c34-81a3-19a5e2860883","","checkpoint-status","not-started","","","TRUE","TRUE","Site QA","Area Ready","WING C","C.50A ENSUITE","Walls / Ceiling","Plastered"
"e56556ad-2ee7-5538-9a7d-806166e549b4","","checkpoint-status","not-started","","","TRUE","TRUE","Site QA","Area Ready","WING C","C.50A ENSUITE","Walls / Ceiling","Plaster Sanded"
"349a1c06-7357-5b8c-9ffe-4c5fa0148bb0","","checkpoint-status","not-started","","","TRUE","TRUE","Site QA","Area Ready","WING C","C.50A ENSUITE","Walls / Ceiling","Painted"
"e0ebdda8-6611-4922-bb58-ec336711d7bb","","checklist-sectioned","not-started","Area Ready Checklist","checklist","FALSE","FALSE","Site QA","Area Ready","WING C","C.51 BED"
"eb91ed8f-f864-54d1-8677-c3292c2d6ac1","","checkpoint-group","not-started","","","FALSE","FALSE","Site QA","Area Ready","WING C","C.51 BED","Substrate"
"9c02a2c9-a6e6-56de-a5e1-e107e4cb8cc1","","checkpoint-status","not-started","","","TRUE","TRUE","Site QA","Area Ready","WING C","C.51 BED","Substrate","Substrate Acceptable"
"3b267a46-8400-5fc7-8794-1ff9a9714744","","checkpoint-status","not-started","","","TRUE","TRUE","Site QA","Area Ready","WING C","C.51 BED","Substrate","Wet Area Screed Installed"
"38529e4c-2aad-5639-9e09-7371bb4b7abe","","checkpoint-group","not-started","","","FALSE","FALSE","Site QA","Area Ready","WING C","C.51 BED","Walls / Ceiling"
"c2b82460-409f-5b4a-8ac6-f150f8232a4c","","checkpoint-status","not-started","","","TRUE","TRUE","Site QA","Area Ready","WING C","C.51 BED","Walls / Ceiling","Ceiling Installed"
"7238262b-5078-53b3-9312-708ad7b2c792","","checkpoint-status","not-started","","","TRUE","TRUE","Site QA","Area Ready","WING C","C.51 BED","Walls / Ceiling","Gyprock"
"e54675d1-a1c7-5ad5-8dc4-11728bb82a00","","checkpoint-status","not-started","","","TRUE","TRUE","Site QA","Area Ready","WING C","C.51 BED","Walls / Ceiling","Plastered"
"af2de774-3390-5960-bff3-4df62c9b4873","","checkpoint-status","not-started","","","TRUE","TRUE","Site QA","Area Ready","WING C","C.51 BED","Walls / Ceiling","Plaster Sanded"
"76212665-5372-5ecf-8b8f-912fb9d632b2","","checkpoint-status","not-started","","","TRUE","TRUE","Site QA","Area Ready","WING C","C.51 BED","Walls / Ceiling","Painted"
"90b90e51-d621-4d2e-8dc2-0eed2efc8b57","","checklist-sectioned","not-started","Area Ready Checklist","checklist","FALSE","FALSE","Site QA","Area Ready","WING C","C.51A ENSUITE"
"1b5316fd-f4a4-527a-b436-355b04994ef3","","checkpoint-group","not-started","","","FALSE","FALSE","Site QA","Area Ready","WING C","C.51A ENSUITE","Substrate"
"8a741bad-2c2f-567d-902b-8d9b00539821","","checkpoint-status","not-started","","","TRUE","TRUE","Site QA","Area Ready","WING C","C.51A ENSUITE","Substrate","Substrate Acceptable"
"74b600a5-0ad3-5c5b-8e7a-730ecaf958c6","","checkpoint-status","not-started","","","TRUE","TRUE","Site QA","Area Ready","WING C","C.51A ENSUITE","Substrate","Wet Area Screed Installed"
"1b4114ea-d2a5-5283-b244-59c4738d3bb4","","checkpoint-group","not-started","","","FALSE","FALSE","Site QA","Area Ready","WING C","C.51A ENSUITE","Walls / Ceiling"
"bb07fc06-43c5-51f6-a633-110a5162af82","","checkpoint-status","not-started","","","TRUE","TRUE","Site QA","Area Ready","WING C","C.51A ENSUITE","Walls / Ceiling","Ceiling Installed"
"d4f82ae0-b263-5728-9235-ca17f3976c5d","","checkpoint-status","not-started","","","TRUE","TRUE","Site QA","Area Ready","WING C","C.51A ENSUITE","Walls / Ceiling","Gyprock"
"7b0163d7-ffc2-5556-bc91-6bf33591e61d","","checkpoint-status","not-started","","","TRUE","TRUE","Site QA","Area Ready","WING C","C.51A ENSUITE","Walls / Ceiling","Plastered"
"a19598d6-9951-5b4f-bc15-da95e4f9fe9d","","checkpoint-status","not-started","","","TRUE","TRUE","Site QA","Area Ready","WING C","C.51A ENSUITE","Walls / Ceiling","Plaster Sanded"
"74cb4c35-bbc6-556d-b5f4-41c1cb3b296b","","checkpoint-status","not-started","","","TRUE","TRUE","Site QA","Area Ready","WING C","C.51A ENSUITE","Walls / Ceiling","Painted"
"31097448-b0d1-4410-a31e-7cd9d659d854","","checklist-sectioned","not-started","Area Ready Checklist","checklist","FALSE","FALSE","Site QA","Area Ready","WING C","C.52 BED"
"03ce2cbb-6896-58ac-a150-64154c1d299d","","checkpoint-group","not-started","","","FALSE","FALSE","Site QA","Area Ready","WING C","C.52 BED","Substrate"
"d053df1c-fb69-5b10-98a1-aa726f592bd1","","checkpoint-status","not-started","","","TRUE","TRUE","Site QA","Area Ready","WING C","C.52 BED","Substrate","Substrate Acceptable"
"6e607472-1dc7-5bbe-9db0-da143cc43291","","checkpoint-status","not-started","","","TRUE","TRUE","Site QA","Area Ready","WING C","C.52 BED","Substrate","Wet Area Screed Installed"
"c4e99f7c-7a13-51dd-a4a8-9d7a47b86842","","checkpoint-group","not-started","","","FALSE","FALSE","Site QA","Area Ready","WING C","C.52 BED","Walls / Ceiling"
"97dab905-f587-5897-a2ef-ecd0523e7fa4","","checkpoint-status","not-started","","","TRUE","TRUE","Site QA","Area Ready","WING C","C.52 BED","Walls / Ceiling","Ceiling Installed"
"cd1b1fae-e4df-5c45-9520-3ac0bcaa53f8","","checkpoint-status","not-started","","","TRUE","TRUE","Site QA","Area Ready","WING C","C.52 BED","Walls / Ceiling","Gyprock"
"d1b68873-43f0-5baf-a104-aacb6c652d38","","checkpoint-status","not-started","","","TRUE","TRUE","Site QA","Area Ready","WING C","C.52 BED","Walls / Ceiling","Plastered"
"0dbb7f33-9e24-5622-bb3c-850e3747e9f3","","checkpoint-status","not-started","","","TRUE","TRUE","Site QA","Area Ready","WING C","C.52 BED","Walls / Ceiling","Plaster Sanded"
"515f0598-c577-5ddb-a4c2-100460cd74dd","","checkpoint-status","not-started","","","TRUE","TRUE","Site QA","Area Ready","WING C","C.52 BED","Walls / Ceiling","Painted"
"6ef47203-5329-45c6-8dee-816335c6e1c3","","checklist-sectioned","not-started","Area Ready Checklist","checklist","FALSE","FALSE","Site QA","Area Ready","WING C","C.52A ENSUITE"
"bc09f075-364d-5f3c-aaa7-cf8c56ea01d9","","checkpoint-group","not-started","","","FALSE","FALSE","Site QA","Area Ready","WING C","C.52A ENSUITE","Substrate"
"96981bba-f923-525f-b404-b43d637738b2","","checkpoint-status","not-started","","","TRUE","TRUE","Site QA","Area Ready","WING C","C.52A ENSUITE","Substrate","Substrate Acceptable"
"5a6202ec-8b05-5590-b1b1-97b51107167c","","checkpoint-status","not-started","","","TRUE","TRUE","Site QA","Area Ready","WING C","C.52A ENSUITE","Substrate","Wet Area Screed Installed"
"21a59196-bca9-5558-a641-a7b97442cfe1","","checkpoint-group","not-started","","","FALSE","FALSE","Site QA","Area Ready","WING C","C.52A ENSUITE","Walls / Ceiling"
"f57e47b2-7232-58b9-9ae2-97dc7c6a5f08","","checkpoint-status","not-started","","","TRUE","TRUE","Site QA","Area Ready","WING C","C.52A ENSUITE","Walls / Ceiling","Ceiling Installed"
"7e237e79-c83f-58ef-a4b5-9a053c90ef9d","","checkpoint-status","not-started","","","TRUE","TRUE","Site QA","Area Ready","WING C","C.52A ENSUITE","Walls / Ceiling","Gyprock"
"405f2051-945b-582e-8421-2e0115bfa5bf","","checkpoint-status","not-started","","","TRUE","TRUE","Site QA","Area Ready","WING C","C.52A ENSUITE","Walls / Ceiling","Plastered"
"f3b2f41f-142b-5e16-a8e0-1f4433abf843","","checkpoint-status","not-started","","","TRUE","TRUE","Site QA","Area Ready","WING C","C.52A ENSUITE","Walls / Ceiling","Plaster Sanded"
"48cf0ac3-c399-5127-acfe-83a94ed9e3aa","","checkpoint-status","not-started","","","TRUE","TRUE","Site QA","Area Ready","WING C","C.52A ENSUITE","Walls / Ceiling","Painted"
"026e7a91-0122-4369-b5da-d6bebf7a8954","","checklist-sectioned","not-started","Area Ready Checklist","checklist","FALSE","FALSE","Site QA","Area Ready","WING C","C.53 BED"
"574760d6-8110-50c6-b617-f93431a42881","","checkpoint-group","not-started","","","FALSE","FALSE","Site QA","Area Ready","WING C","C.53 BED","Substrate"
"05df7f63-f8bf-5e6a-a9b5-c1d7f31d880e","","checkpoint-status","not-started","","","TRUE","TRUE","Site QA","Area Ready","WING C","C.53 BED","Substrate","Substrate Acceptable"
"ed6cb7b6-c4b4-515d-abed-c6207999ca61","","checkpoint-status","not-started","","","TRUE","TRUE","Site QA","Area Ready","WING C","C.53 BED","Substrate","Wet Area Screed Installed"
"b39331b3-1459-568d-949a-2f5b0ee41543","","checkpoint-group","not-started","","","FALSE","FALSE","Site QA","Area Ready","WING C","C.53 BED","Walls / Ceiling"
"03dbea7c-4925-5acc-9dcd-70814aa5c7c9","","checkpoint-status","not-started","","","TRUE","TRUE","Site QA","Area Ready","WING C","C.53 BED","Walls / Ceiling","Ceiling Installed"
"dd6e38c8-9d0d-5d5a-9eea-f98ae3d1a330","","checkpoint-status","not-started","","","TRUE","TRUE","Site QA","Area Ready","WING C","C.53 BED","Walls / Ceiling","Gyprock"
"52914f99-3e0e-5847-8805-f5e1fbfe54d3","","checkpoint-status","not-started","","","TRUE","TRUE","Site QA","Area Ready","WING C","C.53 BED","Walls / Ceiling","Plastered"
"713ede50-c359-5f36-be74-7c243e4ca8e3","","checkpoint-status","not-started","","","TRUE","TRUE","Site QA","Area Ready","WING C","C.53 BED","Walls / Ceiling","Plaster Sanded"
"6ae93677-2273-508d-bfd6-85e6c419ba99","","checkpoint-status","not-started","","","TRUE","TRUE","Site QA","Area Ready","WING C","C.53 BED","Walls / Ceiling","Painted"
"c45747f8-065d-48ab-87f7-2beefa5330bd","","checklist-sectioned","not-started","Area Ready Checklist","checklist","FALSE","FALSE","Site QA","Area Ready","WING C","C.53A ENSUITE"
"26a58a81-5e59-5dce-8695-dafdd7ede3b9","","checkpoint-group","not-started","","","FALSE","FALSE","Site QA","Area Ready","WING C","C.53A ENSUITE","Substrate"
"42c4c462-375d-5f4a-bc4e-61e11b5b36b9","","checkpoint-status","not-started","","","TRUE","TRUE","Site QA","Area Ready","WING C","C.53A ENSUITE","Substrate","Substrate Acceptable"
"e5bd66ab-62e2-5b56-a0a4-9e4e5f159c79","","checkpoint-status","not-started","","","TRUE","TRUE","Site QA","Area Ready","WING C","C.53A ENSUITE","Substrate","Wet Area Screed Installed"
"1154835d-8ac3-52e0-a377-84003cd5e6c0","","checkpoint-group","not-started","","","FALSE","FALSE","Site QA","Area Ready","WING C","C.53A ENSUITE","Walls / Ceiling"
"97803099-29e3-59a6-9d25-873f2b3e9647","","checkpoint-status","not-started","","","TRUE","TRUE","Site QA","Area Ready","WING C","C.53A ENSUITE","Walls / Ceiling","Ceiling Installed"
"a09f9a40-fc33-5ea7-ba72-ed8119304039","","checkpoint-status","not-started","","","TRUE","TRUE","Site QA","Area Ready","WING C","C.53A ENSUITE","Walls / Ceiling","Gyprock"
"e43e3b39-2801-5b90-b76e-32a48b97336a","","checkpoint-status","not-started","","","TRUE","TRUE","Site QA","Area Ready","WING C","C.53A ENSUITE","Walls / Ceiling","Plastered"
"f9bde9ce-0f3d-5bb9-b3da-49c480987f2a","","checkpoint-status","not-started","","","TRUE","TRUE","Site QA","Area Ready","WING C","C.53A ENSUITE","Walls / Ceiling","Plaster Sanded"
"1ae89ed8-26cf-527c-bdd7-d0ab711b6b06","","checkpoint-status","not-started","","","TRUE","TRUE","Site QA","Area Ready","WING C","C.53A ENSUITE","Walls / Ceiling","Painted"
"0498aa05-b6c4-4149-a37e-a381223e9fca","","checklist-sectioned","not-started","Area Ready Checklist","checklist","FALSE","FALSE","Site QA","Area Ready","WING C","C.54 BED"
"c6b73b20-6722-5f33-80d3-a6d91c146f67","","checkpoint-group","not-started","","","FALSE","FALSE","Site QA","Area Ready","WING C","C.54 BED","Substrate"
"99d98118-0d98-572a-ae4c-6f28c0c98986","","checkpoint-status","not-started","","","TRUE","TRUE","Site QA","Area Ready","WING C","C.54 BED","Substrate","Substrate Acceptable"
"df41c53e-586f-5e8e-b092-c4fcd09bdd51","","checkpoint-status","not-started","","","TRUE","TRUE","Site QA","Area Ready","WING C","C.54 BED","Substrate","Wet Area Screed Installed"
"7b569e6d-e013-50e8-b775-b4f0863adae2","","checkpoint-group","not-started","","","FALSE","FALSE","Site QA","Area Ready","WING C","C.54 BED","Walls / Ceiling"
"2c169811-e5ec-5e69-88e5-36b872093b51","","checkpoint-status","not-started","","","TRUE","TRUE","Site QA","Area Ready","WING C","C.54 BED","Walls / Ceiling","Ceiling Installed"
"ae92f526-07f4-5922-a3f6-6f46a4991542","","checkpoint-status","not-started","","","TRUE","TRUE","Site QA","Area Ready","WING C","C.54 BED","Walls / Ceiling","Gyprock"
"769f52e1-097c-5ad9-84cf-ba3476978494","","checkpoint-status","not-started","","","TRUE","TRUE","Site QA","Area Ready","WING C","C.54 BED","Walls / Ceiling","Plastered"
"30164de4-6837-57f0-a1b7-76ce0be23cb8","","checkpoint-status","not-started","","","TRUE","TRUE","Site QA","Area Ready","WING C","C.54 BED","Walls / Ceiling","Plaster Sanded"
"48d3de59-1a2d-582b-b946-a784048cfeed","","checkpoint-status","not-started","","","TRUE","TRUE","Site QA","Area Ready","WING C","C.54 BED","Walls / Ceiling","Painted"
"eacda4a3-2616-4854-a496-318603242b04","","checklist-sectioned","not-started","Area Ready Checklist","checklist","FALSE","FALSE","Site QA","Area Ready","WING C","C.54 ENSUITE"
"dab0a82c-23d1-5476-8314-ef0bf7630e3e","","checkpoint-group","not-started","","","FALSE","FALSE","Site QA","Area Ready","WING C","C.54 ENSUITE","Substrate"
"2480cb4d-a0f5-58f6-b6fc-243e6bed6631","","checkpoint-status","not-started","","","TRUE","TRUE","Site QA","Area Ready","WING C","C.54 ENSUITE","Substrate","Substrate Acceptable"
"21013fe1-4df5-5648-8adb-c4eb779e914f","","checkpoint-status","not-started","","","TRUE","TRUE","Site QA","Area Ready","WING C","C.54 ENSUITE","Substrate","Wet Area Screed Installed"
"8c19be62-f1a9-5877-b141-f54fae1c3960","","checkpoint-group","not-started","","","FALSE","FALSE","Site QA","Area Ready","WING C","C.54 ENSUITE","Walls / Ceiling"
"a403dd22-9b31-5c9b-82bb-0e4c653074c7","","checkpoint-status","not-started","","","TRUE","TRUE","Site QA","Area Ready","WING C","C.54 ENSUITE","Walls / Ceiling","Ceiling Installed"
"fdbfe71e-60a7-5f57-bd29-c83f5eeb9e58","","checkpoint-status","not-started","","","TRUE","TRUE","Site QA","Area Ready","WING C","C.54 ENSUITE","Walls / Ceiling","Gyprock"
"15ebb2b5-0f26-5931-8e9d-fb61c6268615","","checkpoint-status","not-started","","","TRUE","TRUE","Site QA","Area Ready","WING C","C.54 ENSUITE","Walls / Ceiling","Plastered"
"0f0fc8b4-70fd-5bae-a2a9-33fdd01b51f0","","checkpoint-status","not-started","","","TRUE","TRUE","Site QA","Area Ready","WING C","C.54 ENSUITE","Walls / Ceiling","Plaster Sanded"
"07402e9e-b7d9-59a5-bf6e-0200756889c9","","checkpoint-status","not-started","","","TRUE","TRUE","Site QA","Area Ready","WING C","C.54 ENSUITE","Walls / Ceiling","Painted"
"d59058e3-e706-454a-808b-344124b348e5","","checklist-sectioned","not-started","Area Ready Checklist","checklist","FALSE","FALSE","Site QA","Area Ready","WING C","C.55 BED"
"54739d82-214a-5997-b357-1488e76d8431","","checkpoint-group","not-started","","","FALSE","FALSE","Site QA","Area Ready","WING C","C.55 BED","Substrate"
"a4a54c6c-aef9-55f0-b9b8-1276b8c37080","","checkpoint-status","not-started","","","TRUE","TRUE","Site QA","Area Ready","WING C","C.55 BED","Substrate","Substrate Acceptable"
"c955c228-0796-55c5-affa-c2b5478cc202","","checkpoint-status","not-started","","","TRUE","TRUE","Site QA","Area Ready","WING C","C.55 BED","Substrate","Wet Area Screed Installed"
"550b646b-0639-547b-957d-76d3d1c19eef","","checkpoint-group","not-started","","","FALSE","FALSE","Site QA","Area Ready","WING C","C.55 BED","Walls / Ceiling"
"a10a3905-c221-5bde-87fc-abc0105272d0","","checkpoint-status","not-started","","","TRUE","TRUE","Site QA","Area Ready","WING C","C.55 BED","Walls / Ceiling","Ceiling Installed"
"13aefedc-ae6b-59d3-9c0e-569572052ee9","","checkpoint-status","not-started","","","TRUE","TRUE","Site QA","Area Ready","WING C","C.55 BED","Walls / Ceiling","Gyprock"
"dcd09066-bf49-5386-a970-1e5b8ab7b9d2","","checkpoint-status","not-started","","","TRUE","TRUE","Site QA","Area Ready","WING C","C.55 BED","Walls / Ceiling","Plastered"
"2458d6cc-9c58-5494-9bdb-ba33cc4b8758","","checkpoint-status","not-started","","","TRUE","TRUE","Site QA","Area Ready","WING C","C.55 BED","Walls / Ceiling","Plaster Sanded"
"518b66c1-b1cc-5cc4-a3e1-05bb683b3ec8","","checkpoint-status","not-started","","","TRUE","TRUE","Site QA","Area Ready","WING C","C.55 BED","Walls / Ceiling","Painted"
"8580d49b-88c6-4db4-9169-2156da9803b7","","checklist-sectioned","not-started","Area Ready Checklist","checklist","FALSE","FALSE","Site QA","Area Ready","WING C","C.55A ENSUITE"
"d2389287-b64e-5525-ad74-f5ec557c74f7","","checkpoint-group","not-started","","","FALSE","FALSE","Site QA","Area Ready","WING C","C.55A ENSUITE","Substrate"
"9f2854d4-792f-575c-bd07-7f2032634c48","","checkpoint-status","not-started","","","TRUE","TRUE","Site QA","Area Ready","WING C","C.55A ENSUITE","Substrate","Substrate Acceptable"
"8a008b58-8b42-57c6-aa57-9bb596d5b738","","checkpoint-status","not-started","","","TRUE","TRUE","Site QA","Area Ready","WING C","C.55A ENSUITE","Substrate","Wet Area Screed Installed"
"91cdd98c-6cec-5981-a9aa-72f960391bba","","checkpoint-group","not-started","","","FALSE","FALSE","Site QA","Area Ready","WING C","C.55A ENSUITE","Walls / Ceiling"
"bba2b1a0-df6d-5f7c-9875-b038179ba9eb","","checkpoint-status","not-started","","","TRUE","TRUE","Site QA","Area Ready","WING C","C.55A ENSUITE","Walls / Ceiling","Ceiling Installed"
"d0999404-d8e5-5983-be30-14edb18e39a0","","checkpoint-status","not-started","","","TRUE","TRUE","Site QA","Area Ready","WING C","C.55A ENSUITE","Walls / Ceiling","Gyprock"
"bdb6bae6-a587-51e5-ab16-b0b81b733766","","checkpoint-status","not-started","","","TRUE","TRUE","Site QA","Area Ready","WING C","C.55A ENSUITE","Walls / Ceiling","Plastered"
"66572629-b105-5cfd-96d3-512c74ef0be7","","checkpoint-status","not-started","","","TRUE","TRUE","Site QA","Area Ready","WING C","C.55A ENSUITE","Walls / Ceiling","Plaster Sanded"
"d3adb7a4-2600-58e6-90b5-80989d3df568","","checkpoint-status","not-started","","","TRUE","TRUE","Site QA","Area Ready","WING C","C.55A ENSUITE","Walls / Ceiling","Painted"
"02f3ea56-b8bc-40da-bc30-0db081e8af17","","checklist-sectioned","not-started","Area Ready Checklist","checklist","FALSE","FALSE","Site QA","Area Ready","WING C","C.56 BED"
"08254e51-e6fa-5047-b2eb-f58ce240ef8f","","checkpoint-group","not-started","","","FALSE","FALSE","Site QA","Area Ready","WING C","C.56 BED","Substrate"
"d0de4df3-25b2-55b4-9999-d29d967cfbcc","","checkpoint-status","not-started","","","TRUE","TRUE","Site QA","Area Ready","WING C","C.56 BED","Substrate","Substrate Acceptable"
"34b3ced8-b12d-5d20-8dde-651bb990efa1","","checkpoint-status","not-started","","","TRUE","TRUE","Site QA","Area Ready","WING C","C.56 BED","Substrate","Wet Area Screed Installed"
"19b88eeb-6a0c-5375-9c68-e571badb4d9d","","checkpoint-group","not-started","","","FALSE","FALSE","Site QA","Area Ready","WING C","C.56 BED","Walls / Ceiling"
"272b5e7d-c911-57d5-af58-5900150b2491","","checkpoint-status","not-started","","","TRUE","TRUE","Site QA","Area Ready","WING C","C.56 BED","Walls / Ceiling","Ceiling Installed"
"a085d2c4-8d3a-5b78-a613-dc8b91231d72","","checkpoint-status","not-started","","","TRUE","TRUE","Site QA","Area Ready","WING C","C.56 BED","Walls / Ceiling","Gyprock"
"1dfcb62e-1807-52d5-a9cd-ff36489d8084","","checkpoint-status","not-started","","","TRUE","TRUE","Site QA","Area Ready","WING C","C.56 BED","Walls / Ceiling","Plastered"
"e3c3f8f8-5c68-576e-a3e2-b121c4a40378","","checkpoint-status","not-started","","","TRUE","TRUE","Site QA","Area Ready","WING C","C.56 BED","Walls / Ceiling","Plaster Sanded"
"ee2d0bcc-24dc-5165-a23f-a546fbb67611","","checkpoint-status","not-started","","","TRUE","TRUE","Site QA","Area Ready","WING C","C.56 BED","Walls / Ceiling","Painted"
"e4e6afa5-eaba-417c-8e3e-04627650273d","","checklist-sectioned","not-started","Area Ready Checklist","checklist","FALSE","FALSE","Site QA","Area Ready","WING C","C.56A ENSUITE"
"3e46fa17-82fb-5737-9750-e123d2d9465b","","checkpoint-group","not-started","","","FALSE","FALSE","Site QA","Area Ready","WING C","C.56A ENSUITE","Substrate"
"e235142e-1965-5090-8f85-9788ca91ad72","","checkpoint-status","not-started","","","TRUE","TRUE","Site QA","Area Ready","WING C","C.56A ENSUITE","Substrate","Substrate Acceptable"
"a7dcf785-f393-557f-a250-2cfd98f91c64","","checkpoint-status","not-started","","","TRUE","TRUE","Site QA","Area Ready","WING C","C.56A ENSUITE","Substrate","Wet Area Screed Installed"
"6d005d87-4e8a-5e27-b385-69dbc1f4aea6","","checkpoint-group","not-started","","","FALSE","FALSE","Site QA","Area Ready","WING C","C.56A ENSUITE","Walls / Ceiling"
"0b760247-6401-52c0-8be5-1d64a76e92c6","","checkpoint-status","not-started","","","TRUE","TRUE","Site QA","Area Ready","WING C","C.56A ENSUITE","Walls / Ceiling","Ceiling Installed"
"bbfe6e9c-827d-569b-a677-938cf2ea1b91","","checkpoint-status","not-started","","","TRUE","TRUE","Site QA","Area Ready","WING C","C.56A ENSUITE","Walls / Ceiling","Gyprock"
"236b4253-a918-54bb-b72d-2bc85fe78265","","checkpoint-status","not-started","","","TRUE","TRUE","Site QA","Area Ready","WING C","C.56A ENSUITE","Walls / Ceiling","Plastered"
"77250ab8-a58d-578e-8f6a-b781abd55944","","checkpoint-status","not-started","","","TRUE","TRUE","Site QA","Area Ready","WING C","C.56A ENSUITE","Walls / Ceiling","Plaster Sanded"
"d76400a6-5a78-5c91-b52a-667c93c819e9","","checkpoint-status","not-started","","","TRUE","TRUE","Site QA","Area Ready","WING C","C.56A ENSUITE","Walls / Ceiling","Painted"
"33f86e1f-d4fb-4cae-995a-ae024a46f201","","checklist-sectioned","not-started","Area Ready Checklist","checklist","FALSE","FALSE","Site QA","Area Ready","WING C","C.57 BED"
"527915fb-4468-5f84-aa20-55bbc44e172c","","checkpoint-group","not-started","","","FALSE","FALSE","Site QA","Area Ready","WING C","C.57 BED","Substrate"
"fd612988-76c1-5284-8d26-0889dc233c9f","","checkpoint-status","not-started","","","TRUE","TRUE","Site QA","Area Ready","WING C","C.57 BED","Substrate","Substrate Acceptable"
"6632efc0-3be0-5b05-8e3d-5c9e6bc6c9c4","","checkpoint-status","not-started","","","TRUE","TRUE","Site QA","Area Ready","WING C","C.57 BED","Substrate","Wet Area Screed Installed"
"1a061515-5a08-5c68-bea7-56c3be3a624a","","checkpoint-group","not-started","","","FALSE","FALSE","Site QA","Area Ready","WING C","C.57 BED","Walls / Ceiling"
"e0c7a2f1-def2-5d76-9b2f-e4cfefae5ab1","","checkpoint-status","not-started","","","TRUE","TRUE","Site QA","Area Ready","WING C","C.57 BED","Walls / Ceiling","Ceiling Installed"
"d4908c8c-ba41-5faf-ae17-80269d3f0e65","","checkpoint-status","not-started","","","TRUE","TRUE","Site QA","Area Ready","WING C","C.57 BED","Walls / Ceiling","Gyprock"
"dc7ad4c4-4d67-569e-8163-f754cdc453a2","","checkpoint-status","not-started","","","TRUE","TRUE","Site QA","Area Ready","WING C","C.57 BED","Walls / Ceiling","Plastered"
"9949e767-15a0-51ba-b578-efec13de84b7","","checkpoint-status","not-started","","","TRUE","TRUE","Site QA","Area Ready","WING C","C.57 BED","Walls / Ceiling","Plaster Sanded"
"85f9afe6-350c-5ff0-99e8-3be730273273","","checkpoint-status","not-started","","","TRUE","TRUE","Site QA","Area Ready","WING C","C.57 BED","Walls / Ceiling","Painted"
"c7499646-6d71-438a-bcfb-d35970e98dd8","","checklist-sectioned","not-started","Area Ready Checklist","checklist","FALSE","FALSE","Site QA","Area Ready","WING C","C.57A ENSUITE"
"b6adb08e-cd39-543d-aff1-904411e5474c","","checkpoint-group","not-started","","","FALSE","FALSE","Site QA","Area Ready","WING C","C.57A ENSUITE","Substrate"
"06c567b2-88e0-5282-bf6c-b149b693f39b","","checkpoint-status","not-started","","","TRUE","TRUE","Site QA","Area Ready","WING C","C.57A ENSUITE","Substrate","Substrate Acceptable"
"d227d58c-c08a-59dc-9679-38c6c8be67a2","","checkpoint-status","not-started","","","TRUE","TRUE","Site QA","Area Ready","WING C","C.57A ENSUITE","Substrate","Wet Area Screed Installed"
"30e51eb3-e474-5d0e-8030-268c6f6d6812","","checkpoint-group","not-started","","","FALSE","FALSE","Site QA","Area Ready","WING C","C.57A ENSUITE","Walls / Ceiling"
"04d2cd20-d663-5346-8453-56f4530a4046","","checkpoint-status","not-started","","","TRUE","TRUE","Site QA","Area Ready","WING C","C.57A ENSUITE","Walls / Ceiling","Ceiling Installed"
"574b9f88-6769-53b1-9efd-fc0650c0446a","","checkpoint-status","not-started","","","TRUE","TRUE","Site QA","Area Ready","WING C","C.57A ENSUITE","Walls / Ceiling","Gyprock"
"b1d4c9e0-e0b8-5243-b7e1-5fe0b27ac773","","checkpoint-status","not-started","","","TRUE","TRUE","Site QA","Area Ready","WING C","C.57A ENSUITE","Walls / Ceiling","Plastered"
"2c21fd12-6393-5470-8202-5a3fc4b8621a","","checkpoint-status","not-started","","","TRUE","TRUE","Site QA","Area Ready","WING C","C.57A ENSUITE","Walls / Ceiling","Plaster Sanded"
"9a8eb0d4-0604-5147-9c1a-58829b969ed8","","checkpoint-status","not-started","","","TRUE","TRUE","Site QA","Area Ready","WING C","C.57A ENSUITE","Walls / Ceiling","Painted"
"f88220ca-56a3-41d4-96a2-cae828bca478","","checklist-sectioned","not-started","Area Ready Checklist","checklist","FALSE","FALSE","Site QA","Area Ready","WING C","C.58 BED"
"6e7c93e5-8269-536f-a3c8-6cee318c244e","","checkpoint-group","not-started","","","FALSE","FALSE","Site QA","Area Ready","WING C","C.58 BED","Substrate"
"c8c7c812-26c5-5c43-9723-b735e20fdb27","","checkpoint-status","not-started","","","TRUE","TRUE","Site QA","Area Ready","WING C","C.58 BED","Substrate","Substrate Acceptable"
"7f316758-01c9-542c-b666-53b70bdf2f63","","checkpoint-status","not-started","","","TRUE","TRUE","Site QA","Area Ready","WING C","C.58 BED","Substrate","Wet Area Screed Installed"
"bdd989d9-a80a-5db0-a9d4-cfaf38126f21","","checkpoint-group","not-started","","","FALSE","FALSE","Site QA","Area Ready","WING C","C.58 BED","Walls / Ceiling"
"cc8134c9-9b1a-585f-92e9-bf2cd2c721b8","","checkpoint-status","not-started","","","TRUE","TRUE","Site QA","Area Ready","WING C","C.58 BED","Walls / Ceiling","Ceiling Installed"
"28542ecf-9004-5f17-9fb9-bdd500382ba5","","checkpoint-status","not-started","","","TRUE","TRUE","Site QA","Area Ready","WING C","C.58 BED","Walls / Ceiling","Gyprock"
"aca1a661-2cdb-5d76-a0b8-45efa60e2788","","checkpoint-status","not-started","","","TRUE","TRUE","Site QA","Area Ready","WING C","C.58 BED","Walls / Ceiling","Plastered"
"8fc6977c-e66c-5526-9ce1-9e964be46cde","","checkpoint-status","not-started","","","TRUE","TRUE","Site QA","Area Ready","WING C","C.58 BED","Walls / Ceiling","Plaster Sanded"
"73203630-7aa8-51c0-9565-0a11793a0a82","","checkpoint-status","not-started","","","TRUE","TRUE","Site QA","Area Ready","WING C","C.58 BED","Walls / Ceiling","Painted"
"66d893c8-6f92-4c82-b690-6c80cfc6a797","","checklist-sectioned","not-started","Area Ready Checklist","checklist","FALSE","FALSE","Site QA","Area Ready","WING C","C.58A ENSUITE"
"e09dc10f-3d11-5854-baad-bca333aa8343","","checkpoint-group","not-started","","","FALSE","FALSE","Site QA","Area Ready","WING C","C.58A ENSUITE","Substrate"
"5232f414-f250-5ff0-ae9c-e8f062ff6946","","checkpoint-status","not-started","","","TRUE","TRUE","Site QA","Area Ready","WING C","C.58A ENSUITE","Substrate","Substrate Acceptable"
"69c500f9-a52e-54df-9a3b-63a1a2306b14","","checkpoint-status","not-started","","","TRUE","TRUE","Site QA","Area Ready","WING C","C.58A ENSUITE","Substrate","Wet Area Screed Installed"
"03cd9713-42c3-55f2-bb96-884391fbb981","","checkpoint-group","not-started","","","FALSE","FALSE","Site QA","Area Ready","WING C","C.58A ENSUITE","Walls / Ceiling"
"01acec87-6a5d-59e7-9115-6fa986bcc0cf","","checkpoint-status","not-started","","","TRUE","TRUE","Site QA","Area Ready","WING C","C.58A ENSUITE","Walls / Ceiling","Ceiling Installed"
"6ff6527b-efe3-5be0-8bcb-2034a592434e","","checkpoint-status","not-started","","","TRUE","TRUE","Site QA","Area Ready","WING C","C.58A ENSUITE","Walls / Ceiling","Gyprock"
"9d4c28e8-b50f-5478-9dc9-ea678c057775","","checkpoint-status","not-started","","","TRUE","TRUE","Site QA","Area Ready","WING C","C.58A ENSUITE","Walls / Ceiling","Plastered"
"38275fa0-bb94-5d29-882e-1ae1613d97fa","","checkpoint-status","not-started","","","TRUE","TRUE","Site QA","Area Ready","WING C","C.58A ENSUITE","Walls / Ceiling","Plaster Sanded"
"5e8af82b-86cf-5ece-9e7e-ad59ba7c7dfd","","checkpoint-status","not-started","","","TRUE","TRUE","Site QA","Area Ready","WING C","C.58A ENSUITE","Walls / Ceiling","Painted"
"bf0a7ece-6b7f-43c1-84be-4e4e93a15633","","checklist-sectioned","not-started","Area Ready Checklist","checklist","FALSE","FALSE","Site QA","Area Ready","WING C","DINING, CORRIDORS"
"322954f6-b001-5a8c-91f7-5f9f6d34efb9","","checkpoint-group","not-started","","","FALSE","FALSE","Site QA","Area Ready","WING C","DINING, CORRIDORS","Substrate"
"6f982f66-d558-541a-b2eb-39c6f04a9549","","checkpoint-status","not-started","","","TRUE","TRUE","Site QA","Area Ready","WING C","DINING, CORRIDORS","Substrate","Substrate Acceptable"
"acb2de29-2652-5cd0-824a-57d50daa2598","","checkpoint-status","not-started","","","TRUE","TRUE","Site QA","Area Ready","WING C","DINING, CORRIDORS","Substrate","Wet Area Screed Installed"
"7c3aa60d-b872-56ac-ac39-929017b5a82c","","checkpoint-group","not-started","","","FALSE","FALSE","Site QA","Area Ready","WING C","DINING, CORRIDORS","Walls / Ceiling"
"41734d7e-90a2-56a7-909a-37682af44267","","checkpoint-status","not-started","","","TRUE","TRUE","Site QA","Area Ready","WING C","DINING, CORRIDORS","Walls / Ceiling","Ceiling Installed"
"c7aa6525-68f0-5120-b010-d3a7c972ebd3","","checkpoint-status","not-started","","","TRUE","TRUE","Site QA","Area Ready","WING C","DINING, CORRIDORS","Walls / Ceiling","Gyprock"
"f277d99c-4498-5935-ba25-97af4f22e22f","","checkpoint-status","not-started","","","TRUE","TRUE","Site QA","Area Ready","WING C","DINING, CORRIDORS","Walls / Ceiling","Plastered"
"3da88d61-2025-5d74-b657-1b7fcd5e4787","","checkpoint-status","not-started","","","TRUE","TRUE","Site QA","Area Ready","WING C","DINING, CORRIDORS","Walls / Ceiling","Plaster Sanded"
"1230cc76-e051-5061-beba-d97a28ed9284","","checkpoint-status","not-started","","","TRUE","TRUE","Site QA","Area Ready","WING C","DINING, CORRIDORS","Walls / Ceiling","Painted"
"ea743957-5e6a-4264-b059-b32faa55372a","","checklist-sectioned","not-started","Area Ready Checklist","checklist","FALSE","FALSE","Site QA","Area Ready","WING C","SITTING, CORRIDORS, LINEN"
"f8aaccb7-575b-5533-bb90-a1d59b444156","","checkpoint-group","not-started","","","FALSE","FALSE","Site QA","Area Ready","WING C","SITTING, CORRIDORS, LINEN","Substrate"
"b5871161-a63e-55b7-a382-299d22445d31","","checkpoint-status","not-started","","","TRUE","TRUE","Site QA","Area Ready","WING C","SITTING, CORRIDORS, LINEN","Substrate","Substrate Acceptable"
"759c338a-171c-5342-b40d-41a5bcc38e19","","checkpoint-status","not-started","","","TRUE","TRUE","Site QA","Area Ready","WING C","SITTING, CORRIDORS, LINEN","Substrate","Wet Area Screed Installed"
"102b4dc7-5d0a-53df-92de-7860eb615162","","checkpoint-group","not-started","","","FALSE","FALSE","Site QA","Area Ready","WING C","SITTING, CORRIDORS, LINEN","Walls / Ceiling"
"4b27668e-0e37-5ebb-a0b9-8b8132f6c8fb","","checkpoint-status","not-started","","","TRUE","TRUE","Site QA","Area Ready","WING C","SITTING, CORRIDORS, LINEN","Walls / Ceiling","Ceiling Installed"
"f7c6f531-d8eb-5742-b1bb-63119f3e94ab","","checkpoint-status","not-started","","","TRUE","TRUE","Site QA","Area Ready","WING C","SITTING, CORRIDORS, LINEN","Walls / Ceiling","Gyprock"
"e44871ae-70d3-5dca-900f-57bad818ce5d","","checkpoint-status","not-started","","","TRUE","TRUE","Site QA","Area Ready","WING C","SITTING, CORRIDORS, LINEN","Walls / Ceiling","Plastered"
"dcd66447-7acd-5f32-8636-3de122bfb5e4","","checkpoint-status","not-started","","","TRUE","TRUE","Site QA","Area Ready","WING C","SITTING, CORRIDORS, LINEN","Walls / Ceiling","Plaster Sanded"
"679a06bb-0407-5873-a643-c2a7c55ef6d6","","checkpoint-status","not-started","","","TRUE","TRUE","Site QA","Area Ready","WING C","SITTING, CORRIDORS, LINEN","Walls / Ceiling","Painted"
"9cecdb0a-e70a-4c83-9941-06b99cf488b2","","checklist-sectioned","not-started","Area Ready Checklist","checklist","FALSE","FALSE","Site QA","Area Ready","WING C","SITTING, LINEN, CORRIDOR"
"faf66d19-67db-5f64-ab77-053e698ddd27","","checkpoint-group","not-started","","","FALSE","FALSE","Site QA","Area Ready","WING C","SITTING, LINEN, CORRIDOR","Substrate"
"682c211d-8862-5c11-b75d-38ea9d5bc9ba","","checkpoint-status","not-started","","","TRUE","TRUE","Site QA","Area Ready","WING C","SITTING, LINEN, CORRIDOR","Substrate","Substrate Acceptable"
"b1fcabbe-6097-5a8a-bbd5-f15226bad59c","","checkpoint-status","not-started","","","TRUE","TRUE","Site QA","Area Ready","WING C","SITTING, LINEN, CORRIDOR","Substrate","Wet Area Screed Installed"
"5c571ff9-30ba-50ee-b674-58acde7656a9","","checkpoint-group","not-started","","","FALSE","FALSE","Site QA","Area Ready","WING C","SITTING, LINEN, CORRIDOR","Walls / Ceiling"
"b2085b2b-db20-5056-8d82-197c501f9303","","checkpoint-status","not-started","","","TRUE","TRUE","Site QA","Area Ready","WING C","SITTING, LINEN, CORRIDOR","Walls / Ceiling","Ceiling Installed"
"3f1ea0cb-9001-58bd-a581-e36382aa5bfc","","checkpoint-status","not-started","","","TRUE","TRUE","Site QA","Area Ready","WING C","SITTING, LINEN, CORRIDOR","Walls / Ceiling","Gyprock"
"11950b65-c68f-5633-abe1-36ab954f4417","","checkpoint-status","not-started","","","TRUE","TRUE","Site QA","Area Ready","WING C","SITTING, LINEN, CORRIDOR","Walls / Ceiling","Plastered"
"d9af3f16-43d7-5238-a552-b158e999b88b","","checkpoint-status","not-started","","","TRUE","TRUE","Site QA","Area Ready","WING C","SITTING, LINEN, CORRIDOR","Walls / Ceiling","Plaster Sanded"
"8d4e3c88-532e-5db2-8068-3c3a97b8692f","","checkpoint-status","not-started","","","TRUE","TRUE","Site QA","Area Ready","WING C","SITTING, LINEN, CORRIDOR","Walls / Ceiling","Painted"
"22144eb9-9bc5-4568-84cc-8c851a289566","","folder-normal","not-started","","step","TRUE","FALSE","Site QA","Area Ready","WING D"
"88c0d7ee-3d7c-45a6-8fa8-2b3b294c8433","","checklist-sectioned","not-started","Area Ready Checklist","checklist","FALSE","FALSE","Site QA","Area Ready","WING D","CORRIDOR AND ENTRY"
"9cc2c7b0-26c0-5571-b61f-7477f0ff59aa","","checkpoint-group","not-started","","","FALSE","FALSE","Site QA","Area Ready","WING D","CORRIDOR AND ENTRY","Substrate"
"dd0411f6-1872-5bf4-b796-bb9bfcf2ec36","","checkpoint-status","not-started","","","TRUE","TRUE","Site QA","Area Ready","WING D","CORRIDOR AND ENTRY","Substrate","Substrate Acceptable"
"cf63cdf3-5797-53fc-b40b-c77c53123432","","checkpoint-status","not-started","","","TRUE","TRUE","Site QA","Area Ready","WING D","CORRIDOR AND ENTRY","Substrate","Wet Area Screed Installed"
"69102051-3d90-5856-8695-8a11694f6cef","","checkpoint-group","not-started","","","FALSE","FALSE","Site QA","Area Ready","WING D","CORRIDOR AND ENTRY","Walls / Ceiling"
"d8b63c07-63f0-5e62-be91-542e34e68004","","checkpoint-status","not-started","","","TRUE","TRUE","Site QA","Area Ready","WING D","CORRIDOR AND ENTRY","Walls / Ceiling","Ceiling Installed"
"621b7fb3-62df-52c0-9163-10b19889c2c9","","checkpoint-status","not-started","","","TRUE","TRUE","Site QA","Area Ready","WING D","CORRIDOR AND ENTRY","Walls / Ceiling","Gyprock"
"d13d2799-a36a-53bf-a83f-a6b91140ed26","","checkpoint-status","not-started","","","TRUE","TRUE","Site QA","Area Ready","WING D","CORRIDOR AND ENTRY","Walls / Ceiling","Plastered"
"96df73f9-8bb3-5e24-b7be-15ddc7263008","","checkpoint-status","not-started","","","TRUE","TRUE","Site QA","Area Ready","WING D","CORRIDOR AND ENTRY","Walls / Ceiling","Plaster Sanded"
"0c3b38e2-3e25-5f03-9673-4d489cdff95f","","checkpoint-status","not-started","","","TRUE","TRUE","Site QA","Area Ready","WING D","CORRIDOR AND ENTRY","Walls / Ceiling","Painted"
"50569eee-2b27-4ca1-b511-85d19961128b","","checklist-sectioned","not-started","Area Ready Checklist","checklist","FALSE","FALSE","Site QA","Area Ready","WING D","D.02 TESTING FOYER"
"44e3a541-17d3-5cf6-8dd3-e9a30831365d","","checkpoint-group","not-started","","","FALSE","FALSE","Site QA","Area Ready","WING D","D.02 TESTING FOYER","Substrate"
"793a3cd9-4294-5d75-9f4c-51be40e615fd","","checkpoint-status","not-started","","","TRUE","TRUE","Site QA","Area Ready","WING D","D.02 TESTING FOYER","Substrate","Substrate Acceptable"
"d92382b8-15e2-54d8-9ac1-0c0e1f04f43b","","checkpoint-status","not-started","","","TRUE","TRUE","Site QA","Area Ready","WING D","D.02 TESTING FOYER","Substrate","Wet Area Screed Installed"
"6acdfe65-f751-53cf-9bf4-dd5a5ad2c320","","checkpoint-group","not-started","","","FALSE","FALSE","Site QA","Area Ready","WING D","D.02 TESTING FOYER","Walls / Ceiling"
"55bb7447-e07a-5f30-963b-6bd8655d00dd","","checkpoint-status","not-started","","","TRUE","TRUE","Site QA","Area Ready","WING D","D.02 TESTING FOYER","Walls / Ceiling","Ceiling Installed"
"a53b1ec2-6b94-51ee-b12f-c95a889c7077","","checkpoint-status","not-started","","","TRUE","TRUE","Site QA","Area Ready","WING D","D.02 TESTING FOYER","Walls / Ceiling","Gyprock"
"d08cf752-3350-53c1-8a1e-25f580ba0842","","checkpoint-status","not-started","","","TRUE","TRUE","Site QA","Area Ready","WING D","D.02 TESTING FOYER","Walls / Ceiling","Plastered"
"555897f9-fbde-5ef2-b20a-8c5936602272","","checkpoint-status","not-started","","","TRUE","TRUE","Site QA","Area Ready","WING D","D.02 TESTING FOYER","Walls / Ceiling","Plaster Sanded"
"96105900-b792-5664-bf93-bf907df915b7","","checkpoint-status","not-started","","","TRUE","TRUE","Site QA","Area Ready","WING D","D.02 TESTING FOYER","Walls / Ceiling","Painted"
"f20be1c7-ce48-44c2-81f4-7069b92062af","","checklist-sectioned","not-started","Area Ready Checklist","checklist","FALSE","FALSE","Site QA","Area Ready","WING D","D.04 RECEPTION"
"dcb29342-18e1-589c-af46-896591bfe5b6","","checkpoint-group","not-started","","","FALSE","FALSE","Site QA","Area Ready","WING D","D.04 RECEPTION","Substrate"
"e03ed7d7-97e6-57ef-af6c-3bf7c810dcc5","","checkpoint-status","not-started","","","TRUE","TRUE","Site QA","Area Ready","WING D","D.04 RECEPTION","Substrate","Substrate Acceptable"
"5b6f6d86-ac26-58e6-a3cd-6a74e7fa0cf6","","checkpoint-status","not-started","","","TRUE","TRUE","Site QA","Area Ready","WING D","D.04 RECEPTION","Substrate","Wet Area Screed Installed"
"07ca443f-2d53-5938-b934-5a7ce421e0e7","","checkpoint-group","not-started","","","FALSE","FALSE","Site QA","Area Ready","WING D","D.04 RECEPTION","Walls / Ceiling"
"115b1df4-d86a-5a84-86bd-6ef4c29432dc","","checkpoint-status","not-started","","","TRUE","TRUE","Site QA","Area Ready","WING D","D.04 RECEPTION","Walls / Ceiling","Ceiling Installed"
"fee73e9b-035f-5490-b4ed-7b5963c6193a","","checkpoint-status","not-started","","","TRUE","TRUE","Site QA","Area Ready","WING D","D.04 RECEPTION","Walls / Ceiling","Gyprock"
"96a54159-6d47-5829-b3b6-c6d075dc4b7d","","checkpoint-status","not-started","","","TRUE","TRUE","Site QA","Area Ready","WING D","D.04 RECEPTION","Walls / Ceiling","Plastered"
"2e2fd1a7-2ef9-5d1a-b7a5-b0a77b62757b","","checkpoint-status","not-started","","","TRUE","TRUE","Site QA","Area Ready","WING D","D.04 RECEPTION","Walls / Ceiling","Plaster Sanded"
"ca5838bd-f739-500b-b266-e3b31d22ce37","","checkpoint-status","not-started","","","TRUE","TRUE","Site QA","Area Ready","WING D","D.04 RECEPTION","Walls / Ceiling","Painted"
"7968857b-620e-4845-ad97-f768d0e4676a","","checklist-sectioned","not-started","Area Ready Checklist","checklist","FALSE","FALSE","Site QA","Area Ready","WING D","D.05 OFFICE"
"184585c9-5d48-5d67-8586-98bf1f042407","","checkpoint-group","not-started","","","FALSE","FALSE","Site QA","Area Ready","WING D","D.05 OFFICE","Substrate"
"6a8289b1-88b5-5af1-8404-5919f6b3a51e","","checkpoint-status","not-started","","","TRUE","TRUE","Site QA","Area Ready","WING D","D.05 OFFICE","Substrate","Substrate Acceptable"
"748e238a-379c-51b7-afa4-3048fb58b229","","checkpoint-status","not-started","","","TRUE","TRUE","Site QA","Area Ready","WING D","D.05 OFFICE","Substrate","Wet Area Screed Installed"
"441be01e-7ca0-53c1-a273-590b314b93c1","","checkpoint-group","not-started","","","FALSE","FALSE","Site QA","Area Ready","WING D","D.05 OFFICE","Walls / Ceiling"
"d6f2edb4-5a3e-581b-9d4f-f0217a8b0806","","checkpoint-status","not-started","","","TRUE","TRUE","Site QA","Area Ready","WING D","D.05 OFFICE","Walls / Ceiling","Ceiling Installed"
"37598fd1-b562-534e-a17f-068ec59425e0","","checkpoint-status","not-started","","","TRUE","TRUE","Site QA","Area Ready","WING D","D.05 OFFICE","Walls / Ceiling","Gyprock"
"25ce6244-fefa-574c-a1ec-99ba4b202289","","checkpoint-status","not-started","","","TRUE","TRUE","Site QA","Area Ready","WING D","D.05 OFFICE","Walls / Ceiling","Plastered"
"4b863228-b7ad-5473-acf6-b62adcb62166","","checkpoint-status","not-started","","","TRUE","TRUE","Site QA","Area Ready","WING D","D.05 OFFICE","Walls / Ceiling","Plaster Sanded"
"0bb69851-c083-55cb-aca0-4d1ef338095e","","checkpoint-status","not-started","","","TRUE","TRUE","Site QA","Area Ready","WING D","D.05 OFFICE","Walls / Ceiling","Painted"
"43b10689-7143-43b5-af5c-4612602b2369","","checklist-sectioned","not-started","Area Ready Checklist","checklist","FALSE","FALSE","Site QA","Area Ready","WING D","D.06 OFFICE"
"8a79b094-5db2-52cc-93a9-2dd5ad5b3d81","","checkpoint-group","not-started","","","FALSE","FALSE","Site QA","Area Ready","WING D","D.06 OFFICE","Substrate"
"72877787-199e-5da2-8f22-b2be4ce26ee7","","checkpoint-status","not-started","","","TRUE","TRUE","Site QA","Area Ready","WING D","D.06 OFFICE","Substrate","Substrate Acceptable"
"3fed0ca8-8631-5aca-b79c-c9abca5cc226","","checkpoint-status","not-started","","","TRUE","TRUE","Site QA","Area Ready","WING D","D.06 OFFICE","Substrate","Wet Area Screed Installed"
"b78cd0bb-fefe-5b54-abb7-4e81162b7ac2","","checkpoint-group","not-started","","","FALSE","FALSE","Site QA","Area Ready","WING D","D.06 OFFICE","Walls / Ceiling"
"247f748b-a0f3-5e9f-a1c2-c37c34653511","","checkpoint-status","not-started","","","TRUE","TRUE","Site QA","Area Ready","WING D","D.06 OFFICE","Walls / Ceiling","Ceiling Installed"
"e2517efa-03e3-54cf-ab94-15c0484d1e02","","checkpoint-status","not-started","","","TRUE","TRUE","Site QA","Area Ready","WING D","D.06 OFFICE","Walls / Ceiling","Gyprock"
"9f5e9377-a628-53c5-83a8-da6321126be4","","checkpoint-status","not-started","","","TRUE","TRUE","Site QA","Area Ready","WING D","D.06 OFFICE","Walls / Ceiling","Plastered"
"ccb7b442-6908-5b47-8646-dda3c86b93e9","","checkpoint-status","not-started","","","TRUE","TRUE","Site QA","Area Ready","WING D","D.06 OFFICE","Walls / Ceiling","Plaster Sanded"
"de537670-5814-578f-a988-a983104bfe91","","checkpoint-status","not-started","","","TRUE","TRUE","Site QA","Area Ready","WING D","D.06 OFFICE","Walls / Ceiling","Painted"
"3e98fc52-d202-4121-8f1c-aaae98d33491","","checklist-sectioned","not-started","Area Ready Checklist","checklist","FALSE","FALSE","Site QA","Area Ready","WING D","D.07 STAFF ENTRY"
"e580d62e-0f9a-5259-a057-a3b71273c615","","checkpoint-group","not-started","","","FALSE","FALSE","Site QA","Area Ready","WING D","D.07 STAFF ENTRY","Substrate"
"bd6426c7-e1fa-53f2-b7a8-0330f8ae41e3","","checkpoint-status","not-started","","","TRUE","TRUE","Site QA","Area Ready","WING D","D.07 STAFF ENTRY","Substrate","Substrate Acceptable"
"81cfc7b3-6d7b-5490-89c0-62c3dc57b62c","","checkpoint-status","not-started","","","TRUE","TRUE","Site QA","Area Ready","WING D","D.07 STAFF ENTRY","Substrate","Wet Area Screed Installed"
"e4e693c2-2259-5be9-b031-25e6e92364e6","","checkpoint-group","not-started","","","FALSE","FALSE","Site QA","Area Ready","WING D","D.07 STAFF ENTRY","Walls / Ceiling"
"e86d82f9-6235-5391-a5bd-662ca8987c7e","","checkpoint-status","not-started","","","TRUE","TRUE","Site QA","Area Ready","WING D","D.07 STAFF ENTRY","Walls / Ceiling","Ceiling Installed"
"80791b86-e625-5422-b0df-1b9776906705","","checkpoint-status","not-started","","","TRUE","TRUE","Site QA","Area Ready","WING D","D.07 STAFF ENTRY","Walls / Ceiling","Gyprock"
"75ce5a7b-af40-55c8-94e4-9eee112fea23","","checkpoint-status","not-started","","","TRUE","TRUE","Site QA","Area Ready","WING D","D.07 STAFF ENTRY","Walls / Ceiling","Plastered"
"0e86ef68-763f-58f0-827b-eea649196c08","","checkpoint-status","not-started","","","TRUE","TRUE","Site QA","Area Ready","WING D","D.07 STAFF ENTRY","Walls / Ceiling","Plaster Sanded"
"e05b7bbc-4c02-591c-9c51-aae73c650617","","checkpoint-status","not-started","","","TRUE","TRUE","Site QA","Area Ready","WING D","D.07 STAFF ENTRY","Walls / Ceiling","Painted"
"dd8c21ee-6f2b-4ab2-9770-643341a77757","","checklist-sectioned","not-started","Area Ready Checklist","checklist","FALSE","FALSE","Site QA","Area Ready","WING D","D.08 FEMALE WC"
"d7704927-1de6-53ec-833e-581c779d5383","","checkpoint-group","not-started","","","FALSE","FALSE","Site QA","Area Ready","WING D","D.08 FEMALE WC","Substrate"
"bfa2933f-101b-52ee-a95d-c6ae59916a39","","checkpoint-status","not-started","","","TRUE","TRUE","Site QA","Area Ready","WING D","D.08 FEMALE WC","Substrate","Substrate Acceptable"
"dfe5c37b-9b41-5f9a-a91c-904dfd950874","","checkpoint-status","not-started","","","TRUE","TRUE","Site QA","Area Ready","WING D","D.08 FEMALE WC","Substrate","Wet Area Screed Installed"
"e481f76d-9bf6-53da-ac1f-d0f397d025ac","","checkpoint-group","not-started","","","FALSE","FALSE","Site QA","Area Ready","WING D","D.08 FEMALE WC","Walls / Ceiling"
"6af4b5a9-50cb-5510-afd4-cf37771ff63e","","checkpoint-status","not-started","","","TRUE","TRUE","Site QA","Area Ready","WING D","D.08 FEMALE WC","Walls / Ceiling","Ceiling Installed"
"b2c9984f-dc6a-5644-b7a6-9d723cc941a2","","checkpoint-status","not-started","","","TRUE","TRUE","Site QA","Area Ready","WING D","D.08 FEMALE WC","Walls / Ceiling","Gyprock"
"e87001ca-a389-519b-ab84-79c3d8a43c27","","checkpoint-status","not-started","","","TRUE","TRUE","Site QA","Area Ready","WING D","D.08 FEMALE WC","Walls / Ceiling","Plastered"
"71848bba-0332-5b10-86cd-63c894b08483","","checkpoint-status","not-started","","","TRUE","TRUE","Site QA","Area Ready","WING D","D.08 FEMALE WC","Walls / Ceiling","Plaster Sanded"
"3935769c-6ec1-587c-86a8-ccaa3857db9a","","checkpoint-status","not-started","","","TRUE","TRUE","Site QA","Area Ready","WING D","D.08 FEMALE WC","Walls / Ceiling","Painted"
"51112ac1-9aab-4fcb-81b4-461f20fb0c82","","checklist-sectioned","not-started","Area Ready Checklist","checklist","FALSE","FALSE","Site QA","Area Ready","WING D","D.09 MALE WC"
"0dc18328-3625-53a7-8a7e-6332fe2b01e3","","checkpoint-group","not-started","","","FALSE","FALSE","Site QA","Area Ready","WING D","D.09 MALE WC","Substrate"
"b5b3b777-98e4-555f-a0d5-2572d8643ad9","","checkpoint-status","not-started","","","TRUE","TRUE","Site QA","Area Ready","WING D","D.09 MALE WC","Substrate","Substrate Acceptable"
"764677e7-3339-59ce-9234-cc441591626d","","checkpoint-status","not-started","","","TRUE","TRUE","Site QA","Area Ready","WING D","D.09 MALE WC","Substrate","Wet Area Screed Installed"
"dd080f6b-f882-55da-ba0c-e1c73e629d76","","checkpoint-group","not-started","","","FALSE","FALSE","Site QA","Area Ready","WING D","D.09 MALE WC","Walls / Ceiling"
"8628804e-0770-59c0-bbb2-b7aadad376d5","","checkpoint-status","not-started","","","TRUE","TRUE","Site QA","Area Ready","WING D","D.09 MALE WC","Walls / Ceiling","Ceiling Installed"
"494419a2-c9b8-535e-ba56-dc4c063aca09","","checkpoint-status","not-started","","","TRUE","TRUE","Site QA","Area Ready","WING D","D.09 MALE WC","Walls / Ceiling","Gyprock"
"4a155366-3849-57b6-b1d6-155392e80805","","checkpoint-status","not-started","","","TRUE","TRUE","Site QA","Area Ready","WING D","D.09 MALE WC","Walls / Ceiling","Plastered"
"bcf672a9-a93d-5309-937e-28ec4b21520b","","checkpoint-status","not-started","","","TRUE","TRUE","Site QA","Area Ready","WING D","D.09 MALE WC","Walls / Ceiling","Plaster Sanded"
"4ab19b82-b08f-5e68-8add-be443cfdc6a6","","checkpoint-status","not-started","","","TRUE","TRUE","Site QA","Area Ready","WING D","D.09 MALE WC","Walls / Ceiling","Painted"
"3977f31e-fb3c-4a71-af85-be70ac609700","","checklist-sectioned","not-started","Area Ready Checklist","checklist","FALSE","FALSE","Site QA","Area Ready","WING D","D.10 ACC WC"
"730287a7-81b2-504b-b011-2e2ccea654c2","","checkpoint-group","not-started","","","FALSE","FALSE","Site QA","Area Ready","WING D","D.10 ACC WC","Substrate"
"c6b4e981-92db-5672-b594-7b45a70494df","","checkpoint-status","not-started","","","TRUE","TRUE","Site QA","Area Ready","WING D","D.10 ACC WC","Substrate","Substrate Acceptable"
"14369335-2dde-5514-b4f9-ae452be1f285","","checkpoint-status","not-started","","","TRUE","TRUE","Site QA","Area Ready","WING D","D.10 ACC WC","Substrate","Wet Area Screed Installed"
"c57941fa-52d6-550d-a9cf-8d8576bdf3d5","","checkpoint-group","not-started","","","FALSE","FALSE","Site QA","Area Ready","WING D","D.10 ACC WC","Walls / Ceiling"
"effe7c5e-852b-58e9-9cad-0b5afeb0bb63","","checkpoint-status","not-started","","","TRUE","TRUE","Site QA","Area Ready","WING D","D.10 ACC WC","Walls / Ceiling","Ceiling Installed"
"81ebbc18-c33b-5b1a-9a24-86e5dc02f3c4","","checkpoint-status","not-started","","","TRUE","TRUE","Site QA","Area Ready","WING D","D.10 ACC WC","Walls / Ceiling","Gyprock"
"ef955a6a-9d17-5bbf-81df-cdede58850e6","","checkpoint-status","not-started","","","TRUE","TRUE","Site QA","Area Ready","WING D","D.10 ACC WC","Walls / Ceiling","Plastered"
"748d74ea-2272-5281-b8ab-8941fc1648b2","","checkpoint-status","not-started","","","TRUE","TRUE","Site QA","Area Ready","WING D","D.10 ACC WC","Walls / Ceiling","Plaster Sanded"
"8dbda2fe-d427-5518-9241-d68c843bc0e4","","checkpoint-status","not-started","","","TRUE","TRUE","Site QA","Area Ready","WING D","D.10 ACC WC","Walls / Ceiling","Painted"
"48acdbfd-be38-471a-9f05-fb7895bee9f0","","checklist-sectioned","not-started","Area Ready Checklist","checklist","FALSE","FALSE","Site QA","Area Ready","WING D","D.11 STAFF"
"2f5c582d-50cc-5747-9c2a-3e73764c785d","","checkpoint-group","not-started","","","FALSE","FALSE","Site QA","Area Ready","WING D","D.11 STAFF","Substrate"
"16d76eb6-c65d-55d9-9836-84a651b8e38b","","checkpoint-status","not-started","","","TRUE","TRUE","Site QA","Area Ready","WING D","D.11 STAFF","Substrate","Substrate Acceptable"
"ef5eac49-999a-5be4-b32c-00bd11efd0cf","","checkpoint-status","not-started","","","TRUE","TRUE","Site QA","Area Ready","WING D","D.11 STAFF","Substrate","Wet Area Screed Installed"
"3994c04b-0300-5406-aeb5-f88961182ec7","","checkpoint-group","not-started","","","FALSE","FALSE","Site QA","Area Ready","WING D","D.11 STAFF","Walls / Ceiling"
"5bd9c7cc-343f-5128-946c-eb70f8eeb565","","checkpoint-status","not-started","","","TRUE","TRUE","Site QA","Area Ready","WING D","D.11 STAFF","Walls / Ceiling","Ceiling Installed"
"613a9fa7-290a-5927-92ed-7ebede8c81a5","","checkpoint-status","not-started","","","TRUE","TRUE","Site QA","Area Ready","WING D","D.11 STAFF","Walls / Ceiling","Gyprock"
"0efdc320-f886-5b4b-9e48-7f4ab5ec3ff9","","checkpoint-status","not-started","","","TRUE","TRUE","Site QA","Area Ready","WING D","D.11 STAFF","Walls / Ceiling","Plastered"
"29ec992f-ec78-5fb9-a90d-85f82d9d7c44","","checkpoint-status","not-started","","","TRUE","TRUE","Site QA","Area Ready","WING D","D.11 STAFF","Walls / Ceiling","Plaster Sanded"
"1ce1ebc7-218b-557e-a71f-6549ed0bfbd9","","checkpoint-status","not-started","","","TRUE","TRUE","Site QA","Area Ready","WING D","D.11 STAFF","Walls / Ceiling","Painted"
"31c04642-c3cb-4f25-918d-a7f465ead3f7","","checklist-sectioned","not-started","Area Ready Checklist","checklist","FALSE","FALSE","Site QA","Area Ready","WING D","D.12 STAFF TESTING"
"4dcd6b2d-652d-5ed8-9013-74816fbe155f","","checkpoint-group","not-started","","","FALSE","FALSE","Site QA","Area Ready","WING D","D.12 STAFF TESTING","Substrate"
"a2e201e3-b98f-53dd-adeb-7d149ce8f0af","","checkpoint-status","not-started","","","TRUE","TRUE","Site QA","Area Ready","WING D","D.12 STAFF TESTING","Substrate","Substrate Acceptable"
"0a187485-37aa-591a-b802-bfef1e6ece8f","","checkpoint-status","not-started","","","TRUE","TRUE","Site QA","Area Ready","WING D","D.12 STAFF TESTING","Substrate","Wet Area Screed Installed"
"997fe4c4-1654-504a-a2e6-afe7faf994a9","","checkpoint-group","not-started","","","FALSE","FALSE","Site QA","Area Ready","WING D","D.12 STAFF TESTING","Walls / Ceiling"
"ad4b6330-d4d7-5d76-9010-e44052e6ac13","","checkpoint-status","not-started","","","TRUE","TRUE","Site QA","Area Ready","WING D","D.12 STAFF TESTING","Walls / Ceiling","Ceiling Installed"
"ddf00cb2-45af-5cd0-9be9-e4e4d488588d","","checkpoint-status","not-started","","","TRUE","TRUE","Site QA","Area Ready","WING D","D.12 STAFF TESTING","Walls / Ceiling","Gyprock"
"6f85f9db-8154-5d76-ad5c-44a3815e53d2","","checkpoint-status","not-started","","","TRUE","TRUE","Site QA","Area Ready","WING D","D.12 STAFF TESTING","Walls / Ceiling","Plastered"
"b2971231-60b3-591a-9957-13ef10bf981e","","checkpoint-status","not-started","","","TRUE","TRUE","Site QA","Area Ready","WING D","D.12 STAFF TESTING","Walls / Ceiling","Plaster Sanded"
"3eb15187-e6b1-5604-bcbb-eb422541468b","","checkpoint-status","not-started","","","TRUE","TRUE","Site QA","Area Ready","WING D","D.12 STAFF TESTING","Walls / Ceiling","Painted"
"06c4977a-0b34-4a4b-b621-85ed684ef046","","checklist-sectioned","not-started","Area Ready Checklist","checklist","FALSE","FALSE","Site QA","Area Ready","WING D","D.16 HAIRDRESSER"
"7a8442da-fcd5-54c1-a3bb-9239b575b37c","","checkpoint-group","not-started","","","FALSE","FALSE","Site QA","Area Ready","WING D","D.16 HAIRDRESSER","Substrate"
"ecf5a2c1-d6e8-5c6a-9808-bd1130fbad97","","checkpoint-status","not-started","","","TRUE","TRUE","Site QA","Area Ready","WING D","D.16 HAIRDRESSER","Substrate","Substrate Acceptable"
"e78d87d6-3d07-5415-935b-c3c4f435f331","","checkpoint-status","not-started","","","TRUE","TRUE","Site QA","Area Ready","WING D","D.16 HAIRDRESSER","Substrate","Wet Area Screed Installed"
"b9701ec2-c478-52c8-9525-2ba663c1cc0c","","checkpoint-group","not-started","","","FALSE","FALSE","Site QA","Area Ready","WING D","D.16 HAIRDRESSER","Walls / Ceiling"
"c443c0e7-d07f-583f-ba2d-d8e12235f6d2","","checkpoint-status","not-started","","","TRUE","TRUE","Site QA","Area Ready","WING D","D.16 HAIRDRESSER","Walls / Ceiling","Ceiling Installed"
"4f23a664-c136-5f38-9117-ae92d9d8c351","","checkpoint-status","not-started","","","TRUE","TRUE","Site QA","Area Ready","WING D","D.16 HAIRDRESSER","Walls / Ceiling","Gyprock"
"85d6543e-32d5-58f5-ac1e-364b7dc6b363","","checkpoint-status","not-started","","","TRUE","TRUE","Site QA","Area Ready","WING D","D.16 HAIRDRESSER","Walls / Ceiling","Plastered"
"0d00ed4e-8319-576c-97b7-905e429db1d2","","checkpoint-status","not-started","","","TRUE","TRUE","Site QA","Area Ready","WING D","D.16 HAIRDRESSER","Walls / Ceiling","Plaster Sanded"
"d0c81543-e623-5eba-af6a-5148da3514ea","","checkpoint-status","not-started","","","TRUE","TRUE","Site QA","Area Ready","WING D","D.16 HAIRDRESSER","Walls / Ceiling","Painted"
"a63e8e69-e119-487a-8f71-ad73a768cc60","","checklist-sectioned","not-started","Area Ready Checklist","checklist","FALSE","FALSE","Site QA","Area Ready","WING D","D.17 THEATRE"
"c14e72ab-9365-542a-b647-acd10e20c24b","","checkpoint-group","not-started","","","FALSE","FALSE","Site QA","Area Ready","WING D","D.17 THEATRE","Substrate"
"df47d395-ccc7-5a0a-aaeb-0ec4a6b28b17","","checkpoint-status","not-started","","","TRUE","TRUE","Site QA","Area Ready","WING D","D.17 THEATRE","Substrate","Substrate Acceptable"
"5acdf468-6b2f-51d1-8d4d-2fc22d969f9d","","checkpoint-status","not-started","","","TRUE","TRUE","Site QA","Area Ready","WING D","D.17 THEATRE","Substrate","Wet Area Screed Installed"
"18c7d4fb-4915-5b10-9af0-789c32827320","","checkpoint-group","not-started","","","FALSE","FALSE","Site QA","Area Ready","WING D","D.17 THEATRE","Walls / Ceiling"
"b731c451-69ac-54ee-846c-f90a6b279696","","checkpoint-status","not-started","","","TRUE","TRUE","Site QA","Area Ready","WING D","D.17 THEATRE","Walls / Ceiling","Ceiling Installed"
"91178a66-b35b-5e81-8aa2-b4e2dd98f3d3","","checkpoint-status","not-started","","","TRUE","TRUE","Site QA","Area Ready","WING D","D.17 THEATRE","Walls / Ceiling","Gyprock"
"187dadc0-c2bd-500f-92b4-41601e175cd0","","checkpoint-status","not-started","","","TRUE","TRUE","Site QA","Area Ready","WING D","D.17 THEATRE","Walls / Ceiling","Plastered"
"9bf89508-0d28-5879-a87a-02d17da663fb","","checkpoint-status","not-started","","","TRUE","TRUE","Site QA","Area Ready","WING D","D.17 THEATRE","Walls / Ceiling","Plaster Sanded"
"c8618a3b-aa9b-58e7-a3fc-59f49324ef24","","checkpoint-status","not-started","","","TRUE","TRUE","Site QA","Area Ready","WING D","D.17 THEATRE","Walls / Ceiling","Painted"
"a57549d3-d223-45bd-88f9-cb6926d16457","","checklist-sectioned","not-started","Area Ready Checklist","checklist","FALSE","FALSE","Site QA","Area Ready","WING D","D.18 MULTI PURPOSE"
"7b67dfb1-f389-57e9-97e6-0d90066785f0","","checkpoint-group","not-started","","","FALSE","FALSE","Site QA","Area Ready","WING D","D.18 MULTI PURPOSE","Substrate"
"38eb3536-1240-530e-a9e1-348cd3dbfb1f","","checkpoint-status","not-started","","","TRUE","TRUE","Site QA","Area Ready","WING D","D.18 MULTI PURPOSE","Substrate","Substrate Acceptable"
"807190a5-9109-5850-a984-557d8c1dc83f","","checkpoint-status","not-started","","","TRUE","TRUE","Site QA","Area Ready","WING D","D.18 MULTI PURPOSE","Substrate","Wet Area Screed Installed"
"c2a73fa0-befe-52fe-a6a1-c273ffa259d5","","checkpoint-group","not-started","","","FALSE","FALSE","Site QA","Area Ready","WING D","D.18 MULTI PURPOSE","Walls / Ceiling"
"3ab434da-c448-59ad-aa55-7ad578d84e7e","","checkpoint-status","not-started","","","TRUE","TRUE","Site QA","Area Ready","WING D","D.18 MULTI PURPOSE","Walls / Ceiling","Ceiling Installed"
"9d636da9-c8ab-5bc1-9e3d-ccd647276138","","checkpoint-status","not-started","","","TRUE","TRUE","Site QA","Area Ready","WING D","D.18 MULTI PURPOSE","Walls / Ceiling","Gyprock"
"143a21fb-4781-5db7-ada4-e351592d2931","","checkpoint-status","not-started","","","TRUE","TRUE","Site QA","Area Ready","WING D","D.18 MULTI PURPOSE","Walls / Ceiling","Plastered"
"6a76d8cc-2a0d-5713-b8bc-eb9360896c21","","checkpoint-status","not-started","","","TRUE","TRUE","Site QA","Area Ready","WING D","D.18 MULTI PURPOSE","Walls / Ceiling","Plaster Sanded"
"a953db51-500b-50cc-8bd3-04947406371b","","checkpoint-status","not-started","","","TRUE","TRUE","Site QA","Area Ready","WING D","D.18 MULTI PURPOSE","Walls / Ceiling","Painted"
"b196ee4d-9f11-4989-8aa0-d898b07ad2dc","","checklist-sectioned","not-started","Area Ready Checklist","checklist","FALSE","FALSE","Site QA","Area Ready","WING D","D.19 REHAB GYM"
"6d62ecc4-ca56-5c5b-b7ce-1f01ebabb4eb","","checkpoint-group","not-started","","","FALSE","FALSE","Site QA","Area Ready","WING D","D.19 REHAB GYM","Substrate"
"e300fac1-9030-5a75-abd7-65ef0299d466","","checkpoint-status","not-started","","","TRUE","TRUE","Site QA","Area Ready","WING D","D.19 REHAB GYM","Substrate","Substrate Acceptable"
"d9e66140-a583-511f-9e0b-105416aac435","","checkpoint-status","not-started","","","TRUE","TRUE","Site QA","Area Ready","WING D","D.19 REHAB GYM","Substrate","Wet Area Screed Installed"
"ffe1325e-b1ae-53f4-8485-fcc076225a07","","checkpoint-group","not-started","","","FALSE","FALSE","Site QA","Area Ready","WING D","D.19 REHAB GYM","Walls / Ceiling"
"3d14cb57-16a5-5f3d-894d-0791738e280a","","checkpoint-status","not-started","","","TRUE","TRUE","Site QA","Area Ready","WING D","D.19 REHAB GYM","Walls / Ceiling","Ceiling Installed"
"a37b6bc0-7bc6-5cf3-9c6d-6491b633d653","","checkpoint-status","not-started","","","TRUE","TRUE","Site QA","Area Ready","WING D","D.19 REHAB GYM","Walls / Ceiling","Gyprock"
"cfce7b64-a3b9-5845-8f27-993d046c3aca","","checkpoint-status","not-started","","","TRUE","TRUE","Site QA","Area Ready","WING D","D.19 REHAB GYM","Walls / Ceiling","Plastered"
"c84981d0-42ad-5fb2-aa96-03010ae88431","","checkpoint-status","not-started","","","TRUE","TRUE","Site QA","Area Ready","WING D","D.19 REHAB GYM","Walls / Ceiling","Plaster Sanded"
"2136e361-16ab-58a1-b23d-2e987b4eeefc","","checkpoint-status","not-started","","","TRUE","TRUE","Site QA","Area Ready","WING D","D.19 REHAB GYM","Walls / Ceiling","Painted"
"1cb23d6a-7890-4bb8-bcee-da0acc2ef3ad","","checklist-sectioned","not-started","Area Ready Checklist","checklist","FALSE","FALSE","Site QA","Area Ready","WING D","D.22 CAFE KITCHEN"
"e60940e9-73e3-576d-8339-b2c07ceece04","","checkpoint-group","not-started","","","FALSE","FALSE","Site QA","Area Ready","WING D","D.22 CAFE KITCHEN","Substrate"
"2786823c-48cf-5b1d-aef4-b4590cc10641","","checkpoint-status","not-started","","","TRUE","TRUE","Site QA","Area Ready","WING D","D.22 CAFE KITCHEN","Substrate","Substrate Acceptable"
"fcd06110-5844-5bcf-b913-2b9646aff79d","","checkpoint-status","not-started","","","TRUE","TRUE","Site QA","Area Ready","WING D","D.22 CAFE KITCHEN","Substrate","Wet Area Screed Installed"
"6f41afea-de8a-58fd-a974-4f5e19e4e8e8","","checkpoint-group","not-started","","","FALSE","FALSE","Site QA","Area Ready","WING D","D.22 CAFE KITCHEN","Walls / Ceiling"
"b2267fba-3e9e-59a2-b35d-414779b9a405","","checkpoint-status","not-started","","","TRUE","TRUE","Site QA","Area Ready","WING D","D.22 CAFE KITCHEN","Walls / Ceiling","Ceiling Installed"
"d3462a13-e47d-55fc-bbd7-28e54855cb9e","","checkpoint-status","not-started","","","TRUE","TRUE","Site QA","Area Ready","WING D","D.22 CAFE KITCHEN","Walls / Ceiling","Gyprock"
"207895a5-b8ef-5956-986f-b1d0c88e847f","","checkpoint-status","not-started","","","TRUE","TRUE","Site QA","Area Ready","WING D","D.22 CAFE KITCHEN","Walls / Ceiling","Plastered"
"b45de8d6-ee4e-5846-90ef-04db4c2a613e","","checkpoint-status","not-started","","","TRUE","TRUE","Site QA","Area Ready","WING D","D.22 CAFE KITCHEN","Walls / Ceiling","Plaster Sanded"
"e00a0011-14db-5f74-9c5d-feb486dfe82a","","checkpoint-status","not-started","","","TRUE","TRUE","Site QA","Area Ready","WING D","D.22 CAFE KITCHEN","Walls / Ceiling","Painted"
"7f075905-74d0-4268-98cd-e2f576fefb65","","checklist-sectioned","not-started","Area Ready Checklist","checklist","FALSE","FALSE","Site QA","Area Ready","WING D","D.23 ARCHIVE"
"9dae3d95-cc71-5967-baff-313302b1cb00","","checkpoint-group","not-started","","","FALSE","FALSE","Site QA","Area Ready","WING D","D.23 ARCHIVE","Substrate"
"8932cdd3-f5a9-53eb-947b-520c416325ad","","checkpoint-status","not-started","","","TRUE","TRUE","Site QA","Area Ready","WING D","D.23 ARCHIVE","Substrate","Substrate Acceptable"
"ada31820-0e5b-5550-b9af-2a469487395c","","checkpoint-status","not-started","","","TRUE","TRUE","Site QA","Area Ready","WING D","D.23 ARCHIVE","Substrate","Wet Area Screed Installed"
"1fa33b0c-7a7d-565f-8b77-32dcc6c07c03","","checkpoint-group","not-started","","","FALSE","FALSE","Site QA","Area Ready","WING D","D.23 ARCHIVE","Walls / Ceiling"
"0a1bc507-0302-5278-99c5-801fd279b8c4","","checkpoint-status","not-started","","","TRUE","TRUE","Site QA","Area Ready","WING D","D.23 ARCHIVE","Walls / Ceiling","Ceiling Installed"
"7add765a-d710-54e4-a31e-218623222cf9","","checkpoint-status","not-started","","","TRUE","TRUE","Site QA","Area Ready","WING D","D.23 ARCHIVE","Walls / Ceiling","Gyprock"
"c99a4cb9-1103-5bf0-80cc-16e48bcb0fda","","checkpoint-status","not-started","","","TRUE","TRUE","Site QA","Area Ready","WING D","D.23 ARCHIVE","Walls / Ceiling","Plastered"
"7a861b86-62ef-5712-83d9-839e37915542","","checkpoint-status","not-started","","","TRUE","TRUE","Site QA","Area Ready","WING D","D.23 ARCHIVE","Walls / Ceiling","Plaster Sanded"
"2bd330dc-1a5a-5fc9-9692-35ffd78abd7d","","checkpoint-status","not-started","","","TRUE","TRUE","Site QA","Area Ready","WING D","D.23 ARCHIVE","Walls / Ceiling","Painted"
"06269d03-1553-4b0a-9268-3cb78b8dfd9f","","checklist-sectioned","not-started","Area Ready Checklist","checklist","FALSE","FALSE","Site QA","Area Ready","WING D","D.24 CORRIDORS AND CAFE"
"77680455-2e91-5c3d-9071-3b1cd7cb06f7","","checkpoint-group","not-started","","","FALSE","FALSE","Site QA","Area Ready","WING D","D.24 CORRIDORS AND CAFE","Substrate"
"70d8d1eb-48aa-5d40-b849-c878c9835f76","","checkpoint-status","not-started","","","TRUE","TRUE","Site QA","Area Ready","WING D","D.24 CORRIDORS AND CAFE","Substrate","Substrate Acceptable"
"bc145b93-3eb2-564d-9e91-20e148d0d729","","checkpoint-status","not-started","","","TRUE","TRUE","Site QA","Area Ready","WING D","D.24 CORRIDORS AND CAFE","Substrate","Wet Area Screed Installed"
"94e83e2c-18d0-5f55-9e0e-e8e13d0b8934","","checkpoint-group","not-started","","","FALSE","FALSE","Site QA","Area Ready","WING D","D.24 CORRIDORS AND CAFE","Walls / Ceiling"
"78b352c3-012f-5970-8e84-1be6c7fc5b8d","","checkpoint-status","not-started","","","TRUE","TRUE","Site QA","Area Ready","WING D","D.24 CORRIDORS AND CAFE","Walls / Ceiling","Ceiling Installed"
"b5b12709-e940-5ba4-b154-a1314e00c906","","checkpoint-status","not-started","","","TRUE","TRUE","Site QA","Area Ready","WING D","D.24 CORRIDORS AND CAFE","Walls / Ceiling","Gyprock"
"b1cc7979-f0f3-5b85-92de-19f42259ae0e","","checkpoint-status","not-started","","","TRUE","TRUE","Site QA","Area Ready","WING D","D.24 CORRIDORS AND CAFE","Walls / Ceiling","Plastered"
"b56bd428-e097-5c5a-8ded-fa7061952039","","checkpoint-status","not-started","","","TRUE","TRUE","Site QA","Area Ready","WING D","D.24 CORRIDORS AND CAFE","Walls / Ceiling","Plaster Sanded"
"c79be0f1-5833-5d8e-a036-065fd0eb56d1","","checkpoint-status","not-started","","","TRUE","TRUE","Site QA","Area Ready","WING D","D.24 CORRIDORS AND CAFE","Walls / Ceiling","Painted"
"ad8814a9-5361-4735-b09e-9f97e4e6e802","","checklist-sectioned","not-started","Area Ready Checklist","checklist","FALSE","FALSE","Site QA","Area Ready","WING D","D.27 KITCHEN"
"e80ae41c-e1f6-5d5a-a054-ea024be76482","","checkpoint-group","not-started","","","FALSE","FALSE","Site QA","Area Ready","WING D","D.27 KITCHEN","Substrate"
"a83ae752-6451-5469-a182-78efdce3fe05","","checkpoint-status","not-started","","","TRUE","TRUE","Site QA","Area Ready","WING D","D.27 KITCHEN","Substrate","Substrate Acceptable"
"641c5561-361d-59c9-8404-27162ca8c16b","","checkpoint-status","not-started","","","TRUE","TRUE","Site QA","Area Ready","WING D","D.27 KITCHEN","Substrate","Wet Area Screed Installed"
"19f8a3e1-c33a-5ce2-968d-5da862348b32","","checkpoint-group","not-started","","","FALSE","FALSE","Site QA","Area Ready","WING D","D.27 KITCHEN","Walls / Ceiling"
"17637bc5-435e-5e85-8888-96b837c71d8b","","checkpoint-status","not-started","","","TRUE","TRUE","Site QA","Area Ready","WING D","D.27 KITCHEN","Walls / Ceiling","Ceiling Installed"
"7c11695b-b508-5293-9562-14131bd731a7","","checkpoint-status","not-started","","","TRUE","TRUE","Site QA","Area Ready","WING D","D.27 KITCHEN","Walls / Ceiling","Gyprock"
"04f6a634-9a92-54bd-95a2-4b8ae6faa212","","checkpoint-status","not-started","","","TRUE","TRUE","Site QA","Area Ready","WING D","D.27 KITCHEN","Walls / Ceiling","Plastered"
"849c6ed4-19d9-50a3-affa-2bdd5117cfaf","","checkpoint-status","not-started","","","TRUE","TRUE","Site QA","Area Ready","WING D","D.27 KITCHEN","Walls / Ceiling","Plaster Sanded"
"b71d7e44-4214-5421-9c9b-ac9b00559099","","checkpoint-status","not-started","","","TRUE","TRUE","Site QA","Area Ready","WING D","D.27 KITCHEN","Walls / Ceiling","Painted"
"b06628f5-f897-47ce-ada3-fcd10d0f76e6","","checklist-sectioned","not-started","Area Ready Checklist","checklist","FALSE","FALSE","Site QA","Area Ready","WING D","D.30 DRY"
"3bd7cba0-33a4-5237-b943-bc4f5da9c37a","","checkpoint-group","not-started","","","FALSE","FALSE","Site QA","Area Ready","WING D","D.30 DRY","Substrate"
"bf8c2566-5361-53e4-bc2a-d1e5b526a05f","","checkpoint-status","not-started","","","TRUE","TRUE","Site QA","Area Ready","WING D","D.30 DRY","Substrate","Substrate Acceptable"
"79432be7-e5da-5ca9-9edc-9c30bacf68eb","","checkpoint-status","not-started","","","TRUE","TRUE","Site QA","Area Ready","WING D","D.30 DRY","Substrate","Wet Area Screed Installed"
"e99bed8b-b14e-5fa1-9d54-2a180b592a37","","checkpoint-group","not-started","","","FALSE","FALSE","Site QA","Area Ready","WING D","D.30 DRY","Walls / Ceiling"
"90150f43-578b-50ba-94a3-e585ab644a2e","","checkpoint-status","not-started","","","TRUE","TRUE","Site QA","Area Ready","WING D","D.30 DRY","Walls / Ceiling","Ceiling Installed"
"0a582106-6529-5b8d-a4e4-483feb5d0165","","checkpoint-status","not-started","","","TRUE","TRUE","Site QA","Area Ready","WING D","D.30 DRY","Walls / Ceiling","Gyprock"
"9b16cea9-c2a4-5420-87ac-741e43643bc4","","checkpoint-status","not-started","","","TRUE","TRUE","Site QA","Area Ready","WING D","D.30 DRY","Walls / Ceiling","Plastered"
"6217384c-62bb-5685-821f-f7c71ae218ef","","checkpoint-status","not-started","","","TRUE","TRUE","Site QA","Area Ready","WING D","D.30 DRY","Walls / Ceiling","Plaster Sanded"
"034cb490-303d-58a8-9e06-616c0eeaf026","","checkpoint-status","not-started","","","TRUE","TRUE","Site QA","Area Ready","WING D","D.30 DRY","Walls / Ceiling","Painted"
"62e8237a-a626-4b8c-a43e-c08556176754","","checklist-sectioned","not-started","Area Ready Checklist","checklist","FALSE","FALSE","Site QA","Area Ready","WING D","D.31 CHEF"
"28db61a3-bfd4-5f9f-81a2-27a90eb57c3e","","checkpoint-group","not-started","","","FALSE","FALSE","Site QA","Area Ready","WING D","D.31 CHEF","Substrate"
"3fd29e5b-4d75-5c45-9de3-80c0a3553500","","checkpoint-status","not-started","","","TRUE","TRUE","Site QA","Area Ready","WING D","D.31 CHEF","Substrate","Substrate Acceptable"
"77dd2638-fb78-591f-ae6a-dbe30b9da9bf","","checkpoint-status","not-started","","","TRUE","TRUE","Site QA","Area Ready","WING D","D.31 CHEF","Substrate","Wet Area Screed Installed"
"baa79d12-7c5d-5c83-813d-79e7f0c6312d","","checkpoint-group","not-started","","","FALSE","FALSE","Site QA","Area Ready","WING D","D.31 CHEF","Walls / Ceiling"
"0fad5647-fc60-50bd-a1db-1d13fbc3662f","","checkpoint-status","not-started","","","TRUE","TRUE","Site QA","Area Ready","WING D","D.31 CHEF","Walls / Ceiling","Ceiling Installed"
"763835d2-10f7-5323-85ef-f7321d1f9c6f","","checkpoint-status","not-started","","","TRUE","TRUE","Site QA","Area Ready","WING D","D.31 CHEF","Walls / Ceiling","Gyprock"
"b136db31-c7d7-5e27-80e8-4ed29e4633e7","","checkpoint-status","not-started","","","TRUE","TRUE","Site QA","Area Ready","WING D","D.31 CHEF","Walls / Ceiling","Plastered"
"4baac8cf-0b21-52c9-96d2-1e23f7c76df2","","checkpoint-status","not-started","","","TRUE","TRUE","Site QA","Area Ready","WING D","D.31 CHEF","Walls / Ceiling","Plaster Sanded"
"c459d991-c1d2-5628-b235-2f05139d2afa","","checkpoint-status","not-started","","","TRUE","TRUE","Site QA","Area Ready","WING D","D.31 CHEF","Walls / Ceiling","Painted"
"081458c9-e7f1-4e3a-9548-bd9daa4266ca","","checklist-sectioned","not-started","Area Ready Checklist","checklist","FALSE","FALSE","Site QA","Area Ready","WING D","D.33 / D.34 / D.35 DIRTY, LAUNDRY, CLEAN"
"79d19a00-0813-5958-82a9-024c9c1fb8a5","","checkpoint-group","not-started","","","FALSE","FALSE","Site QA","Area Ready","WING D","D.33 / D.34 / D.35 DIRTY, LAUNDRY, CLEAN","Substrate"
"c9f6f1ac-8ec2-50a2-b80b-5bbf91cde0a9","","checkpoint-status","not-started","","","TRUE","TRUE","Site QA","Area Ready","WING D","D.33 / D.34 / D.35 DIRTY, LAUNDRY, CLEAN","Substrate","Substrate Acceptable"
"11eddcb4-d21d-5167-80db-170f8acc34f7","","checkpoint-status","not-started","","","TRUE","TRUE","Site QA","Area Ready","WING D","D.33 / D.34 / D.35 DIRTY, LAUNDRY, CLEAN","Substrate","Wet Area Screed Installed"
"e2c586f4-343d-5915-87c0-67cf52485b53","","checkpoint-group","not-started","","","FALSE","FALSE","Site QA","Area Ready","WING D","D.33 / D.34 / D.35 DIRTY, LAUNDRY, CLEAN","Walls / Ceiling"
"69eb6071-688c-5e79-90b1-412b7cd72b79","","checkpoint-status","not-started","","","TRUE","TRUE","Site QA","Area Ready","WING D","D.33 / D.34 / D.35 DIRTY, LAUNDRY, CLEAN","Walls / Ceiling","Ceiling Installed"
"0addf801-9b25-56d0-a946-768c51ddc8f6","","checkpoint-status","not-started","","","TRUE","TRUE","Site QA","Area Ready","WING D","D.33 / D.34 / D.35 DIRTY, LAUNDRY, CLEAN","Walls / Ceiling","Gyprock"
"dccdf287-82cd-56e4-8491-bca3c64d0f43","","checkpoint-status","not-started","","","TRUE","TRUE","Site QA","Area Ready","WING D","D.33 / D.34 / D.35 DIRTY, LAUNDRY, CLEAN","Walls / Ceiling","Plastered"
"69b3a2e6-f6dd-5994-80bf-9914cd7be6dc","","checkpoint-status","not-started","","","TRUE","TRUE","Site QA","Area Ready","WING D","D.33 / D.34 / D.35 DIRTY, LAUNDRY, CLEAN","Walls / Ceiling","Plaster Sanded"
"5fe81674-9b61-5a95-a6dc-e07cd1d55d68","","checkpoint-status","not-started","","","TRUE","TRUE","Site QA","Area Ready","WING D","D.33 / D.34 / D.35 DIRTY, LAUNDRY, CLEAN","Walls / Ceiling","Painted"
"eb697a0c-144e-426b-9c0f-5f618ed77a18","","checklist-sectioned","not-started","Area Ready Checklist","checklist","FALSE","FALSE","Site QA","Area Ready","WING D","D.40 LOBBY A"
"81fdfb00-61cd-5b6b-83b1-2bf26e40291c","","checkpoint-group","not-started","","","FALSE","FALSE","Site QA","Area Ready","WING D","D.40 LOBBY A","Substrate"
"ffd82c5b-b7d9-5173-a22b-d4736ae3c981","","checkpoint-status","not-started","","","TRUE","TRUE","Site QA","Area Ready","WING D","D.40 LOBBY A","Substrate","Substrate Acceptable"
"6c25b833-af7f-54d8-8d7a-fd081563be59","","checkpoint-status","not-started","","","TRUE","TRUE","Site QA","Area Ready","WING D","D.40 LOBBY A","Substrate","Wet Area Screed Installed"
"1da3a526-1d9f-5ae0-af92-bbc6a992f6b1","","checkpoint-group","not-started","","","FALSE","FALSE","Site QA","Area Ready","WING D","D.40 LOBBY A","Walls / Ceiling"
"a7b22263-3302-559a-b287-ee6995bb2375","","checkpoint-status","not-started","","","TRUE","TRUE","Site QA","Area Ready","WING D","D.40 LOBBY A","Walls / Ceiling","Ceiling Installed"
"dc40c784-0ae0-571a-aaa5-badb1a9f200c","","checkpoint-status","not-started","","","TRUE","TRUE","Site QA","Area Ready","WING D","D.40 LOBBY A","Walls / Ceiling","Gyprock"
"ac41376e-e4b0-5465-9102-2c56358373c8","","checkpoint-status","not-started","","","TRUE","TRUE","Site QA","Area Ready","WING D","D.40 LOBBY A","Walls / Ceiling","Plastered"
"99d0511f-85fa-50e7-95a7-63cf18cf4cc5","","checkpoint-status","not-started","","","TRUE","TRUE","Site QA","Area Ready","WING D","D.40 LOBBY A","Walls / Ceiling","Plaster Sanded"
"9bbcefed-0224-5913-b991-24a8ddad3ac5","","checkpoint-status","not-started","","","TRUE","TRUE","Site QA","Area Ready","WING D","D.40 LOBBY A","Walls / Ceiling","Painted"
"c1c873b2-093e-4f8a-b7b6-5cfd45856f42","","checklist-sectioned","not-started","Area Ready Checklist","checklist","FALSE","FALSE","Site QA","Area Ready","WING D","D.42 HD STORE"
"d8590850-d835-5474-8445-eb5c4b8d37f0","","checkpoint-group","not-started","","","FALSE","FALSE","Site QA","Area Ready","WING D","D.42 HD STORE","Substrate"
"83c02252-f3fa-5277-8193-8854ed2d3fd7","","checkpoint-status","not-started","","","TRUE","TRUE","Site QA","Area Ready","WING D","D.42 HD STORE","Substrate","Substrate Acceptable"
"cbb59454-3075-5e8f-92fc-78781fbda489","","checkpoint-status","not-started","","","TRUE","TRUE","Site QA","Area Ready","WING D","D.42 HD STORE","Substrate","Wet Area Screed Installed"
"aca19a2c-fbaa-59f1-b566-14b0bd56d943","","checkpoint-group","not-started","","","FALSE","FALSE","Site QA","Area Ready","WING D","D.42 HD STORE","Walls / Ceiling"
"4d361260-3fef-5b5e-a2d2-63368709b210","","checkpoint-status","not-started","","","TRUE","TRUE","Site QA","Area Ready","WING D","D.42 HD STORE","Walls / Ceiling","Ceiling Installed"
"cabfda4d-ed06-5bdb-a204-56e61319d7c9","","checkpoint-status","not-started","","","TRUE","TRUE","Site QA","Area Ready","WING D","D.42 HD STORE","Walls / Ceiling","Gyprock"
"082b319c-4e38-5d29-a6a6-8a53e8a3a767","","checkpoint-status","not-started","","","TRUE","TRUE","Site QA","Area Ready","WING D","D.42 HD STORE","Walls / Ceiling","Plastered"
"39a38dad-ddfb-5383-8d02-0ab9e394c07e","","checkpoint-status","not-started","","","TRUE","TRUE","Site QA","Area Ready","WING D","D.42 HD STORE","Walls / Ceiling","Plaster Sanded"
"83afcc6e-dae1-5679-8e83-740a92d4646f","","checkpoint-status","not-started","","","TRUE","TRUE","Site QA","Area Ready","WING D","D.42 HD STORE","Walls / Ceiling","Painted"
"a6abd07a-c133-4e21-8d22-a7eeca7155f6","","checklist-sectioned","not-started","Area Ready Checklist","checklist","FALSE","FALSE","Site QA","Area Ready","WING D","WING B1 CONTINUATION"
"56326585-3c5f-5ada-bd59-31d4de636fb2","","checkpoint-group","not-started","","","FALSE","FALSE","Site QA","Area Ready","WING D","WING B1 CONTINUATION","Substrate"
"9d0bb026-b9fb-530b-805a-b77d40e01558","","checkpoint-status","not-started","","","TRUE","TRUE","Site QA","Area Ready","WING D","WING B1 CONTINUATION","Substrate","Substrate Acceptable"
"6a19f8a7-7627-5353-bbca-4ba8bc6b60bd","","checkpoint-status","not-started","","","TRUE","TRUE","Site QA","Area Ready","WING D","WING B1 CONTINUATION","Substrate","Wet Area Screed Installed"
"1f0c25c7-4801-57ba-b4a8-b6a91e1c10e1","","checkpoint-group","not-started","","","FALSE","FALSE","Site QA","Area Ready","WING D","WING B1 CONTINUATION","Walls / Ceiling"
"23a04f8a-64b8-5f8d-b0b7-9a2765b62f82","","checkpoint-status","not-started","","","TRUE","TRUE","Site QA","Area Ready","WING D","WING B1 CONTINUATION","Walls / Ceiling","Ceiling Installed"
"73b43d92-617c-5ed7-a625-1f58df3c00fd","","checkpoint-status","not-started","","","TRUE","TRUE","Site QA","Area Ready","WING D","WING B1 CONTINUATION","Walls / Ceiling","Gyprock"
"0fbf2949-e245-5efb-9068-6cd9732d479a","","checkpoint-status","not-started","","","TRUE","TRUE","Site QA","Area Ready","WING D","WING B1 CONTINUATION","Walls / Ceiling","Plastered"
"2d48e161-d3a0-5edc-9cd7-ae30f5f40669","","checkpoint-status","not-started","","","TRUE","TRUE","Site QA","Area Ready","WING D","WING B1 CONTINUATION","Walls / Ceiling","Plaster Sanded"
"57718a8f-bd89-5143-a5c8-b4e9a28f330d","","checkpoint-status","not-started","","","TRUE","TRUE","Site QA","Area Ready","WING D","WING B1 CONTINUATION","Walls / Ceiling","Painted"
"a604a0bb-9883-4473-b051-a90348119340","","folder-normal","work-in-progress","","step","TRUE","FALSE","Site QA","Floor Finishes"
"1494b47d-e1e1-46d8-9ff0-b94350dbf496","","folder-normal","not-started","","step","TRUE","FALSE","Site QA","Floor Finishes","WING A"
"ade39d78-939f-4eeb-872b-0f3a212cb8ec","","checklist-sectioned","not-started","5a8a68d1221a9e608c282940756e19ac2c3c1dd54ffd7888cef6f74664a05c9a","checklist","FALSE","FALSE","Site QA","Floor Finishes","WING A","A.01 BED"
"e80d858f-b576-564a-839b-62c46a2d77f1","","checkpoint-group","not-started","","","FALSE","FALSE","Site QA","Floor Finishes","WING A","A.01 BED","Subfloor, Floor Preparation, Adhesive"
"79a74bf6-e733-5c61-9902-9c5cdef327e8","","checkpoint-status","not-started","","","TRUE","TRUE","Site QA","Floor Finishes","WING A","A.01 BED","Subfloor, Floor Preparation, Adhesive","Confirm area of work is accessible & acceptable to commence (If not comment below)"
"0d197bf5-99ae-50d4-bc7b-16f73662596a","","checkpoint-status","not-started","","","TRUE","TRUE","Site QA","Floor Finishes","WING A","A.01 BED","Subfloor, Floor Preparation, Adhesive","Subfloor mechanically diamond ground"
"6472f58b-ec1f-4a22-bf98-02d31de5c55d","","checkpoint-status","not-started","","","TRUE","TRUE","Site QA","Floor Finishes","WING A","A.01 BED","Subfloor, Floor Preparation, Adhesive","Floor preparation product installed in accordance with manufacturer's instructions"
"cf06745a-e244-56ce-96b8-f9fa0ff64c9d","","checkpoint-status","not-started","","","TRUE","TRUE","Site QA","Floor Finishes","WING A","A.01 BED","Subfloor, Floor Preparation, Adhesive","Floor transitions installed as per instructions from builder"
"4c7a746a-218e-4e42-ab1e-67d9ec5ef874","","checkpoint-status","not-started","","","TRUE","TRUE","Site QA","Floor Finishes","WING A","A.01 BED","Subfloor, Floor Preparation, Adhesive","Waterproof tested for falls, and water test completed by waterproofers"
"7fc6ab75-3772-5157-a8d9-ab0e772a5ea6","","checkpoint-status","not-started","","","TRUE","TRUE","Site QA","Floor Finishes","WING A","A.01 BED","Subfloor, Floor Preparation, Adhesive","Correct adhesive used"
"7dc72b55-f4cc-5a68-8e58-0f3b62e0d33b","","checkpoint-group","not-started","","","FALSE","FALSE","Site QA","Floor Finishes","WING A","A.01 BED","Carpet / Vinyl"
"69eff2e7-4bfb-5e6b-af77-633826a0fbfe","","checkpoint-status","not-started","","","TRUE","TRUE","Site QA","Floor Finishes","WING A","A.01 BED","Carpet / Vinyl","Confirm area of work is accessible & acceptable to commence (If not comment below)"
"e3df4b79-9d41-5f6f-afeb-52dbc0cc601d","","checkpoint-status","not-started","","","TRUE","TRUE","Site QA","Floor Finishes","WING A","A.01 BED","Carpet / Vinyl","Vinyl installed as per plan"
"d6b96b85-b78d-5c83-8912-111ca26038ce","","checkpoint-status","not-started","","","TRUE","TRUE","Site QA","Floor Finishes","WING A","A.01 BED","Carpet / Vinyl","Carpet installed as per plan"
"f4d6d563-d167-521c-a614-a38c0b839207","","checkpoint-status","not-started","","","TRUE","TRUE","Site QA","Floor Finishes","WING A","A.01 BED","Carpet / Vinyl","Joints sealed with heat welded seams and mitres as per AS 1884-2012"
"467a1687-dd2d-5415-a0c1-b696200a924c","","checkpoint-status","not-started","","","TRUE","TRUE","Site QA","Floor Finishes","WING A","A.01 BED","Carpet / Vinyl","Vinyl skirt and coving used as per finishes markup - 150mm height"
"b1d5da48-0bfe-5863-b772-dc3dad82e8e5","","checkpoint-status","not-started","","","TRUE","TRUE","Site QA","Floor Finishes","WING A","A.01 BED","Carpet / Vinyl","Installer Sign Off: Carpet / Vinyl installed as per manufacturer's instructions"
"14c24657-875e-52e8-acc5-94887cd76b93","","checkpoint-status","not-started","","","TRUE","TRUE","Site QA","Floor Finishes","WING A","A.01 BED","Carpet / Vinyl","Add-Floors Sign Off"
"0e99774b-a8bc-53da-b5c0-1b56164aa7b5","","checkpoint-status","not-started","","","TRUE","TRUE","Site QA","Floor Finishes","WING A","A.01 BED","Carpet / Vinyl","Foreman installation sign off"
"43e35087-cac0-59b6-99c6-b7f2945a9359","","checkpoint-group","not-started","","","FALSE","FALSE","Site QA","Floor Finishes","WING A","A.01 BED","Wall Finish"
"ad3ee718-fbfb-58ee-b63d-eec94d6a22fc","","checkpoint-status","not-started","","","TRUE","TRUE","Site QA","Floor Finishes","WING A","A.01 BED","Wall Finish","Wall Finish installed as per plan"
"d8ac56e7-2795-51ac-a968-524846b0f08c","","checkpoint-group","not-started","","","FALSE","FALSE","Site QA","Floor Finishes","WING A","A.01 BED","Protection and Handover"
"0e557325-d468-500e-b894-33afc6479c64","","checkpoint-status","not-started","","","TRUE","TRUE","Site QA","Floor Finishes","WING A","A.01 BED","Protection and Handover","Installation complete, checked and reviewed - as per specification"
"d3effde6-aaa2-56c5-8bd4-facd30510200","","checkpoint-status","not-started","","","TRUE","TRUE","Site QA","Floor Finishes","WING A","A.01 BED","Protection and Handover","Floor protected with bubbleweave floor protection or polyweave"
"71e2cc11-ec95-5493-9794-43e66adf8552","","checkpoint-status","not-started","","","TRUE","TRUE","Site QA","Floor Finishes","WING A","A.01 BED","Protection and Handover","Installer Sign Off: Protection installed as per manufacturer's instructions"
"b3a49ca2-bd52-4f16-bb27-de734d9087d0","","checklist-sectioned","not-started","5a8a68d1221a9e608c282940756e19ac2c3c1dd54ffd7888cef6f74664a05c9a","checklist","FALSE","FALSE","Site QA","Floor Finishes","WING A","A.016A ENSUITE"
"2dbd94d0-e472-52e1-ab76-5b437aa0a4c6","","checkpoint-group","not-started","","","FALSE","FALSE","Site QA","Floor Finishes","WING A","A.016A ENSUITE","Subfloor, Floor Preparation, Adhesive"
"2e3470fd-6229-532a-90a8-5880fb71cff2","","checkpoint-status","not-started","","","TRUE","TRUE","Site QA","Floor Finishes","WING A","A.016A ENSUITE","Subfloor, Floor Preparation, Adhesive","Confirm area of work is accessible & acceptable to commence (If not comment below)"
"c73e5cb2-2cd8-56b1-ae43-444aa198383d","","checkpoint-status","not-started","","","TRUE","TRUE","Site QA","Floor Finishes","WING A","A.016A ENSUITE","Subfloor, Floor Preparation, Adhesive","Subfloor mechanically diamond ground"
"4933f016-2453-4e7d-afe0-b03807e9eb5a","","checkpoint-status","not-started","","","TRUE","TRUE","Site QA","Floor Finishes","WING A","A.016A ENSUITE","Subfloor, Floor Preparation, Adhesive","Floor preparation product installed in accordance with manufacturer's instructions"
"7fa17650-6f03-52a8-87a2-0f99d21d763a","","checkpoint-status","not-started","","","TRUE","TRUE","Site QA","Floor Finishes","WING A","A.016A ENSUITE","Subfloor, Floor Preparation, Adhesive","Floor transitions installed as per instructions from builder"
"297f5900-0dec-4bdc-8211-ee64d638e07b","","checkpoint-status","not-started","","","TRUE","TRUE","Site QA","Floor Finishes","WING A","A.016A ENSUITE","Subfloor, Floor Preparation, Adhesive","Waterproof tested for falls, and water test completed by waterproofers"
"7f0afee7-864e-5175-952a-26813f77431b","","checkpoint-status","not-started","","","TRUE","TRUE","Site QA","Floor Finishes","WING A","A.016A ENSUITE","Subfloor, Floor Preparation, Adhesive","Correct adhesive used"
"ecffc947-bb20-53ad-905f-6e901fe4f88f","","checkpoint-group","not-started","","","FALSE","FALSE","Site QA","Floor Finishes","WING A","A.016A ENSUITE","Carpet / Vinyl"
"9db32ca3-45df-51b1-a3e9-8b21d659c3fe","","checkpoint-status","not-started","","","TRUE","TRUE","Site QA","Floor Finishes","WING A","A.016A ENSUITE","Carpet / Vinyl","Confirm area of work is accessible & acceptable to commence (If not comment below)"
"39596556-0262-5ed3-a7da-5a948f86c114","","checkpoint-status","not-started","","","TRUE","TRUE","Site QA","Floor Finishes","WING A","A.016A ENSUITE","Carpet / Vinyl","Vinyl installed as per plan"
"56652007-5822-5906-ad09-945a3c03c72b","","checkpoint-status","not-started","","","TRUE","TRUE","Site QA","Floor Finishes","WING A","A.016A ENSUITE","Carpet / Vinyl","Carpet installed as per plan"
"5b5831c0-13e8-5d2e-b90d-b9f2a4409bf4","","checkpoint-status","not-started","","","TRUE","TRUE","Site QA","Floor Finishes","WING A","A.016A ENSUITE","Carpet / Vinyl","Joints sealed with heat welded seams and mitres as per AS 1884-2012"
"9bf7a7d4-9cbc-59f0-9eaf-92f02e12ef28","","checkpoint-status","not-started","","","TRUE","TRUE","Site QA","Floor Finishes","WING A","A.016A ENSUITE","Carpet / Vinyl","Vinyl skirt and coving used as per finishes markup - 150mm height"
"1a3ceaf2-572c-5b31-8a58-5b2cbaaa9015","","checkpoint-status","not-started","","","TRUE","TRUE","Site QA","Floor Finishes","WING A","A.016A ENSUITE","Carpet / Vinyl","Installer Sign Off: Carpet / Vinyl installed as per manufacturer's instructions"
"da5cc1e2-a751-5185-8e15-b4c78adb6d7c","","checkpoint-status","not-started","","","TRUE","TRUE","Site QA","Floor Finishes","WING A","A.016A ENSUITE","Carpet / Vinyl","Add-Floors Sign Off"
"2922ba0e-a255-50b8-9c63-e928753aed5f","","checkpoint-status","not-started","","","TRUE","TRUE","Site QA","Floor Finishes","WING A","A.016A ENSUITE","Carpet / Vinyl","Foreman installation sign off"
"39d9e7ed-2b4a-550b-80a5-0bf555e0a44a","","checkpoint-group","not-started","","","FALSE","FALSE","Site QA","Floor Finishes","WING A","A.016A ENSUITE","Wall Finish"
"353c848a-cb76-58b1-ac0f-0e123a6c559e","","checkpoint-status","not-started","","","TRUE","TRUE","Site QA","Floor Finishes","WING A","A.016A ENSUITE","Wall Finish","Wall Finish installed as per plan"
"4f2f3326-50f9-5eef-95fd-23eb61e9dcd7","","checkpoint-group","not-started","","","FALSE","FALSE","Site QA","Floor Finishes","WING A","A.016A ENSUITE","Protection and Handover"
"f1063592-257c-50fc-849d-745749b70af5","","checkpoint-status","not-started","","","TRUE","TRUE","Site QA","Floor Finishes","WING A","A.016A ENSUITE","Protection and Handover","Installation complete, checked and reviewed - as per specification"
"c6dd28c4-bd7c-5c8d-9533-1538c1b673c1","","checkpoint-status","not-started","","","TRUE","TRUE","Site QA","Floor Finishes","WING A","A.016A ENSUITE","Protection and Handover","Floor protected with bubbleweave floor protection or polyweave"
"1dd2ab2b-1207-5c57-82d7-a28c355a51ab","","checkpoint-status","not-started","","","TRUE","TRUE","Site QA","Floor Finishes","WING A","A.016A ENSUITE","Protection and Handover","Installer Sign Off: Protection installed as per manufacturer's instructions"
"d072316a-1c7c-4a45-ab66-0d5c51666cc5","","checklist-sectioned","not-started","5a8a68d1221a9e608c282940756e19ac2c3c1dd54ffd7888cef6f74664a05c9a","checklist","FALSE","FALSE","Site QA","Floor Finishes","WING A","A.01A ENSUITE"
"cf0d4cac-e44a-5d78-80a6-01b9923c2620","","checkpoint-group","not-started","","","FALSE","FALSE","Site QA","Floor Finishes","WING A","A.01A ENSUITE","Subfloor, Floor Preparation, Adhesive"
"6d0edc1d-db06-5eb5-a74d-689d6b11ef11","","checkpoint-status","not-started","","","TRUE","TRUE","Site QA","Floor Finishes","WING A","A.01A ENSUITE","Subfloor, Floor Preparation, Adhesive","Confirm area of work is accessible & acceptable to commence (If not comment below)"
"98ef15de-b11a-5b56-b9dd-5570a0d6f6d4","","checkpoint-status","not-started","","","TRUE","TRUE","Site QA","Floor Finishes","WING A","A.01A ENSUITE","Subfloor, Floor Preparation, Adhesive","Subfloor mechanically diamond ground"
"ef28492f-1516-4165-bccf-68420d48c1cd","","checkpoint-status","not-started","","","TRUE","TRUE","Site QA","Floor Finishes","WING A","A.01A ENSUITE","Subfloor, Floor Preparation, Adhesive","Floor preparation product installed in accordance with manufacturer's instructions"
"367e775e-3ff0-5a01-a183-d0496e7df091","","checkpoint-status","not-started","","","TRUE","TRUE","Site QA","Floor Finishes","WING A","A.01A ENSUITE","Subfloor, Floor Preparation, Adhesive","Floor transitions installed as per instructions from builder"
"9cbe0d77-8c51-4563-acf5-5879125096f1","","checkpoint-status","not-started","","","TRUE","TRUE","Site QA","Floor Finishes","WING A","A.01A ENSUITE","Subfloor, Floor Preparation, Adhesive","Waterproof tested for falls, and water test completed by waterproofers"
"899161a9-ce1a-56b5-a4e5-55e95ad82713","","checkpoint-status","not-started","","","TRUE","TRUE","Site QA","Floor Finishes","WING A","A.01A ENSUITE","Subfloor, Floor Preparation, Adhesive","Correct adhesive used"
"b16b1af1-d347-5ee0-94c2-e1ad4860805b","","checkpoint-group","not-started","","","FALSE","FALSE","Site QA","Floor Finishes","WING A","A.01A ENSUITE","Carpet / Vinyl"
"9367519a-16f5-5e50-9df4-9a78dafab147","","checkpoint-status","not-started","","","TRUE","TRUE","Site QA","Floor Finishes","WING A","A.01A ENSUITE","Carpet / Vinyl","Confirm area of work is accessible & acceptable to commence (If not comment below)"
"56a999cc-897a-5ca8-9d33-9ae1e57bc31a","","checkpoint-status","not-started","","","TRUE","TRUE","Site QA","Floor Finishes","WING A","A.01A ENSUITE","Carpet / Vinyl","Vinyl installed as per plan"
"a0266381-9937-5d18-bdb4-a580f04a2e13","","checkpoint-status","not-started","","","TRUE","TRUE","Site QA","Floor Finishes","WING A","A.01A ENSUITE","Carpet / Vinyl","Carpet installed as per plan"
"690892a5-f43a-5c82-8f95-3e515f60779a","","checkpoint-status","not-started","","","TRUE","TRUE","Site QA","Floor Finishes","WING A","A.01A ENSUITE","Carpet / Vinyl","Joints sealed with heat welded seams and mitres as per AS 1884-2012"
"259f7a21-858e-57ab-927d-54e8e4c32d03","","checkpoint-status","not-started","","","TRUE","TRUE","Site QA","Floor Finishes","WING A","A.01A ENSUITE","Carpet / Vinyl","Vinyl skirt and coving used as per finishes markup - 150mm height"
"9b8d5952-3599-5374-9a4c-a36deed64f46","","checkpoint-status","not-started","","","TRUE","TRUE","Site QA","Floor Finishes","WING A","A.01A ENSUITE","Carpet / Vinyl","Installer Sign Off: Carpet / Vinyl installed as per manufacturer's instructions"
"d4ee497e-5465-5693-9ea6-484a6bf4aebb","","checkpoint-status","not-started","","","TRUE","TRUE","Site QA","Floor Finishes","WING A","A.01A ENSUITE","Carpet / Vinyl","Add-Floors Sign Off"
"8a8d3d6b-c518-5bc9-95b7-1189951e0c2a","","checkpoint-status","not-started","","","TRUE","TRUE","Site QA","Floor Finishes","WING A","A.01A ENSUITE","Carpet / Vinyl","Foreman installation sign off"
"7ef5e129-396c-578c-81b1-0677203d3e4f","","checkpoint-group","not-started","","","FALSE","FALSE","Site QA","Floor Finishes","WING A","A.01A ENSUITE","Wall Finish"
"858ad112-24ef-5eaf-b12d-e6cc94c23131","","checkpoint-status","not-started","","","TRUE","TRUE","Site QA","Floor Finishes","WING A","A.01A ENSUITE","Wall Finish","Wall Finish installed as per plan"
"a0d98a54-d699-5ed1-84aa-598d1b92dd89","","checkpoint-group","not-started","","","FALSE","FALSE","Site QA","Floor Finishes","WING A","A.01A ENSUITE","Protection and Handover"
"89585298-f729-5565-b8d5-5499a4c9a097","","checkpoint-status","not-started","","","TRUE","TRUE","Site QA","Floor Finishes","WING A","A.01A ENSUITE","Protection and Handover","Installation complete, checked and reviewed - as per specification"
"6f61e089-b1ee-5f3f-b168-c3523d9ac787","","checkpoint-status","not-started","","","TRUE","TRUE","Site QA","Floor Finishes","WING A","A.01A ENSUITE","Protection and Handover","Floor protected with bubbleweave floor protection or polyweave"
"6e3f192b-c845-5993-9bdf-b0b78a576f02","","checkpoint-status","not-started","","","TRUE","TRUE","Site QA","Floor Finishes","WING A","A.01A ENSUITE","Protection and Handover","Installer Sign Off: Protection installed as per manufacturer's instructions"
"68a23f3a-1813-4292-84b5-5ac5d5d1ee42","","checklist-sectioned","not-started","5a8a68d1221a9e608c282940756e19ac2c3c1dd54ffd7888cef6f74664a05c9a","checklist","FALSE","FALSE","Site QA","Floor Finishes","WING A","A.02 ACCESS BED"
"63578ff2-a179-5ce0-add0-24dd5f0d4d55","","checkpoint-group","not-started","","","FALSE","FALSE","Site QA","Floor Finishes","WING A","A.02 ACCESS BED","Subfloor, Floor Preparation, Adhesive"
"13446def-e7dd-5111-a07e-295fa8e35d74","","checkpoint-status","not-started","","","TRUE","TRUE","Site QA","Floor Finishes","WING A","A.02 ACCESS BED","Subfloor, Floor Preparation, Adhesive","Confirm area of work is accessible & acceptable to commence (If not comment below)"
"30e5d69a-6e3d-5f58-b5f0-5ea8d55b04b5","","checkpoint-status","not-started","","","TRUE","TRUE","Site QA","Floor Finishes","WING A","A.02 ACCESS BED","Subfloor, Floor Preparation, Adhesive","Subfloor mechanically diamond ground"
"bd1bf583-8cfb-4280-896f-a6500f5a55f3","","checkpoint-status","not-started","","","TRUE","TRUE","Site QA","Floor Finishes","WING A","A.02 ACCESS BED","Subfloor, Floor Preparation, Adhesive","Floor preparation product installed in accordance with manufacturer's instructions"
"3adce6d1-8a7a-5a7b-9d63-03911129fb47","","checkpoint-status","not-started","","","TRUE","TRUE","Site QA","Floor Finishes","WING A","A.02 ACCESS BED","Subfloor, Floor Preparation, Adhesive","Floor transitions installed as per instructions from builder"
"0a2848ba-5029-4cee-9e05-272760f6be22","","checkpoint-status","not-started","","","TRUE","TRUE","Site QA","Floor Finishes","WING A","A.02 ACCESS BED","Subfloor, Floor Preparation, Adhesive","Waterproof tested for falls, and water test completed by waterproofers"
"dcfcb70e-6ca6-54e5-b754-debc9d799339","","checkpoint-status","not-started","","","TRUE","TRUE","Site QA","Floor Finishes","WING A","A.02 ACCESS BED","Subfloor, Floor Preparation, Adhesive","Correct adhesive used"
"f66bd2e4-a65d-5b38-a188-48b13dd77f0c","","checkpoint-group","not-started","","","FALSE","FALSE","Site QA","Floor Finishes","WING A","A.02 ACCESS BED","Carpet / Vinyl"
"772d0e08-3a37-5b7d-a902-5451bdf8516c","","checkpoint-status","not-started","","","TRUE","TRUE","Site QA","Floor Finishes","WING A","A.02 ACCESS BED","Carpet / Vinyl","Confirm area of work is accessible & acceptable to commence (If not comment below)"
"3d569ed5-59cc-5016-aaad-a1f0117ee260","","checkpoint-status","not-started","","","TRUE","TRUE","Site QA","Floor Finishes","WING A","A.02 ACCESS BED","Carpet / Vinyl","Vinyl installed as per plan"
"e319788f-5569-5087-861b-4cd2cd5d1a7a","","checkpoint-status","not-started","","","TRUE","TRUE","Site QA","Floor Finishes","WING A","A.02 ACCESS BED","Carpet / Vinyl","Carpet installed as per plan"
"a02b3a3e-a90d-582d-ad68-1c3dab215818","","checkpoint-status","not-started","","","TRUE","TRUE","Site QA","Floor Finishes","WING A","A.02 ACCESS BED","Carpet / Vinyl","Joints sealed with heat welded seams and mitres as per AS 1884-2012"
"a383265d-9da4-5266-9626-56b4b3215eab","","checkpoint-status","not-started","","","TRUE","TRUE","Site QA","Floor Finishes","WING A","A.02 ACCESS BED","Carpet / Vinyl","Vinyl skirt and coving used as per finishes markup - 150mm height"
"8831c731-7e4c-56be-b961-b4eefae47129","","checkpoint-status","not-started","","","TRUE","TRUE","Site QA","Floor Finishes","WING A","A.02 ACCESS BED","Carpet / Vinyl","Installer Sign Off: Carpet / Vinyl installed as per manufacturer's instructions"
"bf7c5c3d-5bbb-5043-aca5-db8bdeca3731","","checkpoint-status","not-started","","","TRUE","TRUE","Site QA","Floor Finishes","WING A","A.02 ACCESS BED","Carpet / Vinyl","Add-Floors Sign Off"
"6fca0d68-e32f-553a-a27c-5b6215822fe6","","checkpoint-status","not-started","","","TRUE","TRUE","Site QA","Floor Finishes","WING A","A.02 ACCESS BED","Carpet / Vinyl","Foreman installation sign off"
"2477eec0-14f0-5376-a866-cec979fdcd4d","","checkpoint-group","not-started","","","FALSE","FALSE","Site QA","Floor Finishes","WING A","A.02 ACCESS BED","Wall Finish"
"6faca74d-8d62-5a9e-a192-cac8287fce04","","checkpoint-status","not-started","","","TRUE","TRUE","Site QA","Floor Finishes","WING A","A.02 ACCESS BED","Wall Finish","Wall Finish installed as per plan"
"9d63baa4-0bd5-52d8-bbd6-6177b980a05c","","checkpoint-group","not-started","","","FALSE","FALSE","Site QA","Floor Finishes","WING A","A.02 ACCESS BED","Protection and Handover"
"79f7fec7-8e0c-59e9-9374-d69196d938fb","","checkpoint-status","not-started","","","TRUE","TRUE","Site QA","Floor Finishes","WING A","A.02 ACCESS BED","Protection and Handover","Installation complete, checked and reviewed - as per specification"
"75e64e9f-2e86-586d-814a-e1182b661792","","checkpoint-status","not-started","","","TRUE","TRUE","Site QA","Floor Finishes","WING A","A.02 ACCESS BED","Protection and Handover","Floor protected with bubbleweave floor protection or polyweave"
"b21ca43a-9e6d-5166-b477-81e7a189b69f","","checkpoint-status","not-started","","","TRUE","TRUE","Site QA","Floor Finishes","WING A","A.02 ACCESS BED","Protection and Handover","Installer Sign Off: Protection installed as per manufacturer's instructions"
"26aa7f4a-f52e-4446-bccc-73757922539c","","checklist-sectioned","not-started","5a8a68d1221a9e608c282940756e19ac2c3c1dd54ffd7888cef6f74664a05c9a","checklist","FALSE","FALSE","Site QA","Floor Finishes","WING A","A.02A ENSUITE"
"f7616733-75ef-521c-81ba-c71cb3822853","","checkpoint-group","not-started","","","FALSE","FALSE","Site QA","Floor Finishes","WING A","A.02A ENSUITE","Subfloor, Floor Preparation, Adhesive"
"f5ec2d56-7dda-500a-9f16-f1c77f8363fc","","checkpoint-status","not-started","","","TRUE","TRUE","Site QA","Floor Finishes","WING A","A.02A ENSUITE","Subfloor, Floor Preparation, Adhesive","Confirm area of work is accessible & acceptable to commence (If not comment below)"
"daae524f-90c4-57a8-92d8-4eb908787b4c","","checkpoint-status","not-started","","","TRUE","TRUE","Site QA","Floor Finishes","WING A","A.02A ENSUITE","Subfloor, Floor Preparation, Adhesive","Subfloor mechanically diamond ground"
"1835fd26-7478-439d-929c-b049e6bdebaa","","checkpoint-status","not-started","","","TRUE","TRUE","Site QA","Floor Finishes","WING A","A.02A ENSUITE","Subfloor, Floor Preparation, Adhesive","Floor preparation product installed in accordance with manufacturer's instructions"
"61eff411-f533-5019-ac62-d205dc3c1f29","","checkpoint-status","not-started","","","TRUE","TRUE","Site QA","Floor Finishes","WING A","A.02A ENSUITE","Subfloor, Floor Preparation, Adhesive","Floor transitions installed as per instructions from builder"
"a686f19f-2c9f-49d3-bdd7-7121d3c972d7","","checkpoint-status","not-started","","","TRUE","TRUE","Site QA","Floor Finishes","WING A","A.02A ENSUITE","Subfloor, Floor Preparation, Adhesive","Waterproof tested for falls, and water test completed by waterproofers"
"8e2dfa58-54e9-5265-89ad-bd05b1664566","","checkpoint-status","not-started","","","TRUE","TRUE","Site QA","Floor Finishes","WING A","A.02A ENSUITE","Subfloor, Floor Preparation, Adhesive","Correct adhesive used"
"cfed752b-af3c-5d08-9c18-01e631867606","","checkpoint-group","not-started","","","FALSE","FALSE","Site QA","Floor Finishes","WING A","A.02A ENSUITE","Carpet / Vinyl"
"0248304e-9907-5e01-9e39-ccb058041797","","checkpoint-status","not-started","","","TRUE","TRUE","Site QA","Floor Finishes","WING A","A.02A ENSUITE","Carpet / Vinyl","Confirm area of work is accessible & acceptable to commence (If not comment below)"
"fc7347ee-e793-5bf5-8e2e-8fa871241feb","","checkpoint-status","not-started","","","TRUE","TRUE","Site QA","Floor Finishes","WING A","A.02A ENSUITE","Carpet / Vinyl","Vinyl installed as per plan"
"1987de6e-b08c-5bea-85e0-33875b61f1b6","","checkpoint-status","not-started","","","TRUE","TRUE","Site QA","Floor Finishes","WING A","A.02A ENSUITE","Carpet / Vinyl","Carpet installed as per plan"
"c4a6b961-f2c9-5a12-8dfe-a8823a5fc074","","checkpoint-status","not-started","","","TRUE","TRUE","Site QA","Floor Finishes","WING A","A.02A ENSUITE","Carpet / Vinyl","Joints sealed with heat welded seams and mitres as per AS 1884-2012"
"31c411b4-bed4-535c-b120-59f1d2b7bc71","","checkpoint-status","not-started","","","TRUE","TRUE","Site QA","Floor Finishes","WING A","A.02A ENSUITE","Carpet / Vinyl","Vinyl skirt and coving used as per finishes markup - 150mm height"
"73bf1b6c-ad48-587f-98ca-39ab55013909","","checkpoint-status","not-started","","","TRUE","TRUE","Site QA","Floor Finishes","WING A","A.02A ENSUITE","Carpet / Vinyl","Installer Sign Off: Carpet / Vinyl installed as per manufacturer's instructions"
"b476f0b4-5955-5fd7-afef-b3996db39397","","checkpoint-status","not-started","","","TRUE","TRUE","Site QA","Floor Finishes","WING A","A.02A ENSUITE","Carpet / Vinyl","Add-Floors Sign Off"
"4999ab66-a7fe-592d-a8d6-7f80c6c1e05d","","checkpoint-status","not-started","","","TRUE","TRUE","Site QA","Floor Finishes","WING A","A.02A ENSUITE","Carpet / Vinyl","Foreman installation sign off"
"e92e0eb9-8b9b-5461-9736-b2b5ce7f5cab","","checkpoint-group","not-started","","","FALSE","FALSE","Site QA","Floor Finishes","WING A","A.02A ENSUITE","Wall Finish"
"3f90a752-cb0e-54ef-8316-a925002350fa","","checkpoint-status","not-started","","","TRUE","TRUE","Site QA","Floor Finishes","WING A","A.02A ENSUITE","Wall Finish","Wall Finish installed as per plan"
"47f3095c-453f-5831-a579-7ef24153259a","","checkpoint-group","not-started","","","FALSE","FALSE","Site QA","Floor Finishes","WING A","A.02A ENSUITE","Protection and Handover"
"82993e1d-a888-5604-986b-cd80082f5e58","","checkpoint-status","not-started","","","TRUE","TRUE","Site QA","Floor Finishes","WING A","A.02A ENSUITE","Protection and Handover","Installation complete, checked and reviewed - as per specification"
"2b6cc759-fea2-5a4b-9236-9ed163674603","","checkpoint-status","not-started","","","TRUE","TRUE","Site QA","Floor Finishes","WING A","A.02A ENSUITE","Protection and Handover","Floor protected with bubbleweave floor protection or polyweave"
"9d0f6c92-b464-503b-b969-607057cbeb4e","","checkpoint-status","not-started","","","TRUE","TRUE","Site QA","Floor Finishes","WING A","A.02A ENSUITE","Protection and Handover","Installer Sign Off: Protection installed as per manufacturer's instructions"
"8b38c065-0048-4854-aef9-e37a28380c4c","","checklist-sectioned","not-started","5a8a68d1221a9e608c282940756e19ac2c3c1dd54ffd7888cef6f74664a05c9a","checklist","FALSE","FALSE","Site QA","Floor Finishes","WING A","A.03 BED"
"b7856b42-7694-5a1a-a18f-4d8ac80b0bd3","","checkpoint-group","not-started","","","FALSE","FALSE","Site QA","Floor Finishes","WING A","A.03 BED","Subfloor, Floor Preparation, Adhesive"
"75eb257e-82e9-5f9d-9ac5-af09ad0f9f90","","checkpoint-status","not-started","","","TRUE","TRUE","Site QA","Floor Finishes","WING A","A.03 BED","Subfloor, Floor Preparation, Adhesive","Confirm area of work is accessible & acceptable to commence (If not comment below)"
"bf867d91-ad9d-5959-82d8-8750b9aed07e","","checkpoint-status","not-started","","","TRUE","TRUE","Site QA","Floor Finishes","WING A","A.03 BED","Subfloor, Floor Preparation, Adhesive","Subfloor mechanically diamond ground"
"c0a7ffc5-6689-4c41-92f6-23a7f15a00e7","","checkpoint-status","not-started","","","TRUE","TRUE","Site QA","Floor Finishes","WING A","A.03 BED","Subfloor, Floor Preparation, Adhesive","Floor preparation product installed in accordance with manufacturer's instructions"
"851b4caf-ca57-5331-9571-b737906e7603","","checkpoint-status","not-started","","","TRUE","TRUE","Site QA","Floor Finishes","WING A","A.03 BED","Subfloor, Floor Preparation, Adhesive","Floor transitions installed as per instructions from builder"
"530c0e9b-d777-4f35-baf6-c13ee85bf5b9","","checkpoint-status","not-started","","","TRUE","TRUE","Site QA","Floor Finishes","WING A","A.03 BED","Subfloor, Floor Preparation, Adhesive","Waterproof tested for falls, and water test completed by waterproofers"
"87a3c5d0-f3a2-51da-87a4-c44ac9ad0a76","","checkpoint-status","not-started","","","TRUE","TRUE","Site QA","Floor Finishes","WING A","A.03 BED","Subfloor, Floor Preparation, Adhesive","Correct adhesive used"
"53af5fd0-a6f6-5d20-84a6-0c58e5cb04a0","","checkpoint-group","not-started","","","FALSE","FALSE","Site QA","Floor Finishes","WING A","A.03 BED","Carpet / Vinyl"
"77fe385d-b70b-5831-b6b2-61efc6b9ce02","","checkpoint-status","not-started","","","TRUE","TRUE","Site QA","Floor Finishes","WING A","A.03 BED","Carpet / Vinyl","Confirm area of work is accessible & acceptable to commence (If not comment below)"
"6cc28846-3659-5c4f-ae57-1abf395f767c","","checkpoint-status","not-started","","","TRUE","TRUE","Site QA","Floor Finishes","WING A","A.03 BED","Carpet / Vinyl","Vinyl installed as per plan"
"a9300236-66db-55b9-bf10-8b9b95922306","","checkpoint-status","not-started","","","TRUE","TRUE","Site QA","Floor Finishes","WING A","A.03 BED","Carpet / Vinyl","Carpet installed as per plan"
"bf020a24-910f-52ab-990c-d5a911cbd2c4","","checkpoint-status","not-started","","","TRUE","TRUE","Site QA","Floor Finishes","WING A","A.03 BED","Carpet / Vinyl","Joints sealed with heat welded seams and mitres as per AS 1884-2012"
"c58713eb-cb78-5df4-b5a6-1dd49027b54e","","checkpoint-status","not-started","","","TRUE","TRUE","Site QA","Floor Finishes","WING A","A.03 BED","Carpet / Vinyl","Vinyl skirt and coving used as per finishes markup - 150mm height"
"3680deef-c379-5e3e-b224-6434bb73f48f","","checkpoint-status","not-started","","","TRUE","TRUE","Site QA","Floor Finishes","WING A","A.03 BED","Carpet / Vinyl","Installer Sign Off: Carpet / Vinyl installed as per manufacturer's instructions"
"23c43d33-77d5-5e5d-9d6b-0d4207432b39","","checkpoint-status","not-started","","","TRUE","TRUE","Site QA","Floor Finishes","WING A","A.03 BED","Carpet / Vinyl","Add-Floors Sign Off"
"da1443c8-f93a-5023-9bb9-22ce71932b3a","","checkpoint-status","not-started","","","TRUE","TRUE","Site QA","Floor Finishes","WING A","A.03 BED","Carpet / Vinyl","Foreman installation sign off"
"44a7e4b5-dacc-584d-8e86-1f1b3ab9f1bf","","checkpoint-group","not-started","","","FALSE","FALSE","Site QA","Floor Finishes","WING A","A.03 BED","Wall Finish"
"bd123ae1-622b-5c8f-b5dd-9a68fc95d405","","checkpoint-status","not-started","","","TRUE","TRUE","Site QA","Floor Finishes","WING A","A.03 BED","Wall Finish","Wall Finish installed as per plan"
"7e55b36f-5933-5bb9-b179-0f7fd7449cb9","","checkpoint-group","not-started","","","FALSE","FALSE","Site QA","Floor Finishes","WING A","A.03 BED","Protection and Handover"
"09e25ef6-9744-5c4c-ba05-6cb7a5395fde","","checkpoint-status","not-started","","","TRUE","TRUE","Site QA","Floor Finishes","WING A","A.03 BED","Protection and Handover","Installation complete, checked and reviewed - as per specification"
"74ba906c-ce6f-5cf2-8218-53e0e0c129e5","","checkpoint-status","not-started","","","TRUE","TRUE","Site QA","Floor Finishes","WING A","A.03 BED","Protection and Handover","Floor protected with bubbleweave floor protection or polyweave"
"d9bbd1d3-4f96-5af0-a11f-f9452e6da480","","checkpoint-status","not-started","","","TRUE","TRUE","Site QA","Floor Finishes","WING A","A.03 BED","Protection and Handover","Installer Sign Off: Protection installed as per manufacturer's instructions"
"a4a0d734-b6be-4477-89ab-c1f40ab355e7","","checklist-sectioned","not-started","5a8a68d1221a9e608c282940756e19ac2c3c1dd54ffd7888cef6f74664a05c9a","checklist","FALSE","FALSE","Site QA","Floor Finishes","WING A","A.03A ENSUITE"
"6b8ff057-d63f-55f0-90c1-d3ab8e385672","","checkpoint-group","not-started","","","FALSE","FALSE","Site QA","Floor Finishes","WING A","A.03A ENSUITE","Subfloor, Floor Preparation, Adhesive"
"0cca1e5b-0572-5951-a3be-8425de426bf1","","checkpoint-status","not-started","","","TRUE","TRUE","Site QA","Floor Finishes","WING A","A.03A ENSUITE","Subfloor, Floor Preparation, Adhesive","Confirm area of work is accessible & acceptable to commence (If not comment below)"
"ddbab868-a437-51f0-9749-c51656afcfd4","","checkpoint-status","not-started","","","TRUE","TRUE","Site QA","Floor Finishes","WING A","A.03A ENSUITE","Subfloor, Floor Preparation, Adhesive","Subfloor mechanically diamond ground"
"0a0faddf-a150-46e8-b8b1-747d679b42ff","","checkpoint-status","not-started","","","TRUE","TRUE","Site QA","Floor Finishes","WING A","A.03A ENSUITE","Subfloor, Floor Preparation, Adhesive","Floor preparation product installed in accordance with manufacturer's instructions"
"86707101-f207-5960-aab4-efc288dd25a3","","checkpoint-status","not-started","","","TRUE","TRUE","Site QA","Floor Finishes","WING A","A.03A ENSUITE","Subfloor, Floor Preparation, Adhesive","Floor transitions installed as per instructions from builder"
"1601e398-d514-4651-94c1-5dc2a86b87c6","","checkpoint-status","not-started","","","TRUE","TRUE","Site QA","Floor Finishes","WING A","A.03A ENSUITE","Subfloor, Floor Preparation, Adhesive","Waterproof tested for falls, and water test completed by waterproofers"
"48c6ef15-8e11-5649-9605-f5ea93a4f136","","checkpoint-status","not-started","","","TRUE","TRUE","Site QA","Floor Finishes","WING A","A.03A ENSUITE","Subfloor, Floor Preparation, Adhesive","Correct adhesive used"
"bcb5558e-4925-5539-8235-ca9f148fa3a0","","checkpoint-group","not-started","","","FALSE","FALSE","Site QA","Floor Finishes","WING A","A.03A ENSUITE","Carpet / Vinyl"
"98db17fa-11b1-5059-9678-df64c9ca9539","","checkpoint-status","not-started","","","TRUE","TRUE","Site QA","Floor Finishes","WING A","A.03A ENSUITE","Carpet / Vinyl","Confirm area of work is accessible & acceptable to commence (If not comment below)"
"a94de6d2-7883-5ad1-b366-7b4aa476f589","","checkpoint-status","not-started","","","TRUE","TRUE","Site QA","Floor Finishes","WING A","A.03A ENSUITE","Carpet / Vinyl","Vinyl installed as per plan"
"457ae8df-b977-54cd-9ee1-c92d6cc86457","","checkpoint-status","not-started","","","TRUE","TRUE","Site QA","Floor Finishes","WING A","A.03A ENSUITE","Carpet / Vinyl","Carpet installed as per plan"
"d3a1cd87-a75c-5f43-94f1-a75d2175fbc7","","checkpoint-status","not-started","","","TRUE","TRUE","Site QA","Floor Finishes","WING A","A.03A ENSUITE","Carpet / Vinyl","Joints sealed with heat welded seams and mitres as per AS 1884-2012"
"2fda446e-e44b-56bc-94c6-224b1cc711f3","","checkpoint-status","not-started","","","TRUE","TRUE","Site QA","Floor Finishes","WING A","A.03A ENSUITE","Carpet / Vinyl","Vinyl skirt and coving used as per finishes markup - 150mm height"
"52ef0d50-40c8-5fe0-9a80-a37eaf9460b9","","checkpoint-status","not-started","","","TRUE","TRUE","Site QA","Floor Finishes","WING A","A.03A ENSUITE","Carpet / Vinyl","Installer Sign Off: Carpet / Vinyl installed as per manufacturer's instructions"
"2c35b846-c3e2-538d-8053-e9a1bb520080","","checkpoint-status","not-started","","","TRUE","TRUE","Site QA","Floor Finishes","WING A","A.03A ENSUITE","Carpet / Vinyl","Add-Floors Sign Off"
"1669c7d1-62f8-5993-8dc4-0be36533ea0e","","checkpoint-status","not-started","","","TRUE","TRUE","Site QA","Floor Finishes","WING A","A.03A ENSUITE","Carpet / Vinyl","Foreman installation sign off"
"c5519758-f671-527b-bc9f-4cc4193e2636","","checkpoint-group","not-started","","","FALSE","FALSE","Site QA","Floor Finishes","WING A","A.03A ENSUITE","Wall Finish"
"c501ff8d-0b3f-5a27-b274-7c25410ed3dc","","checkpoint-status","not-started","","","TRUE","TRUE","Site QA","Floor Finishes","WING A","A.03A ENSUITE","Wall Finish","Wall Finish installed as per plan"
"3f9ad6d7-53df-51aa-ac0c-90561fc1ae7c","","checkpoint-group","not-started","","","FALSE","FALSE","Site QA","Floor Finishes","WING A","A.03A ENSUITE","Protection and Handover"
"618471df-0fd0-557f-bf0d-96fd01304ec7","","checkpoint-status","not-started","","","TRUE","TRUE","Site QA","Floor Finishes","WING A","A.03A ENSUITE","Protection and Handover","Installation complete, checked and reviewed - as per specification"
"93406d9e-24a3-5bca-86de-41ed65f3a003","","checkpoint-status","not-started","","","TRUE","TRUE","Site QA","Floor Finishes","WING A","A.03A ENSUITE","Protection and Handover","Floor protected with bubbleweave floor protection or polyweave"
"77385688-5001-5c1d-9c46-33ed2e5a5d1a","","checkpoint-status","not-started","","","TRUE","TRUE","Site QA","Floor Finishes","WING A","A.03A ENSUITE","Protection and Handover","Installer Sign Off: Protection installed as per manufacturer's instructions"
"4d94c6d3-38c1-43e3-a030-89e115001993","","checklist-sectioned","not-started","5a8a68d1221a9e608c282940756e19ac2c3c1dd54ffd7888cef6f74664a05c9a","checklist","FALSE","FALSE","Site QA","Floor Finishes","WING A","A.04 BED"
"e5d02edc-6a6a-5b4c-976b-f36994559af3","","checkpoint-group","not-started","","","FALSE","FALSE","Site QA","Floor Finishes","WING A","A.04 BED","Subfloor, Floor Preparation, Adhesive"
"c62741d9-4b99-5991-b39d-a785560270de","","checkpoint-status","not-started","","","TRUE","TRUE","Site QA","Floor Finishes","WING A","A.04 BED","Subfloor, Floor Preparation, Adhesive","Confirm area of work is accessible & acceptable to commence (If not comment below)"
"38db5919-c32a-5133-ab06-c89d752de1fd","","checkpoint-status","not-started","","","TRUE","TRUE","Site QA","Floor Finishes","WING A","A.04 BED","Subfloor, Floor Preparation, Adhesive","Subfloor mechanically diamond ground"
"27bd69d7-c2ce-427a-82a0-cf3f07829fd7","","checkpoint-status","not-started","","","TRUE","TRUE","Site QA","Floor Finishes","WING A","A.04 BED","Subfloor, Floor Preparation, Adhesive","Floor preparation product installed in accordance with manufacturer's instructions"
"df65e5b4-28dc-5695-95f0-d88821a0b458","","checkpoint-status","not-started","","","TRUE","TRUE","Site QA","Floor Finishes","WING A","A.04 BED","Subfloor, Floor Preparation, Adhesive","Floor transitions installed as per instructions from builder"
"541f44fc-57b2-43ef-9c27-730a64f60cbe","","checkpoint-status","not-started","","","TRUE","TRUE","Site QA","Floor Finishes","WING A","A.04 BED","Subfloor, Floor Preparation, Adhesive","Waterproof tested for falls, and water test completed by waterproofers"
"0973a593-6392-580f-97b5-0411a3639073","","checkpoint-status","not-started","","","TRUE","TRUE","Site QA","Floor Finishes","WING A","A.04 BED","Subfloor, Floor Preparation, Adhesive","Correct adhesive used"
"3bd9ae71-72b1-5878-9bcb-9d4123f9e36e","","checkpoint-group","not-started","","","FALSE","FALSE","Site QA","Floor Finishes","WING A","A.04 BED","Carpet / Vinyl"
"51453431-fa84-5e6a-b21f-62f89bafc7e6","","checkpoint-status","not-started","","","TRUE","TRUE","Site QA","Floor Finishes","WING A","A.04 BED","Carpet / Vinyl","Confirm area of work is accessible & acceptable to commence (If not comment below)"
"f018c70e-3d84-5854-a9c9-167ec0b50e44","","checkpoint-status","not-started","","","TRUE","TRUE","Site QA","Floor Finishes","WING A","A.04 BED","Carpet / Vinyl","Vinyl installed as per plan"
"bb11969c-268e-5f9b-9c1c-1e2ae0e57270","","checkpoint-status","not-started","","","TRUE","TRUE","Site QA","Floor Finishes","WING A","A.04 BED","Carpet / Vinyl","Carpet installed as per plan"
"2c36e58e-feb8-5951-9c59-73901c094756","","checkpoint-status","not-started","","","TRUE","TRUE","Site QA","Floor Finishes","WING A","A.04 BED","Carpet / Vinyl","Joints sealed with heat welded seams and mitres as per AS 1884-2012"
"5a8cb60d-c4ca-5a7d-9fe0-5c648444456c","","checkpoint-status","not-started","","","TRUE","TRUE","Site QA","Floor Finishes","WING A","A.04 BED","Carpet / Vinyl","Vinyl skirt and coving used as per finishes markup - 150mm height"
"74dbb82d-cbbf-594e-a217-dca2d82fe91b","","checkpoint-status","not-started","","","TRUE","TRUE","Site QA","Floor Finishes","WING A","A.04 BED","Carpet / Vinyl","Installer Sign Off: Carpet / Vinyl installed as per manufacturer's instructions"
"c158b679-8181-5a97-a953-ca4fc19623ea","","checkpoint-status","not-started","","","TRUE","TRUE","Site QA","Floor Finishes","WING A","A.04 BED","Carpet / Vinyl","Add-Floors Sign Off"
"68323de9-4cbb-5984-a06b-5fa43d275aba","","checkpoint-status","not-started","","","TRUE","TRUE","Site QA","Floor Finishes","WING A","A.04 BED","Carpet / Vinyl","Foreman installation sign off"
"d3291a0d-3032-5f9e-953c-957dc353d289","","checkpoint-group","not-started","","","FALSE","FALSE","Site QA","Floor Finishes","WING A","A.04 BED","Wall Finish"
"ac29ec41-141e-59e4-a801-ec2da08e51b8","","checkpoint-status","not-started","","","TRUE","TRUE","Site QA","Floor Finishes","WING A","A.04 BED","Wall Finish","Wall Finish installed as per plan"
"ae07b785-bc34-5170-b668-7101d73abceb","","checkpoint-group","not-started","","","FALSE","FALSE","Site QA","Floor Finishes","WING A","A.04 BED","Protection and Handover"
"ba317f89-994c-54b2-857a-1363905bbc11","","checkpoint-status","not-started","","","TRUE","TRUE","Site QA","Floor Finishes","WING A","A.04 BED","Protection and Handover","Installation complete, checked and reviewed - as per specification"
"e1cec3ed-5e3a-5591-a77e-c53059cf0433","","checkpoint-status","not-started","","","TRUE","TRUE","Site QA","Floor Finishes","WING A","A.04 BED","Protection and Handover","Floor protected with bubbleweave floor protection or polyweave"
"86e04780-6441-5dbf-897a-f53bc7cdd7ed","","checkpoint-status","not-started","","","TRUE","TRUE","Site QA","Floor Finishes","WING A","A.04 BED","Protection and Handover","Installer Sign Off: Protection installed as per manufacturer's instructions"
"027209e6-dfb2-4d90-9413-dae836c52691","","checklist-sectioned","not-started","5a8a68d1221a9e608c282940756e19ac2c3c1dd54ffd7888cef6f74664a05c9a","checklist","FALSE","FALSE","Site QA","Floor Finishes","WING A","A.04A ENSUITE"
"78e8a2c1-9071-53fb-9b65-3b2c1f76a5e9","","checkpoint-group","not-started","","","FALSE","FALSE","Site QA","Floor Finishes","WING A","A.04A ENSUITE","Subfloor, Floor Preparation, Adhesive"
"237ba76f-2773-5c3e-aebe-2922d6e88133","","checkpoint-status","not-started","","","TRUE","TRUE","Site QA","Floor Finishes","WING A","A.04A ENSUITE","Subfloor, Floor Preparation, Adhesive","Confirm area of work is accessible & acceptable to commence (If not comment below)"
"30d182fe-02e6-515e-88e7-c8a20df38095","","checkpoint-status","not-started","","","TRUE","TRUE","Site QA","Floor Finishes","WING A","A.04A ENSUITE","Subfloor, Floor Preparation, Adhesive","Subfloor mechanically diamond ground"
"d0a2450d-d3a0-4bbf-93d6-ac373c7ac6fb","","checkpoint-status","not-started","","","TRUE","TRUE","Site QA","Floor Finishes","WING A","A.04A ENSUITE","Subfloor, Floor Preparation, Adhesive","Floor preparation product installed in accordance with manufacturer's instructions"
"1a75caa8-344b-5d93-a8f8-ca0d4ad5b0dd","","checkpoint-status","not-started","","","TRUE","TRUE","Site QA","Floor Finishes","WING A","A.04A ENSUITE","Subfloor, Floor Preparation, Adhesive","Floor transitions installed as per instructions from builder"
"af8460d3-a06c-40e0-9159-13b42805fcb1","","checkpoint-status","not-started","","","TRUE","TRUE","Site QA","Floor Finishes","WING A","A.04A ENSUITE","Subfloor, Floor Preparation, Adhesive","Waterproof tested for falls, and water test completed by waterproofers"
"1467e934-d33c-5dd7-ab21-51d7e1959be3","","checkpoint-status","not-started","","","TRUE","TRUE","Site QA","Floor Finishes","WING A","A.04A ENSUITE","Subfloor, Floor Preparation, Adhesive","Correct adhesive used"
"b2c312eb-9055-52ff-a4d8-0073c57400d0","","checkpoint-group","not-started","","","FALSE","FALSE","Site QA","Floor Finishes","WING A","A.04A ENSUITE","Carpet / Vinyl"
"ab8a9ce4-8b90-56c3-9229-e5a9c20cd664","","checkpoint-status","not-started","","","TRUE","TRUE","Site QA","Floor Finishes","WING A","A.04A ENSUITE","Carpet / Vinyl","Confirm area of work is accessible & acceptable to commence (If not comment below)"
"33046325-cb23-517e-9cf5-13eda4bc0a47","","checkpoint-status","not-started","","","TRUE","TRUE","Site QA","Floor Finishes","WING A","A.04A ENSUITE","Carpet / Vinyl","Vinyl installed as per plan"
"3ec68252-d49f-535e-b608-37f70e653ab3","","checkpoint-status","not-started","","","TRUE","TRUE","Site QA","Floor Finishes","WING A","A.04A ENSUITE","Carpet / Vinyl","Carpet installed as per plan"
"4957e101-4e08-522c-9098-e8f920fc7186","","checkpoint-status","not-started","","","TRUE","TRUE","Site QA","Floor Finishes","WING A","A.04A ENSUITE","Carpet / Vinyl","Joints sealed with heat welded seams and mitres as per AS 1884-2012"
"d6870974-cc47-59c6-9ca7-44dc34f367e9","","checkpoint-status","not-started","","","TRUE","TRUE","Site QA","Floor Finishes","WING A","A.04A ENSUITE","Carpet / Vinyl","Vinyl skirt and coving used as per finishes markup - 150mm height"
"79497fd5-ce61-5c10-b63e-62975683a0ca","","checkpoint-status","not-started","","","TRUE","TRUE","Site QA","Floor Finishes","WING A","A.04A ENSUITE","Carpet / Vinyl","Installer Sign Off: Carpet / Vinyl installed as per manufacturer's instructions"
"b1a4f728-ff83-5bf4-8841-3cf3425970f3","","checkpoint-status","not-started","","","TRUE","TRUE","Site QA","Floor Finishes","WING A","A.04A ENSUITE","Carpet / Vinyl","Add-Floors Sign Off"
"1784b87d-e102-56b6-bbe8-e0ab7f8adec7","","checkpoint-status","not-started","","","TRUE","TRUE","Site QA","Floor Finishes","WING A","A.04A ENSUITE","Carpet / Vinyl","Foreman installation sign off"
"24a45930-25b5-5f9d-b01a-19a344121c3d","","checkpoint-group","not-started","","","FALSE","FALSE","Site QA","Floor Finishes","WING A","A.04A ENSUITE","Wall Finish"
"46f0fed2-2226-526a-addf-601bc32cc695","","checkpoint-status","not-started","","","TRUE","TRUE","Site QA","Floor Finishes","WING A","A.04A ENSUITE","Wall Finish","Wall Finish installed as per plan"
"69fc24ab-73b3-586f-895f-ba4194d5bcb0","","checkpoint-group","not-started","","","FALSE","FALSE","Site QA","Floor Finishes","WING A","A.04A ENSUITE","Protection and Handover"
"25a1a246-83cb-5979-9875-233efc7e9416","","checkpoint-status","not-started","","","TRUE","TRUE","Site QA","Floor Finishes","WING A","A.04A ENSUITE","Protection and Handover","Installation complete, checked and reviewed - as per specification"
"6a8a36c8-0474-589e-b1f6-d3467bcfad23","","checkpoint-status","not-started","","","TRUE","TRUE","Site QA","Floor Finishes","WING A","A.04A ENSUITE","Protection and Handover","Floor protected with bubbleweave floor protection or polyweave"
"a6cc26f2-ddb4-5f7f-8612-59e78aedf606","","checkpoint-status","not-started","","","TRUE","TRUE","Site QA","Floor Finishes","WING A","A.04A ENSUITE","Protection and Handover","Installer Sign Off: Protection installed as per manufacturer's instructions"
"d052f619-f059-44fe-812e-2a8b021f5c9c","","checklist-sectioned","not-started","5a8a68d1221a9e608c282940756e19ac2c3c1dd54ffd7888cef6f74664a05c9a","checklist","FALSE","FALSE","Site QA","Floor Finishes","WING A","A.05A ENSUITE"
"e7b0e390-11b2-52ab-869e-306a4225a209","","checkpoint-group","not-started","","","FALSE","FALSE","Site QA","Floor Finishes","WING A","A.05A ENSUITE","Subfloor, Floor Preparation, Adhesive"
"2b52dd24-37a5-57f3-b767-4534acfbc9bf","","checkpoint-status","not-started","","","TRUE","TRUE","Site QA","Floor Finishes","WING A","A.05A ENSUITE","Subfloor, Floor Preparation, Adhesive","Confirm area of work is accessible & acceptable to commence (If not comment below)"
"3543feeb-bd15-5f3d-9492-9416e66d9e54","","checkpoint-status","not-started","","","TRUE","TRUE","Site QA","Floor Finishes","WING A","A.05A ENSUITE","Subfloor, Floor Preparation, Adhesive","Subfloor mechanically diamond ground"
"fb736c6a-f233-4e91-aaf7-0c62e6bcc9e2","","checkpoint-status","not-started","","","TRUE","TRUE","Site QA","Floor Finishes","WING A","A.05A ENSUITE","Subfloor, Floor Preparation, Adhesive","Floor preparation product installed in accordance with manufacturer's instructions"
"bf99c8f8-6225-594d-a110-00b39c7818e5","","checkpoint-status","not-started","","","TRUE","TRUE","Site QA","Floor Finishes","WING A","A.05A ENSUITE","Subfloor, Floor Preparation, Adhesive","Floor transitions installed as per instructions from builder"
"1c4ee1a5-9767-45e2-ba27-7b604516f5cb","","checkpoint-status","not-started","","","TRUE","TRUE","Site QA","Floor Finishes","WING A","A.05A ENSUITE","Subfloor, Floor Preparation, Adhesive","Waterproof tested for falls, and water test completed by waterproofers"
"ec1150c4-540d-5bac-9b0c-2ad91ea784cc","","checkpoint-status","not-started","","","TRUE","TRUE","Site QA","Floor Finishes","WING A","A.05A ENSUITE","Subfloor, Floor Preparation, Adhesive","Correct adhesive used"
"54daff3e-ae2b-5b88-93f4-03712aeaa20b","","checkpoint-group","not-started","","","FALSE","FALSE","Site QA","Floor Finishes","WING A","A.05A ENSUITE","Carpet / Vinyl"
"f3eb7479-072f-5c2b-8c74-7924ef564f11","","checkpoint-status","not-started","","","TRUE","TRUE","Site QA","Floor Finishes","WING A","A.05A ENSUITE","Carpet / Vinyl","Confirm area of work is accessible & acceptable to commence (If not comment below)"
"f412ecb3-8961-590e-9580-3d846e2ed2aa","","checkpoint-status","not-started","","","TRUE","TRUE","Site QA","Floor Finishes","WING A","A.05A ENSUITE","Carpet / Vinyl","Vinyl installed as per plan"
"43269a52-cd65-5bba-bf89-62b4636757ce","","checkpoint-status","not-started","","","TRUE","TRUE","Site QA","Floor Finishes","WING A","A.05A ENSUITE","Carpet / Vinyl","Carpet installed as per plan"
"9bb521f0-b5a5-577a-a084-670a8fbe7452","","checkpoint-status","not-started","","","TRUE","TRUE","Site QA","Floor Finishes","WING A","A.05A ENSUITE","Carpet / Vinyl","Joints sealed with heat welded seams and mitres as per AS 1884-2012"
"d24bb449-50e5-5b9d-8e89-83d0726310ec","","checkpoint-status","not-started","","","TRUE","TRUE","Site QA","Floor Finishes","WING A","A.05A ENSUITE","Carpet / Vinyl","Vinyl skirt and coving used as per finishes markup - 150mm height"
"2d76cb65-6c28-58e2-a179-0e0da58f07f1","","checkpoint-status","not-started","","","TRUE","TRUE","Site QA","Floor Finishes","WING A","A.05A ENSUITE","Carpet / Vinyl","Installer Sign Off: Carpet / Vinyl installed as per manufacturer's instructions"
"43f6f882-06e6-5d16-8fe0-be8acc04fa6a","","checkpoint-status","not-started","","","TRUE","TRUE","Site QA","Floor Finishes","WING A","A.05A ENSUITE","Carpet / Vinyl","Add-Floors Sign Off"
"e5016e92-3c85-560c-a871-9e05b3ca3363","","checkpoint-status","not-started","","","TRUE","TRUE","Site QA","Floor Finishes","WING A","A.05A ENSUITE","Carpet / Vinyl","Foreman installation sign off"
"eaec93b4-200c-5222-bc7a-f6e64007d2e9","","checkpoint-group","not-started","","","FALSE","FALSE","Site QA","Floor Finishes","WING A","A.05A ENSUITE","Wall Finish"
"377f8e8b-ed1f-521d-8c8f-d7d5aec6e94f","","checkpoint-status","not-started","","","TRUE","TRUE","Site QA","Floor Finishes","WING A","A.05A ENSUITE","Wall Finish","Wall Finish installed as per plan"
"54210432-6d59-59fe-88c3-747d56fac84a","","checkpoint-group","not-started","","","FALSE","FALSE","Site QA","Floor Finishes","WING A","A.05A ENSUITE","Protection and Handover"
"82741c54-5c17-5260-b0bc-092bd5fba415","","checkpoint-status","not-started","","","TRUE","TRUE","Site QA","Floor Finishes","WING A","A.05A ENSUITE","Protection and Handover","Installation complete, checked and reviewed - as per specification"
"882aeaa4-0613-5b11-a665-359950e9122c","","checkpoint-status","not-started","","","TRUE","TRUE","Site QA","Floor Finishes","WING A","A.05A ENSUITE","Protection and Handover","Floor protected with bubbleweave floor protection or polyweave"
"946b2682-7163-5e8e-b06d-7a89e244bf29","","checkpoint-status","not-started","","","TRUE","TRUE","Site QA","Floor Finishes","WING A","A.05A ENSUITE","Protection and Handover","Installer Sign Off: Protection installed as per manufacturer's instructions"
"1d376c2b-48cf-41f2-8221-789b8ef30868","","checklist-sectioned","not-started","5a8a68d1221a9e608c282940756e19ac2c3c1dd54ffd7888cef6f74664a05c9a","checklist","FALSE","FALSE","Site QA","Floor Finishes","WING A","A.06 BED"
"5f46732a-493c-5618-9f11-95c25be759a0","","checkpoint-group","not-started","","","FALSE","FALSE","Site QA","Floor Finishes","WING A","A.06 BED","Subfloor, Floor Preparation, Adhesive"
"df465add-48fd-5871-9a29-5e7610e1fbbd","","checkpoint-status","not-started","","","TRUE","TRUE","Site QA","Floor Finishes","WING A","A.06 BED","Subfloor, Floor Preparation, Adhesive","Confirm area of work is accessible & acceptable to commence (If not comment below)"
"5142d499-757f-541d-aced-89172156aaa3","","checkpoint-status","not-started","","","TRUE","TRUE","Site QA","Floor Finishes","WING A","A.06 BED","Subfloor, Floor Preparation, Adhesive","Subfloor mechanically diamond ground"
"92a467cb-6e99-4793-82cf-8fed929854a3","","checkpoint-status","not-started","","","TRUE","TRUE","Site QA","Floor Finishes","WING A","A.06 BED","Subfloor, Floor Preparation, Adhesive","Floor preparation product installed in accordance with manufacturer's instructions"
"b4604d30-952e-5034-92bc-7d64ad73bbe3","","checkpoint-status","not-started","","","TRUE","TRUE","Site QA","Floor Finishes","WING A","A.06 BED","Subfloor, Floor Preparation, Adhesive","Floor transitions installed as per instructions from builder"
"bd7ee603-2f37-4abb-b5b2-d8a6e9dbe0a5","","checkpoint-status","not-started","","","TRUE","TRUE","Site QA","Floor Finishes","WING A","A.06 BED","Subfloor, Floor Preparation, Adhesive","Waterproof tested for falls, and water test completed by waterproofers"
"5cadcf01-51b3-5ce9-bd62-739735e780b1","","checkpoint-status","not-started","","","TRUE","TRUE","Site QA","Floor Finishes","WING A","A.06 BED","Subfloor, Floor Preparation, Adhesive","Correct adhesive used"
"75129336-d47c-5347-ab4e-6bbf8c130762","","checkpoint-group","not-started","","","FALSE","FALSE","Site QA","Floor Finishes","WING A","A.06 BED","Carpet / Vinyl"
"0941c1a6-826c-549f-8b33-62369c1faf70","","checkpoint-status","not-started","","","TRUE","TRUE","Site QA","Floor Finishes","WING A","A.06 BED","Carpet / Vinyl","Confirm area of work is accessible & acceptable to commence (If not comment below)"
"78f0ebc5-3fde-5641-9aab-0be14c942924","","checkpoint-status","not-started","","","TRUE","TRUE","Site QA","Floor Finishes","WING A","A.06 BED","Carpet / Vinyl","Vinyl installed as per plan"
"5e6a7c12-0f9d-597f-ab6d-382d0aed29af","","checkpoint-status","not-started","","","TRUE","TRUE","Site QA","Floor Finishes","WING A","A.06 BED","Carpet / Vinyl","Carpet installed as per plan"
"fb4441cb-0cf9-5361-897d-c5dfab9b1c98","","checkpoint-status","not-started","","","TRUE","TRUE","Site QA","Floor Finishes","WING A","A.06 BED","Carpet / Vinyl","Joints sealed with heat welded seams and mitres as per AS 1884-2012"
"1b73f89c-f260-5758-8b13-e330880b473d","","checkpoint-status","not-started","","","TRUE","TRUE","Site QA","Floor Finishes","WING A","A.06 BED","Carpet / Vinyl","Vinyl skirt and coving used as per finishes markup - 150mm height"
"1bde8c13-a197-5ad1-9b58-bef9b3ad1482","","checkpoint-status","not-started","","","TRUE","TRUE","Site QA","Floor Finishes","WING A","A.06 BED","Carpet / Vinyl","Installer Sign Off: Carpet / Vinyl installed as per manufacturer's instructions"
"694a6e47-5f7a-5e37-b2ee-ec6e87e23f28","","checkpoint-status","not-started","","","TRUE","TRUE","Site QA","Floor Finishes","WING A","A.06 BED","Carpet / Vinyl","Add-Floors Sign Off"
"4e5b0d56-ccaa-53e0-9619-e754e89460d4","","checkpoint-status","not-started","","","TRUE","TRUE","Site QA","Floor Finishes","WING A","A.06 BED","Carpet / Vinyl","Foreman installation sign off"
"515bd7dd-2789-536e-92f2-fcffa6de5c12","","checkpoint-group","not-started","","","FALSE","FALSE","Site QA","Floor Finishes","WING A","A.06 BED","Wall Finish"
"1ed09b93-b4d5-5aa8-8f8a-72a1f904caf1","","checkpoint-status","not-started","","","TRUE","TRUE","Site QA","Floor Finishes","WING A","A.06 BED","Wall Finish","Wall Finish installed as per plan"
"7a7e8377-60cb-5a45-bdb8-9b5996b253aa","","checkpoint-group","not-started","","","FALSE","FALSE","Site QA","Floor Finishes","WING A","A.06 BED","Protection and Handover"
"46ccbcca-760d-5d12-8855-9ba093768e9f","","checkpoint-status","not-started","","","TRUE","TRUE","Site QA","Floor Finishes","WING A","A.06 BED","Protection and Handover","Installation complete, checked and reviewed - as per specification"
"7a72196f-66c7-55c7-bafa-c7df9754d308","","checkpoint-status","not-started","","","TRUE","TRUE","Site QA","Floor Finishes","WING A","A.06 BED","Protection and Handover","Floor protected with bubbleweave floor protection or polyweave"
"0a13e48d-5021-5dde-b96b-16beb904b8b3","","checkpoint-status","not-started","","","TRUE","TRUE","Site QA","Floor Finishes","WING A","A.06 BED","Protection and Handover","Installer Sign Off: Protection installed as per manufacturer's instructions"
"7ace336c-fc9b-4b31-9e32-e7f9fdaaf64f","","checklist-sectioned","not-started","5a8a68d1221a9e608c282940756e19ac2c3c1dd54ffd7888cef6f74664a05c9a","checklist","FALSE","FALSE","Site QA","Floor Finishes","WING A","A.07 BED"
"ee7775f1-fd68-52f2-a539-b7e9d3f3b873","","checkpoint-group","not-started","","","FALSE","FALSE","Site QA","Floor Finishes","WING A","A.07 BED","Subfloor, Floor Preparation, Adhesive"
"cda528b0-19d7-53ee-8462-c501845d4eaa","","checkpoint-status","not-started","","","TRUE","TRUE","Site QA","Floor Finishes","WING A","A.07 BED","Subfloor, Floor Preparation, Adhesive","Confirm area of work is accessible & acceptable to commence (If not comment below)"
"3162c8fd-341d-5e52-a654-13592fa61075","","checkpoint-status","not-started","","","TRUE","TRUE","Site QA","Floor Finishes","WING A","A.07 BED","Subfloor, Floor Preparation, Adhesive","Subfloor mechanically diamond ground"
"974e2b95-77b8-4cc0-b9ab-863d1165d279","","checkpoint-status","not-started","","","TRUE","TRUE","Site QA","Floor Finishes","WING A","A.07 BED","Subfloor, Floor Preparation, Adhesive","Floor preparation product installed in accordance with manufacturer's instructions"
"e0ccc6e7-8ce3-52fa-bbef-302ef062cba5","","checkpoint-status","not-started","","","TRUE","TRUE","Site QA","Floor Finishes","WING A","A.07 BED","Subfloor, Floor Preparation, Adhesive","Floor transitions installed as per instructions from builder"
"5baa964a-66f7-453c-bff2-73c29a5b7354","","checkpoint-status","not-started","","","TRUE","TRUE","Site QA","Floor Finishes","WING A","A.07 BED","Subfloor, Floor Preparation, Adhesive","Waterproof tested for falls, and water test completed by waterproofers"
"c27e19dd-5c79-5fa9-97d5-d2099bf5bdbe","","checkpoint-status","not-started","","","TRUE","TRUE","Site QA","Floor Finishes","WING A","A.07 BED","Subfloor, Floor Preparation, Adhesive","Correct adhesive used"
"60e3010c-aef8-5f3e-ab15-4ecc8d85b931","","checkpoint-group","not-started","","","FALSE","FALSE","Site QA","Floor Finishes","WING A","A.07 BED","Carpet / Vinyl"
"914d38ec-bc08-5d55-9956-2c4c82ff763f","","checkpoint-status","not-started","","","TRUE","TRUE","Site QA","Floor Finishes","WING A","A.07 BED","Carpet / Vinyl","Confirm area of work is accessible & acceptable to commence (If not comment below)"
"791feedf-5c56-51d2-977f-514cd0f07e29","","checkpoint-status","not-started","","","TRUE","TRUE","Site QA","Floor Finishes","WING A","A.07 BED","Carpet / Vinyl","Vinyl installed as per plan"
"39e20a33-5659-56ee-9e05-ce5ae2dfb667","","checkpoint-status","not-started","","","TRUE","TRUE","Site QA","Floor Finishes","WING A","A.07 BED","Carpet / Vinyl","Carpet installed as per plan"
"436fb19c-b46a-58f8-91d7-b5e365a0ae66","","checkpoint-status","not-started","","","TRUE","TRUE","Site QA","Floor Finishes","WING A","A.07 BED","Carpet / Vinyl","Joints sealed with heat welded seams and mitres as per AS 1884-2012"
"0e2677d5-81d5-51c7-b76d-27aa8cc3bfe3","","checkpoint-status","not-started","","","TRUE","TRUE","Site QA","Floor Finishes","WING A","A.07 BED","Carpet / Vinyl","Vinyl skirt and coving used as per finishes markup - 150mm height"
"9378e187-1b7f-5781-aaa1-23bfb5dfaa70","","checkpoint-status","not-started","","","TRUE","TRUE","Site QA","Floor Finishes","WING A","A.07 BED","Carpet / Vinyl","Installer Sign Off: Carpet / Vinyl installed as per manufacturer's instructions"
"45c29d72-46b3-5541-8731-a6c6bb372dd3","","checkpoint-status","not-started","","","TRUE","TRUE","Site QA","Floor Finishes","WING A","A.07 BED","Carpet / Vinyl","Add-Floors Sign Off"
"bca827c8-8a62-54d6-a586-ba6538ef44a6","","checkpoint-status","not-started","","","TRUE","TRUE","Site QA","Floor Finishes","WING A","A.07 BED","Carpet / Vinyl","Foreman installation sign off"
"14dc9157-a8a0-5b74-85a4-afc2036e225f","","checkpoint-group","not-started","","","FALSE","FALSE","Site QA","Floor Finishes","WING A","A.07 BED","Wall Finish"
"4b6fa546-7312-5ae4-93e1-b316956792d5","","checkpoint-status","not-started","","","TRUE","TRUE","Site QA","Floor Finishes","WING A","A.07 BED","Wall Finish","Wall Finish installed as per plan"
"1d18daed-c9e1-5c19-b6e1-57d6958f2fd3","","checkpoint-group","not-started","","","FALSE","FALSE","Site QA","Floor Finishes","WING A","A.07 BED","Protection and Handover"
"8e2ae41d-e533-599c-8ed9-d2963369cdf2","","checkpoint-status","not-started","","","TRUE","TRUE","Site QA","Floor Finishes","WING A","A.07 BED","Protection and Handover","Installation complete, checked and reviewed - as per specification"
"6e8b6e2e-de4f-5f4d-99ee-27a11aea12cc","","checkpoint-status","not-started","","","TRUE","TRUE","Site QA","Floor Finishes","WING A","A.07 BED","Protection and Handover","Floor protected with bubbleweave floor protection or polyweave"
"9278adbb-7006-5eb1-b6e9-3c7db6f3882e","","checkpoint-status","not-started","","","TRUE","TRUE","Site QA","Floor Finishes","WING A","A.07 BED","Protection and Handover","Installer Sign Off: Protection installed as per manufacturer's instructions"
"e66a1012-d5ac-423c-8c6f-64f5bd17a74e","","checklist-sectioned","not-started","5a8a68d1221a9e608c282940756e19ac2c3c1dd54ffd7888cef6f74664a05c9a","checklist","FALSE","FALSE","Site QA","Floor Finishes","WING A","A.07A ENSUITE"
"7877a845-9672-5142-98bf-722ca95edf0f","","checkpoint-group","not-started","","","FALSE","FALSE","Site QA","Floor Finishes","WING A","A.07A ENSUITE","Subfloor, Floor Preparation, Adhesive"
"0a7b5446-6592-5fee-809d-88e0027e63a0","","checkpoint-status","not-started","","","TRUE","TRUE","Site QA","Floor Finishes","WING A","A.07A ENSUITE","Subfloor, Floor Preparation, Adhesive","Confirm area of work is accessible & acceptable to commence (If not comment below)"
"f6965263-a52f-5962-9c9b-3db5d4b031d5","","checkpoint-status","not-started","","","TRUE","TRUE","Site QA","Floor Finishes","WING A","A.07A ENSUITE","Subfloor, Floor Preparation, Adhesive","Subfloor mechanically diamond ground"
"a57486c5-b58a-4d99-9a26-b319c43ab894","","checkpoint-status","not-started","","","TRUE","TRUE","Site QA","Floor Finishes","WING A","A.07A ENSUITE","Subfloor, Floor Preparation, Adhesive","Floor preparation product installed in accordance with manufacturer's instructions"
"51aa53f5-274f-5829-8264-244b7ef07c3a","","checkpoint-status","not-started","","","TRUE","TRUE","Site QA","Floor Finishes","WING A","A.07A ENSUITE","Subfloor, Floor Preparation, Adhesive","Floor transitions installed as per instructions from builder"
"180f528b-ef5f-43a2-86cd-b325f0d36655","","checkpoint-status","not-started","","","TRUE","TRUE","Site QA","Floor Finishes","WING A","A.07A ENSUITE","Subfloor, Floor Preparation, Adhesive","Waterproof tested for falls, and water test completed by waterproofers"
"26c1816b-a447-5be6-b622-1f39724af4a9","","checkpoint-status","not-started","","","TRUE","TRUE","Site QA","Floor Finishes","WING A","A.07A ENSUITE","Subfloor, Floor Preparation, Adhesive","Correct adhesive used"
"2d1c4375-e3a3-5a68-b8ad-efe6f784bf56","","checkpoint-group","not-started","","","FALSE","FALSE","Site QA","Floor Finishes","WING A","A.07A ENSUITE","Carpet / Vinyl"
"98af4226-3738-5b13-a834-068f66037b3f","","checkpoint-status","not-started","","","TRUE","TRUE","Site QA","Floor Finishes","WING A","A.07A ENSUITE","Carpet / Vinyl","Confirm area of work is accessible & acceptable to commence (If not comment below)"
"4f556659-d5cc-5e4e-bed1-12339bc45a9e","","checkpoint-status","not-started","","","TRUE","TRUE","Site QA","Floor Finishes","WING A","A.07A ENSUITE","Carpet / Vinyl","Vinyl installed as per plan"
"5aa9df5c-645e-58bf-88b8-194b19591722","","checkpoint-status","not-started","","","TRUE","TRUE","Site QA","Floor Finishes","WING A","A.07A ENSUITE","Carpet / Vinyl","Carpet installed as per plan"
"b8152b51-77cb-5484-9887-b90ad34cd898","","checkpoint-status","not-started","","","TRUE","TRUE","Site QA","Floor Finishes","WING A","A.07A ENSUITE","Carpet / Vinyl","Joints sealed with heat welded seams and mitres as per AS 1884-2012"
"7af39842-886d-59c6-a06b-6eac1632afb9","","checkpoint-status","not-started","","","TRUE","TRUE","Site QA","Floor Finishes","WING A","A.07A ENSUITE","Carpet / Vinyl","Vinyl skirt and coving used as per finishes markup - 150mm height"
"bc806106-904c-57f8-9f78-5d97686c04f3","","checkpoint-status","not-started","","","TRUE","TRUE","Site QA","Floor Finishes","WING A","A.07A ENSUITE","Carpet / Vinyl","Installer Sign Off: Carpet / Vinyl installed as per manufacturer's instructions"
"9357b011-47b5-59eb-adab-9c8612ace729","","checkpoint-status","not-started","","","TRUE","TRUE","Site QA","Floor Finishes","WING A","A.07A ENSUITE","Carpet / Vinyl","Add-Floors Sign Off"
"7e9ad8bc-c41b-500f-9a56-2d9081dbf4b9","","checkpoint-status","not-started","","","TRUE","TRUE","Site QA","Floor Finishes","WING A","A.07A ENSUITE","Carpet / Vinyl","Foreman installation sign off"
"10a8f0ff-16d9-5306-8c8b-fab22f1acaba","","checkpoint-group","not-started","","","FALSE","FALSE","Site QA","Floor Finishes","WING A","A.07A ENSUITE","Wall Finish"
"1147f0aa-e5d5-5b15-b0f3-f3e56e19067b","","checkpoint-status","not-started","","","TRUE","TRUE","Site QA","Floor Finishes","WING A","A.07A ENSUITE","Wall Finish","Wall Finish installed as per plan"
"87228964-25cc-5a8d-ae70-75669677a416","","checkpoint-group","not-started","","","FALSE","FALSE","Site QA","Floor Finishes","WING A","A.07A ENSUITE","Protection and Handover"
"946ee6e6-8a5a-5dd8-9420-162585aa7717","","checkpoint-status","not-started","","","TRUE","TRUE","Site QA","Floor Finishes","WING A","A.07A ENSUITE","Protection and Handover","Installation complete, checked and reviewed - as per specification"
"1219da27-4759-53fe-ada3-7c4dc5228b17","","checkpoint-status","not-started","","","TRUE","TRUE","Site QA","Floor Finishes","WING A","A.07A ENSUITE","Protection and Handover","Floor protected with bubbleweave floor protection or polyweave"
"99659c05-5df9-59ff-b0bc-cb4686a304cb","","checkpoint-status","not-started","","","TRUE","TRUE","Site QA","Floor Finishes","WING A","A.07A ENSUITE","Protection and Handover","Installer Sign Off: Protection installed as per manufacturer's instructions"
"97b0aaa1-0458-48cf-8575-6666f5a8dc26","","checklist-sectioned","not-started","5a8a68d1221a9e608c282940756e19ac2c3c1dd54ffd7888cef6f74664a05c9a","checklist","FALSE","FALSE","Site QA","Floor Finishes","WING A","A.08 BED"
"e0a8e83b-4852-56fc-a130-5231b1f02abf","","checkpoint-group","not-started","","","FALSE","FALSE","Site QA","Floor Finishes","WING A","A.08 BED","Subfloor, Floor Preparation, Adhesive"
"c5347f25-44aa-56b3-951a-91253cfbdff6","","checkpoint-status","not-started","","","TRUE","TRUE","Site QA","Floor Finishes","WING A","A.08 BED","Subfloor, Floor Preparation, Adhesive","Confirm area of work is accessible & acceptable to commence (If not comment below)"
"b0671acc-84a5-58b2-ac13-0cdab5dc6a57","","checkpoint-status","not-started","","","TRUE","TRUE","Site QA","Floor Finishes","WING A","A.08 BED","Subfloor, Floor Preparation, Adhesive","Subfloor mechanically diamond ground"
"08a15dfa-f548-4d1c-ab17-2b3ea3972abf","","checkpoint-status","not-started","","","TRUE","TRUE","Site QA","Floor Finishes","WING A","A.08 BED","Subfloor, Floor Preparation, Adhesive","Floor preparation product installed in accordance with manufacturer's instructions"
"cf52ee07-3c13-51f2-80d3-3e8ec0fab63e","","checkpoint-status","not-started","","","TRUE","TRUE","Site QA","Floor Finishes","WING A","A.08 BED","Subfloor, Floor Preparation, Adhesive","Floor transitions installed as per instructions from builder"
"1700741e-0659-4913-bf9b-3d5a9401b236","","checkpoint-status","not-started","","","TRUE","TRUE","Site QA","Floor Finishes","WING A","A.08 BED","Subfloor, Floor Preparation, Adhesive","Waterproof tested for falls, and water test completed by waterproofers"
"a06703e0-0fd2-5fed-aed3-9d0422349716","","checkpoint-status","not-started","","","TRUE","TRUE","Site QA","Floor Finishes","WING A","A.08 BED","Subfloor, Floor Preparation, Adhesive","Correct adhesive used"
"d1d082a9-cbb6-5c6f-b6c5-b525557d9d16","","checkpoint-group","not-started","","","FALSE","FALSE","Site QA","Floor Finishes","WING A","A.08 BED","Carpet / Vinyl"
"7a2c1edc-4c5e-53e5-ac0d-c3ae467fc905","","checkpoint-status","not-started","","","TRUE","TRUE","Site QA","Floor Finishes","WING A","A.08 BED","Carpet / Vinyl","Confirm area of work is accessible & acceptable to commence (If not comment below)"
"05ef0654-0781-5fd4-889c-3531ff90e36c","","checkpoint-status","not-started","","","TRUE","TRUE","Site QA","Floor Finishes","WING A","A.08 BED","Carpet / Vinyl","Vinyl installed as per plan"
"1e96bfa9-5f30-5e8f-81c4-df76beb874c9","","checkpoint-status","not-started","","","TRUE","TRUE","Site QA","Floor Finishes","WING A","A.08 BED","Carpet / Vinyl","Carpet installed as per plan"
"b3ee5db7-8c2c-5480-8014-1731ac082598","","checkpoint-status","not-started","","","TRUE","TRUE","Site QA","Floor Finishes","WING A","A.08 BED","Carpet / Vinyl","Joints sealed with heat welded seams and mitres as per AS 1884-2012"
"49fd60b0-5745-5c83-828b-663145dd35fd","","checkpoint-status","not-started","","","TRUE","TRUE","Site QA","Floor Finishes","WING A","A.08 BED","Carpet / Vinyl","Vinyl skirt and coving used as per finishes markup - 150mm height"
"a073148c-ddfa-5b9b-9e1f-93413e2f8410","","checkpoint-status","not-started","","","TRUE","TRUE","Site QA","Floor Finishes","WING A","A.08 BED","Carpet / Vinyl","Installer Sign Off: Carpet / Vinyl installed as per manufacturer's instructions"
"f4e5f9e4-9a35-5365-81f7-7eb1e92848ae","","checkpoint-status","not-started","","","TRUE","TRUE","Site QA","Floor Finishes","WING A","A.08 BED","Carpet / Vinyl","Add-Floors Sign Off"
"30260566-2d62-5557-aef3-96b4b02109be","","checkpoint-status","not-started","","","TRUE","TRUE","Site QA","Floor Finishes","WING A","A.08 BED","Carpet / Vinyl","Foreman installation sign off"
"f9e4b0eb-04ae-599b-b03e-a72d08a7e782","","checkpoint-group","not-started","","","FALSE","FALSE","Site QA","Floor Finishes","WING A","A.08 BED","Wall Finish"
"fbe5f89b-9c1b-54b8-ae60-f004740f5d44","","checkpoint-status","not-started","","","TRUE","TRUE","Site QA","Floor Finishes","WING A","A.08 BED","Wall Finish","Wall Finish installed as per plan"
"e2479381-e5ea-5d77-adbf-ca58a46af3ff","","checkpoint-group","not-started","","","FALSE","FALSE","Site QA","Floor Finishes","WING A","A.08 BED","Protection and Handover"
"184048d0-7b93-57ba-8bd4-3ae5d64ae80e","","checkpoint-status","not-started","","","TRUE","TRUE","Site QA","Floor Finishes","WING A","A.08 BED","Protection and Handover","Installation complete, checked and reviewed - as per specification"
"02a9c01d-ba92-5175-9f11-3106a1856ba3","","checkpoint-status","not-started","","","TRUE","TRUE","Site QA","Floor Finishes","WING A","A.08 BED","Protection and Handover","Floor protected with bubbleweave floor protection or polyweave"
"37570cf9-2ffc-5c1a-8f41-24508cb3bf91","","checkpoint-status","not-started","","","TRUE","TRUE","Site QA","Floor Finishes","WING A","A.08 BED","Protection and Handover","Installer Sign Off: Protection installed as per manufacturer's instructions"
"577fa99a-b011-458a-bd24-4444271838cd","","checklist-sectioned","not-started","5a8a68d1221a9e608c282940756e19ac2c3c1dd54ffd7888cef6f74664a05c9a","checklist","FALSE","FALSE","Site QA","Floor Finishes","WING A","A.08A ENSUITE"
"41a11407-16ca-5040-97e7-38dc35b3a1be","","checkpoint-group","not-started","","","FALSE","FALSE","Site QA","Floor Finishes","WING A","A.08A ENSUITE","Subfloor, Floor Preparation, Adhesive"
"fceab412-76be-5fe3-b960-9be4048f99a3","","checkpoint-status","not-started","","","TRUE","TRUE","Site QA","Floor Finishes","WING A","A.08A ENSUITE","Subfloor, Floor Preparation, Adhesive","Confirm area of work is accessible & acceptable to commence (If not comment below)"
"96ec158b-0022-5cb8-8c35-cc5cc575e7a1","","checkpoint-status","not-started","","","TRUE","TRUE","Site QA","Floor Finishes","WING A","A.08A ENSUITE","Subfloor, Floor Preparation, Adhesive","Subfloor mechanically diamond ground"
"698729b2-ef2d-4e8c-9dc2-32f9280f2b48","","checkpoint-status","not-started","","","TRUE","TRUE","Site QA","Floor Finishes","WING A","A.08A ENSUITE","Subfloor, Floor Preparation, Adhesive","Floor preparation product installed in accordance with manufacturer's instructions"
"1f6bc3f9-757d-5f3f-9380-ee1fb77cdca6","","checkpoint-status","not-started","","","TRUE","TRUE","Site QA","Floor Finishes","WING A","A.08A ENSUITE","Subfloor, Floor Preparation, Adhesive","Floor transitions installed as per instructions from builder"
"017f194b-e2f5-47aa-9e31-7a3f2e68cf3b","","checkpoint-status","not-started","","","TRUE","TRUE","Site QA","Floor Finishes","WING A","A.08A ENSUITE","Subfloor, Floor Preparation, Adhesive","Waterproof tested for falls, and water test completed by waterproofers"
"a2c5b2bc-7c52-5c8d-9a0f-6b0168dd3896","","checkpoint-status","not-started","","","TRUE","TRUE","Site QA","Floor Finishes","WING A","A.08A ENSUITE","Subfloor, Floor Preparation, Adhesive","Correct adhesive used"
"48766934-c3b9-5470-9193-b2e7e4ad0f4a","","checkpoint-group","not-started","","","FALSE","FALSE","Site QA","Floor Finishes","WING A","A.08A ENSUITE","Carpet / Vinyl"
"952aa4b5-8b02-514f-bc6e-9b542798fb77","","checkpoint-status","not-started","","","TRUE","TRUE","Site QA","Floor Finishes","WING A","A.08A ENSUITE","Carpet / Vinyl","Confirm area of work is accessible & acceptable to commence (If not comment below)"
"1ac3fdc4-64d1-51da-9e77-0a172f320c08","","checkpoint-status","not-started","","","TRUE","TRUE","Site QA","Floor Finishes","WING A","A.08A ENSUITE","Carpet / Vinyl","Vinyl installed as per plan"
"ba064b33-f987-5fab-a438-ea6ae77cb113","","checkpoint-status","not-started","","","TRUE","TRUE","Site QA","Floor Finishes","WING A","A.08A ENSUITE","Carpet / Vinyl","Carpet installed as per plan"
"8a0da812-6731-53c0-b8a2-0a4fc211093a","","checkpoint-status","not-started","","","TRUE","TRUE","Site QA","Floor Finishes","WING A","A.08A ENSUITE","Carpet / Vinyl","Joints sealed with heat welded seams and mitres as per AS 1884-2012"
"6729f144-0912-56cc-8a55-246f3f001974","","checkpoint-status","not-started","","","TRUE","TRUE","Site QA","Floor Finishes","WING A","A.08A ENSUITE","Carpet / Vinyl","Vinyl skirt and coving used as per finishes markup - 150mm height"
"4e821379-39d2-527a-8e97-27bd1f9baea1","","checkpoint-status","not-started","","","TRUE","TRUE","Site QA","Floor Finishes","WING A","A.08A ENSUITE","Carpet / Vinyl","Installer Sign Off: Carpet / Vinyl installed as per manufacturer's instructions"
"de7bf161-e217-5701-b31b-6b35520a87dc","","checkpoint-status","not-started","","","TRUE","TRUE","Site QA","Floor Finishes","WING A","A.08A ENSUITE","Carpet / Vinyl","Add-Floors Sign Off"
"7da7f0a8-4779-5b16-9144-1d2436d4a1c4","","checkpoint-status","not-started","","","TRUE","TRUE","Site QA","Floor Finishes","WING A","A.08A ENSUITE","Carpet / Vinyl","Foreman installation sign off"
"401ea125-2b7c-5dc9-80a8-f11c9e33cd0d","","checkpoint-group","not-started","","","FALSE","FALSE","Site QA","Floor Finishes","WING A","A.08A ENSUITE","Wall Finish"
"a3a2b0b2-de12-5e01-917f-4ce5fbb451c0","","checkpoint-status","not-started","","","TRUE","TRUE","Site QA","Floor Finishes","WING A","A.08A ENSUITE","Wall Finish","Wall Finish installed as per plan"
"c317cf6f-8d2f-5b5d-bce5-85186b202f3b","","checkpoint-group","not-started","","","FALSE","FALSE","Site QA","Floor Finishes","WING A","A.08A ENSUITE","Protection and Handover"
"184f7367-b629-588f-b995-21ca53825a45","","checkpoint-status","not-started","","","TRUE","TRUE","Site QA","Floor Finishes","WING A","A.08A ENSUITE","Protection and Handover","Installation complete, checked and reviewed - as per specification"
"668c781a-a8bd-50f3-b402-22a44f825343","","checkpoint-status","not-started","","","TRUE","TRUE","Site QA","Floor Finishes","WING A","A.08A ENSUITE","Protection and Handover","Floor protected with bubbleweave floor protection or polyweave"
"d6551096-4f2a-51e7-8db5-10358d00c5e7","","checkpoint-status","not-started","","","TRUE","TRUE","Site QA","Floor Finishes","WING A","A.08A ENSUITE","Protection and Handover","Installer Sign Off: Protection installed as per manufacturer's instructions"
"303cf79c-ed13-4eb6-a7d9-6b1fe4cf25a8","","checklist-sectioned","not-started","5a8a68d1221a9e608c282940756e19ac2c3c1dd54ffd7888cef6f74664a05c9a","checklist","FALSE","FALSE","Site QA","Floor Finishes","WING A","A.12 UNISEX DISABLED WC"
"b5dccd62-9375-5090-be89-e4588128fec7","","checkpoint-group","not-started","","","FALSE","FALSE","Site QA","Floor Finishes","WING A","A.12 UNISEX DISABLED WC","Subfloor, Floor Preparation, Adhesive"
"0a06bc11-1a16-50bb-b36b-d491a270c260","","checkpoint-status","not-started","","","TRUE","TRUE","Site QA","Floor Finishes","WING A","A.12 UNISEX DISABLED WC","Subfloor, Floor Preparation, Adhesive","Confirm area of work is accessible & acceptable to commence (If not comment below)"
"5f71e5d6-6ac1-575a-a2fd-a965467e3453","","checkpoint-status","not-started","","","TRUE","TRUE","Site QA","Floor Finishes","WING A","A.12 UNISEX DISABLED WC","Subfloor, Floor Preparation, Adhesive","Subfloor mechanically diamond ground"
"18e3546d-d0f6-4b94-9a9b-c3c64ea193f5","","checkpoint-status","not-started","","","TRUE","TRUE","Site QA","Floor Finishes","WING A","A.12 UNISEX DISABLED WC","Subfloor, Floor Preparation, Adhesive","Floor preparation product installed in accordance with manufacturer's instructions"
"fbe27ad9-cc80-5558-9af9-8edb53c3dc37","","checkpoint-status","not-started","","","TRUE","TRUE","Site QA","Floor Finishes","WING A","A.12 UNISEX DISABLED WC","Subfloor, Floor Preparation, Adhesive","Floor transitions installed as per instructions from builder"
"b90304f3-712a-41a9-9639-2d35e05984b7","","checkpoint-status","not-started","","","TRUE","TRUE","Site QA","Floor Finishes","WING A","A.12 UNISEX DISABLED WC","Subfloor, Floor Preparation, Adhesive","Waterproof tested for falls, and water test completed by waterproofers"
"d757e06c-47b3-52b6-b689-418cb13eb1a7","","checkpoint-status","not-started","","","TRUE","TRUE","Site QA","Floor Finishes","WING A","A.12 UNISEX DISABLED WC","Subfloor, Floor Preparation, Adhesive","Correct adhesive used"
"f139d77b-bf42-5b19-bd82-d42ba6a0ddb7","","checkpoint-group","not-started","","","FALSE","FALSE","Site QA","Floor Finishes","WING A","A.12 UNISEX DISABLED WC","Carpet / Vinyl"
"29114ac5-d9eb-552a-8521-9e8e662b4a92","","checkpoint-status","not-started","","","TRUE","TRUE","Site QA","Floor Finishes","WING A","A.12 UNISEX DISABLED WC","Carpet / Vinyl","Confirm area of work is accessible & acceptable to commence (If not comment below)"
"ccaae55e-766c-57ea-96eb-805374d5f1ee","","checkpoint-status","not-started","","","TRUE","TRUE","Site QA","Floor Finishes","WING A","A.12 UNISEX DISABLED WC","Carpet / Vinyl","Vinyl installed as per plan"
"27b7262a-ade4-5546-ad27-441321813299","","checkpoint-status","not-started","","","TRUE","TRUE","Site QA","Floor Finishes","WING A","A.12 UNISEX DISABLED WC","Carpet / Vinyl","Carpet installed as per plan"
"852e2f1d-7443-5e97-81c9-597d1fb4a485","","checkpoint-status","not-started","","","TRUE","TRUE","Site QA","Floor Finishes","WING A","A.12 UNISEX DISABLED WC","Carpet / Vinyl","Joints sealed with heat welded seams and mitres as per AS 1884-2012"
"cacce702-97c3-5e82-a171-e357d96aa6ff","","checkpoint-status","not-started","","","TRUE","TRUE","Site QA","Floor Finishes","WING A","A.12 UNISEX DISABLED WC","Carpet / Vinyl","Vinyl skirt and coving used as per finishes markup - 150mm height"
"6a61f7d7-d0db-5736-8d5b-05a88061353e","","checkpoint-status","not-started","","","TRUE","TRUE","Site QA","Floor Finishes","WING A","A.12 UNISEX DISABLED WC","Carpet / Vinyl","Installer Sign Off: Carpet / Vinyl installed as per manufacturer's instructions"
"84e4ec99-d508-5304-b558-444af5089e99","","checkpoint-status","not-started","","","TRUE","TRUE","Site QA","Floor Finishes","WING A","A.12 UNISEX DISABLED WC","Carpet / Vinyl","Add-Floors Sign Off"
"64c304c8-8ada-50a5-ad20-5edd10bec338","","checkpoint-status","not-started","","","TRUE","TRUE","Site QA","Floor Finishes","WING A","A.12 UNISEX DISABLED WC","Carpet / Vinyl","Foreman installation sign off"
"e6c70606-2f47-53e8-91bd-c5e2b354e86d","","checkpoint-group","not-started","","","FALSE","FALSE","Site QA","Floor Finishes","WING A","A.12 UNISEX DISABLED WC","Wall Finish"
"863bdc6d-2bc0-5ce2-b518-ef30601e3bcc","","checkpoint-status","not-started","","","TRUE","TRUE","Site QA","Floor Finishes","WING A","A.12 UNISEX DISABLED WC","Wall Finish","Wall Finish installed as per plan"
"e3ffb049-75a2-5714-ab4f-67b9ab09ffaa","","checkpoint-group","not-started","","","FALSE","FALSE","Site QA","Floor Finishes","WING A","A.12 UNISEX DISABLED WC","Protection and Handover"
"fb4a402c-1bb7-5601-8a05-5b15322f8526","","checkpoint-status","not-started","","","TRUE","TRUE","Site QA","Floor Finishes","WING A","A.12 UNISEX DISABLED WC","Protection and Handover","Installation complete, checked and reviewed - as per specification"
"8a8eeab3-3a2d-59da-bdb1-77e84fa00cf7","","checkpoint-status","not-started","","","TRUE","TRUE","Site QA","Floor Finishes","WING A","A.12 UNISEX DISABLED WC","Protection and Handover","Floor protected with bubbleweave floor protection or polyweave"
"a038632d-0aaa-51af-8933-ef37bd1addbc","","checkpoint-status","not-started","","","TRUE","TRUE","Site QA","Floor Finishes","WING A","A.12 UNISEX DISABLED WC","Protection and Handover","Installer Sign Off: Protection installed as per manufacturer's instructions"
"a055624e-afd7-4e64-91b6-48cd0479ea49","","checklist-sectioned","not-started","5a8a68d1221a9e608c282940756e19ac2c3c1dd54ffd7888cef6f74664a05c9a","checklist","FALSE","FALSE","Site QA","Floor Finishes","WING A","A.13 CLEAN UTILITY"
"71d0bdc3-0b66-5878-aec2-9868ab1049ff","","checkpoint-group","not-started","","","FALSE","FALSE","Site QA","Floor Finishes","WING A","A.13 CLEAN UTILITY","Subfloor, Floor Preparation, Adhesive"
"d0831f20-6db3-5611-831e-2b6e68121f28","","checkpoint-status","not-started","","","TRUE","TRUE","Site QA","Floor Finishes","WING A","A.13 CLEAN UTILITY","Subfloor, Floor Preparation, Adhesive","Confirm area of work is accessible & acceptable to commence (If not comment below)"
"801d1e2c-de59-5dcc-9196-6fefe69b3d31","","checkpoint-status","not-started","","","TRUE","TRUE","Site QA","Floor Finishes","WING A","A.13 CLEAN UTILITY","Subfloor, Floor Preparation, Adhesive","Subfloor mechanically diamond ground"
"46bf0926-3fd6-48db-80f6-e0ca7a2b1917","","checkpoint-status","not-started","","","TRUE","TRUE","Site QA","Floor Finishes","WING A","A.13 CLEAN UTILITY","Subfloor, Floor Preparation, Adhesive","Floor preparation product installed in accordance with manufacturer's instructions"
"67551f98-267e-5b72-ae73-782045676fc1","","checkpoint-status","not-started","","","TRUE","TRUE","Site QA","Floor Finishes","WING A","A.13 CLEAN UTILITY","Subfloor, Floor Preparation, Adhesive","Floor transitions installed as per instructions from builder"
"db61ceaf-ae24-4d42-a223-0288fa35e438","","checkpoint-status","not-started","","","TRUE","TRUE","Site QA","Floor Finishes","WING A","A.13 CLEAN UTILITY","Subfloor, Floor Preparation, Adhesive","Waterproof tested for falls, and water test completed by waterproofers"
"68e7ba24-7c27-5225-ab43-9701ec6d9bf1","","checkpoint-status","not-started","","","TRUE","TRUE","Site QA","Floor Finishes","WING A","A.13 CLEAN UTILITY","Subfloor, Floor Preparation, Adhesive","Correct adhesive used"
"679966c7-779b-5e76-9089-76b1841350f3","","checkpoint-group","not-started","","","FALSE","FALSE","Site QA","Floor Finishes","WING A","A.13 CLEAN UTILITY","Carpet / Vinyl"
"6a3b5100-4b1e-59a6-b98e-0154bad40fb6","","checkpoint-status","not-started","","","TRUE","TRUE","Site QA","Floor Finishes","WING A","A.13 CLEAN UTILITY","Carpet / Vinyl","Confirm area of work is accessible & acceptable to commence (If not comment below)"
"b8b96836-ed38-5901-9637-45edb087b8f8","","checkpoint-status","not-started","","","TRUE","TRUE","Site QA","Floor Finishes","WING A","A.13 CLEAN UTILITY","Carpet / Vinyl","Vinyl installed as per plan"
"a8f9104a-e9cc-58b9-80dc-99cfedd288e2","","checkpoint-status","not-started","","","TRUE","TRUE","Site QA","Floor Finishes","WING A","A.13 CLEAN UTILITY","Carpet / Vinyl","Carpet installed as per plan"
"2e402c92-5150-511c-bbc5-99338f28e70a","","checkpoint-status","not-started","","","TRUE","TRUE","Site QA","Floor Finishes","WING A","A.13 CLEAN UTILITY","Carpet / Vinyl","Joints sealed with heat welded seams and mitres as per AS 1884-2012"
"da4635be-31c3-529a-ae89-a608cec03dc3","","checkpoint-status","not-started","","","TRUE","TRUE","Site QA","Floor Finishes","WING A","A.13 CLEAN UTILITY","Carpet / Vinyl","Vinyl skirt and coving used as per finishes markup - 150mm height"
"40ab757f-10ae-5d9d-9d32-319edda18ade","","checkpoint-status","not-started","","","TRUE","TRUE","Site QA","Floor Finishes","WING A","A.13 CLEAN UTILITY","Carpet / Vinyl","Installer Sign Off: Carpet / Vinyl installed as per manufacturer's instructions"
"8e6dfb12-d899-5bfa-be93-6cb29f051533","","checkpoint-status","not-started","","","TRUE","TRUE","Site QA","Floor Finishes","WING A","A.13 CLEAN UTILITY","Carpet / Vinyl","Add-Floors Sign Off"
"44e49a7d-9c6b-59f6-a4df-b14cc62eaa9e","","checkpoint-status","not-started","","","TRUE","TRUE","Site QA","Floor Finishes","WING A","A.13 CLEAN UTILITY","Carpet / Vinyl","Foreman installation sign off"
"45f860b2-dc72-554d-82b6-e82184c1abd0","","checkpoint-group","not-started","","","FALSE","FALSE","Site QA","Floor Finishes","WING A","A.13 CLEAN UTILITY","Wall Finish"
"31d09286-94d8-57c4-8f46-4f80d33f0c29","","checkpoint-status","not-started","","","TRUE","TRUE","Site QA","Floor Finishes","WING A","A.13 CLEAN UTILITY","Wall Finish","Wall Finish installed as per plan"
"98e6e50b-6ec7-54b4-8104-9f416af9c0ba","","checkpoint-group","not-started","","","FALSE","FALSE","Site QA","Floor Finishes","WING A","A.13 CLEAN UTILITY","Protection and Handover"
"93095f6d-52f1-5cef-aca8-8ad6e5d610e4","","checkpoint-status","not-started","","","TRUE","TRUE","Site QA","Floor Finishes","WING A","A.13 CLEAN UTILITY","Protection and Handover","Installation complete, checked and reviewed - as per specification"
"97b6cafa-c74a-5bdf-9824-a6f86150534a","","checkpoint-status","not-started","","","TRUE","TRUE","Site QA","Floor Finishes","WING A","A.13 CLEAN UTILITY","Protection and Handover","Floor protected with bubbleweave floor protection or polyweave"
"4080ac04-35e3-5e41-8ec9-df76526e4de6","","checkpoint-status","not-started","","","TRUE","TRUE","Site QA","Floor Finishes","WING A","A.13 CLEAN UTILITY","Protection and Handover","Installer Sign Off: Protection installed as per manufacturer's instructions"
"81aaf1e6-652c-42f7-bf93-b257f08a9a49","","checklist-sectioned","not-started","5a8a68d1221a9e608c282940756e19ac2c3c1dd54ffd7888cef6f74664a05c9a","checklist","FALSE","FALSE","Site QA","Floor Finishes","WING A","A.14 NURSES STATION"
"d653e3b9-822a-5c4f-803b-a1f321bb177e","","checkpoint-group","not-started","","","FALSE","FALSE","Site QA","Floor Finishes","WING A","A.14 NURSES STATION","Subfloor, Floor Preparation, Adhesive"
"7494297b-4d7f-54d6-aa19-8c2ac2bc35d6","","checkpoint-status","not-started","","","TRUE","TRUE","Site QA","Floor Finishes","WING A","A.14 NURSES STATION","Subfloor, Floor Preparation, Adhesive","Confirm area of work is accessible & acceptable to commence (If not comment below)"
"5200b436-236c-507f-9b4e-14a3bcc1b299","","checkpoint-status","not-started","","","TRUE","TRUE","Site QA","Floor Finishes","WING A","A.14 NURSES STATION","Subfloor, Floor Preparation, Adhesive","Subfloor mechanically diamond ground"
"eed391b5-9809-4675-8464-c415ca69849b","","checkpoint-status","not-started","","","TRUE","TRUE","Site QA","Floor Finishes","WING A","A.14 NURSES STATION","Subfloor, Floor Preparation, Adhesive","Floor preparation product installed in accordance with manufacturer's instructions"
"3c3332e1-3ec9-5cf6-bcd6-1c1559ec0b6c","","checkpoint-status","not-started","","","TRUE","TRUE","Site QA","Floor Finishes","WING A","A.14 NURSES STATION","Subfloor, Floor Preparation, Adhesive","Floor transitions installed as per instructions from builder"
"1e1b8850-22e6-479a-8e62-bd677c6fef9b","","checkpoint-status","not-started","","","TRUE","TRUE","Site QA","Floor Finishes","WING A","A.14 NURSES STATION","Subfloor, Floor Preparation, Adhesive","Waterproof tested for falls, and water test completed by waterproofers"
"dd16f3c2-93c5-581c-a92a-2f512afbc6ad","","checkpoint-status","not-started","","","TRUE","TRUE","Site QA","Floor Finishes","WING A","A.14 NURSES STATION","Subfloor, Floor Preparation, Adhesive","Correct adhesive used"
"db4f2f3c-4fa7-5c0d-befc-cd6134929247","","checkpoint-group","not-started","","","FALSE","FALSE","Site QA","Floor Finishes","WING A","A.14 NURSES STATION","Carpet / Vinyl"
"39ce8560-1582-559d-8ce3-76d20c18eea0","","checkpoint-status","not-started","","","TRUE","TRUE","Site QA","Floor Finishes","WING A","A.14 NURSES STATION","Carpet / Vinyl","Confirm area of work is accessible & acceptable to commence (If not comment below)"
"72c3dd04-1198-5d05-9e9e-8042f4379481","","checkpoint-status","not-started","","","TRUE","TRUE","Site QA","Floor Finishes","WING A","A.14 NURSES STATION","Carpet / Vinyl","Vinyl installed as per plan"
"1fedf6dd-4159-5e8f-b8da-ffe0fca77c8d","","checkpoint-status","not-started","","","TRUE","TRUE","Site QA","Floor Finishes","WING A","A.14 NURSES STATION","Carpet / Vinyl","Carpet installed as per plan"
"bd6e15d8-5187-522d-84e9-8a460be2822f","","checkpoint-status","not-started","","","TRUE","TRUE","Site QA","Floor Finishes","WING A","A.14 NURSES STATION","Carpet / Vinyl","Joints sealed with heat welded seams and mitres as per AS 1884-2012"
"ccfb93bb-6665-5316-82ab-966884e36c7a","","checkpoint-status","not-started","","","TRUE","TRUE","Site QA","Floor Finishes","WING A","A.14 NURSES STATION","Carpet / Vinyl","Vinyl skirt and coving used as per finishes markup - 150mm height"
"2f4aa120-bf3b-52cb-a262-e84905c27cc7","","checkpoint-status","not-started","","","TRUE","TRUE","Site QA","Floor Finishes","WING A","A.14 NURSES STATION","Carpet / Vinyl","Installer Sign Off: Carpet / Vinyl installed as per manufacturer's instructions"
"6f536440-9ca9-59b3-b928-51729bcdab5a","","checkpoint-status","not-started","","","TRUE","TRUE","Site QA","Floor Finishes","WING A","A.14 NURSES STATION","Carpet / Vinyl","Add-Floors Sign Off"
"67ebab97-4f07-5fe7-b4f9-eab2b4edbc81","","checkpoint-status","not-started","","","TRUE","TRUE","Site QA","Floor Finishes","WING A","A.14 NURSES STATION","Carpet / Vinyl","Foreman installation sign off"
"bafc9d16-5543-5075-a678-6be8437efdb7","","checkpoint-group","not-started","","","FALSE","FALSE","Site QA","Floor Finishes","WING A","A.14 NURSES STATION","Wall Finish"
"2382e173-f2ef-51b2-9cfe-5b745d4a802d","","checkpoint-status","not-started","","","TRUE","TRUE","Site QA","Floor Finishes","WING A","A.14 NURSES STATION","Wall Finish","Wall Finish installed as per plan"
"6f5281cb-b479-551d-a741-746f4e03a8f6","","checkpoint-group","not-started","","","FALSE","FALSE","Site QA","Floor Finishes","WING A","A.14 NURSES STATION","Protection and Handover"
"82493850-b5b7-51d3-9538-dc676914cc10","","checkpoint-status","not-started","","","TRUE","TRUE","Site QA","Floor Finishes","WING A","A.14 NURSES STATION","Protection and Handover","Installation complete, checked and reviewed - as per specification"
"70be9bff-1b89-5119-b0ae-60a0b2f90d8e","","checkpoint-status","not-started","","","TRUE","TRUE","Site QA","Floor Finishes","WING A","A.14 NURSES STATION","Protection and Handover","Floor protected with bubbleweave floor protection or polyweave"
"09930226-1e51-55b7-a552-0cd69819a7f8","","checkpoint-status","not-started","","","TRUE","TRUE","Site QA","Floor Finishes","WING A","A.14 NURSES STATION","Protection and Handover","Installer Sign Off: Protection installed as per manufacturer's instructions"
"1cad9c18-3de8-4ed5-8605-a75b0e5e1519","","checklist-sectioned","not-started","5a8a68d1221a9e608c282940756e19ac2c3c1dd54ffd7888cef6f74664a05c9a","checklist","FALSE","FALSE","Site QA","Floor Finishes","WING A","A.15 BED"
"15374814-7668-5f45-9e25-a59dd5a2dbfb","","checkpoint-group","not-started","","","FALSE","FALSE","Site QA","Floor Finishes","WING A","A.15 BED","Subfloor, Floor Preparation, Adhesive"
"0ddd97d8-4626-5101-9979-ae223b15626a","","checkpoint-status","not-started","","","TRUE","TRUE","Site QA","Floor Finishes","WING A","A.15 BED","Subfloor, Floor Preparation, Adhesive","Confirm area of work is accessible & acceptable to commence (If not comment below)"
"2b3ab8f5-61ee-5117-bd07-04270d00686f","","checkpoint-status","not-started","","","TRUE","TRUE","Site QA","Floor Finishes","WING A","A.15 BED","Subfloor, Floor Preparation, Adhesive","Subfloor mechanically diamond ground"
"80c418df-c333-444d-869f-3a2904e34259","","checkpoint-status","not-started","","","TRUE","TRUE","Site QA","Floor Finishes","WING A","A.15 BED","Subfloor, Floor Preparation, Adhesive","Floor preparation product installed in accordance with manufacturer's instructions"
"36b03fca-196d-5c29-91ea-1eb805bb57a3","","checkpoint-status","not-started","","","TRUE","TRUE","Site QA","Floor Finishes","WING A","A.15 BED","Subfloor, Floor Preparation, Adhesive","Floor transitions installed as per instructions from builder"
"ddfb3bfa-63eb-4653-a07a-6baa3338b4bf","","checkpoint-status","not-started","","","TRUE","TRUE","Site QA","Floor Finishes","WING A","A.15 BED","Subfloor, Floor Preparation, Adhesive","Waterproof tested for falls, and water test completed by waterproofers"
"c5a84207-cf51-5cae-8298-339808b4e4fa","","checkpoint-status","not-started","","","TRUE","TRUE","Site QA","Floor Finishes","WING A","A.15 BED","Subfloor, Floor Preparation, Adhesive","Correct adhesive used"
"385ebbf1-5c94-5d61-8823-2909b692058c","","checkpoint-group","not-started","","","FALSE","FALSE","Site QA","Floor Finishes","WING A","A.15 BED","Carpet / Vinyl"
"3a8b4a61-9c4e-53e0-8fa9-d2dd348e6d1f","","checkpoint-status","not-started","","","TRUE","TRUE","Site QA","Floor Finishes","WING A","A.15 BED","Carpet / Vinyl","Confirm area of work is accessible & acceptable to commence (If not comment below)"
"1bcb9a09-1325-5e3e-9c7c-19dc781a0355","","checkpoint-status","not-started","","","TRUE","TRUE","Site QA","Floor Finishes","WING A","A.15 BED","Carpet / Vinyl","Vinyl installed as per plan"
"bfea795f-9928-5a1b-b2d2-d49f0fa26b42","","checkpoint-status","not-started","","","TRUE","TRUE","Site QA","Floor Finishes","WING A","A.15 BED","Carpet / Vinyl","Carpet installed as per plan"
"282ce247-1d90-5c42-bb95-fd505c86707b","","checkpoint-status","not-started","","","TRUE","TRUE","Site QA","Floor Finishes","WING A","A.15 BED","Carpet / Vinyl","Joints sealed with heat welded seams and mitres as per AS 1884-2012"
"749cf868-5290-5554-9060-b35ef9e933b4","","checkpoint-status","not-started","","","TRUE","TRUE","Site QA","Floor Finishes","WING A","A.15 BED","Carpet / Vinyl","Vinyl skirt and coving used as per finishes markup - 150mm height"
"0a719215-ac1d-586c-8d2a-f968fdfde4d2","","checkpoint-status","not-started","","","TRUE","TRUE","Site QA","Floor Finishes","WING A","A.15 BED","Carpet / Vinyl","Installer Sign Off: Carpet / Vinyl installed as per manufacturer's instructions"
"91f01eb7-c8b5-5ccc-93cc-027b8215f57c","","checkpoint-status","not-started","","","TRUE","TRUE","Site QA","Floor Finishes","WING A","A.15 BED","Carpet / Vinyl","Add-Floors Sign Off"
"628a0053-a24a-5fb4-a21b-be8f85483a0e","","checkpoint-status","not-started","","","TRUE","TRUE","Site QA","Floor Finishes","WING A","A.15 BED","Carpet / Vinyl","Foreman installation sign off"
"0c53c415-1e75-54dc-ab15-00713af6ae8e","","checkpoint-group","not-started","","","FALSE","FALSE","Site QA","Floor Finishes","WING A","A.15 BED","Wall Finish"
"562847df-29ba-5451-93bd-8173a09943e6","","checkpoint-status","not-started","","","TRUE","TRUE","Site QA","Floor Finishes","WING A","A.15 BED","Wall Finish","Wall Finish installed as per plan"
"811f0a1b-4fc0-5277-a27d-754572519f32","","checkpoint-group","not-started","","","FALSE","FALSE","Site QA","Floor Finishes","WING A","A.15 BED","Protection and Handover"
"13b86a2a-de24-535d-b035-882214a3f086","","checkpoint-status","not-started","","","TRUE","TRUE","Site QA","Floor Finishes","WING A","A.15 BED","Protection and Handover","Installation complete, checked and reviewed - as per specification"
"d2b20ae2-4ec3-527f-b026-7a7c248423a6","","checkpoint-status","not-started","","","TRUE","TRUE","Site QA","Floor Finishes","WING A","A.15 BED","Protection and Handover","Floor protected with bubbleweave floor protection or polyweave"
"f901dfa2-d3d0-5520-ad69-7315afad2bf5","","checkpoint-status","not-started","","","TRUE","TRUE","Site QA","Floor Finishes","WING A","A.15 BED","Protection and Handover","Installer Sign Off: Protection installed as per manufacturer's instructions"
"0fd68fc7-c91c-4908-bd6a-cdb71ac46bfb","","checklist-sectioned","not-started","5a8a68d1221a9e608c282940756e19ac2c3c1dd54ffd7888cef6f74664a05c9a","checklist","FALSE","FALSE","Site QA","Floor Finishes","WING A","A.15A ENSUITE"
"11076a9d-fe3d-5ece-8cee-3e50c15b160c","","checkpoint-group","not-started","","","FALSE","FALSE","Site QA","Floor Finishes","WING A","A.15A ENSUITE","Subfloor, Floor Preparation, Adhesive"
"e2c0b6f6-9c77-5795-843c-8f2dcb817427","","checkpoint-status","not-started","","","TRUE","TRUE","Site QA","Floor Finishes","WING A","A.15A ENSUITE","Subfloor, Floor Preparation, Adhesive","Confirm area of work is accessible & acceptable to commence (If not comment below)"
"acca76f8-2e0f-5479-b50b-ceaadbd9fe60","","checkpoint-status","not-started","","","TRUE","TRUE","Site QA","Floor Finishes","WING A","A.15A ENSUITE","Subfloor, Floor Preparation, Adhesive","Subfloor mechanically diamond ground"
"a1c93c73-5d01-47c2-8a9f-ad6a4d0564f0","","checkpoint-status","not-started","","","TRUE","TRUE","Site QA","Floor Finishes","WING A","A.15A ENSUITE","Subfloor, Floor Preparation, Adhesive","Floor preparation product installed in accordance with manufacturer's instructions"
"d91cac88-cb52-5ab0-9b27-efeb949ddc2a","","checkpoint-status","not-started","","","TRUE","TRUE","Site QA","Floor Finishes","WING A","A.15A ENSUITE","Subfloor, Floor Preparation, Adhesive","Floor transitions installed as per instructions from builder"
"21e75b01-9713-4820-ba6f-20d00f521bcf","","checkpoint-status","not-started","","","TRUE","TRUE","Site QA","Floor Finishes","WING A","A.15A ENSUITE","Subfloor, Floor Preparation, Adhesive","Waterproof tested for falls, and water test completed by waterproofers"
"0ecd3824-a00b-5771-acad-95380f49ed4d","","checkpoint-status","not-started","","","TRUE","TRUE","Site QA","Floor Finishes","WING A","A.15A ENSUITE","Subfloor, Floor Preparation, Adhesive","Correct adhesive used"
"d48034fb-2b25-55ca-8c3e-8750602dadc1","","checkpoint-group","not-started","","","FALSE","FALSE","Site QA","Floor Finishes","WING A","A.15A ENSUITE","Carpet / Vinyl"
"40cdd0b2-a88c-58bd-9797-3482fc388e6b","","checkpoint-status","not-started","","","TRUE","TRUE","Site QA","Floor Finishes","WING A","A.15A ENSUITE","Carpet / Vinyl","Confirm area of work is accessible & acceptable to commence (If not comment below)"
"f47f5639-8a67-58ef-b122-bac2a1bea14d","","checkpoint-status","not-started","","","TRUE","TRUE","Site QA","Floor Finishes","WING A","A.15A ENSUITE","Carpet / Vinyl","Vinyl installed as per plan"
"ac8685e4-212c-5e85-9a2d-5d601d747481","","checkpoint-status","not-started","","","TRUE","TRUE","Site QA","Floor Finishes","WING A","A.15A ENSUITE","Carpet / Vinyl","Carpet installed as per plan"
"9eac6de3-47e6-5d4c-b4a9-c17742c6b49c","","checkpoint-status","not-started","","","TRUE","TRUE","Site QA","Floor Finishes","WING A","A.15A ENSUITE","Carpet / Vinyl","Joints sealed with heat welded seams and mitres as per AS 1884-2012"
"93d9edc1-4c03-58a4-b75b-1acd4077f073","","checkpoint-status","not-started","","","TRUE","TRUE","Site QA","Floor Finishes","WING A","A.15A ENSUITE","Carpet / Vinyl","Vinyl skirt and coving used as per finishes markup - 150mm height"
"7dd3cdd2-9705-599c-846d-1765f7a23d72","","checkpoint-status","not-started","","","TRUE","TRUE","Site QA","Floor Finishes","WING A","A.15A ENSUITE","Carpet / Vinyl","Installer Sign Off: Carpet / Vinyl installed as per manufacturer's instructions"
"ce54b1d7-917b-5d6c-a57e-49f953f009cc","","checkpoint-status","not-started","","","TRUE","TRUE","Site QA","Floor Finishes","WING A","A.15A ENSUITE","Carpet / Vinyl","Add-Floors Sign Off"
"8a79063a-436d-5789-9428-c511266ab9b4","","checkpoint-status","not-started","","","TRUE","TRUE","Site QA","Floor Finishes","WING A","A.15A ENSUITE","Carpet / Vinyl","Foreman installation sign off"
"f185395e-29b8-550c-a122-7367d837d6ed","","checkpoint-group","not-started","","","FALSE","FALSE","Site QA","Floor Finishes","WING A","A.15A ENSUITE","Wall Finish"
"6a7465b5-b7f2-5267-8677-24a2f0862b0f","","checkpoint-status","not-started","","","TRUE","TRUE","Site QA","Floor Finishes","WING A","A.15A ENSUITE","Wall Finish","Wall Finish installed as per plan"
"cb4bb3a7-d337-5f25-b196-9e1029622308","","checkpoint-group","not-started","","","FALSE","FALSE","Site QA","Floor Finishes","WING A","A.15A ENSUITE","Protection and Handover"
"21083b90-d2ba-57e0-be3a-d6c487e2d6bb","","checkpoint-status","not-started","","","TRUE","TRUE","Site QA","Floor Finishes","WING A","A.15A ENSUITE","Protection and Handover","Installation complete, checked and reviewed - as per specification"
"19e51cc0-0720-531a-9001-96d3beee684c","","checkpoint-status","not-started","","","TRUE","TRUE","Site QA","Floor Finishes","WING A","A.15A ENSUITE","Protection and Handover","Floor protected with bubbleweave floor protection or polyweave"
"6b6f1fb3-5823-50e0-80db-2c23e66f1c37","","checkpoint-status","not-started","","","TRUE","TRUE","Site QA","Floor Finishes","WING A","A.15A ENSUITE","Protection and Handover","Installer Sign Off: Protection installed as per manufacturer's instructions"
"a29c77ab-cbf0-48e3-889c-35913850968d","","checklist-sectioned","not-started","5a8a68d1221a9e608c282940756e19ac2c3c1dd54ffd7888cef6f74664a05c9a","checklist","FALSE","FALSE","Site QA","Floor Finishes","WING A","A.16 BED"
"8dca076c-adc6-5df0-9470-1f0b6004aa2e","","checkpoint-group","not-started","","","FALSE","FALSE","Site QA","Floor Finishes","WING A","A.16 BED","Subfloor, Floor Preparation, Adhesive"
"e5aa1049-9967-5d04-846f-7da91d039ff6","","checkpoint-status","not-started","","","TRUE","TRUE","Site QA","Floor Finishes","WING A","A.16 BED","Subfloor, Floor Preparation, Adhesive","Confirm area of work is accessible & acceptable to commence (If not comment below)"
"10a493dd-92cf-5bcd-8ae3-de8610844200","","checkpoint-status","not-started","","","TRUE","TRUE","Site QA","Floor Finishes","WING A","A.16 BED","Subfloor, Floor Preparation, Adhesive","Subfloor mechanically diamond ground"
"829b4444-4f03-4faf-814f-395dd6485fe1","","checkpoint-status","not-started","","","TRUE","TRUE","Site QA","Floor Finishes","WING A","A.16 BED","Subfloor, Floor Preparation, Adhesive","Floor preparation product installed in accordance with manufacturer's instructions"
"b2bf3f46-cdcf-5a69-9547-5bedbd1eff38","","checkpoint-status","not-started","","","TRUE","TRUE","Site QA","Floor Finishes","WING A","A.16 BED","Subfloor, Floor Preparation, Adhesive","Floor transitions installed as per instructions from builder"
"87e0084e-d5aa-417d-b86b-687ee7a7914b","","checkpoint-status","not-started","","","TRUE","TRUE","Site QA","Floor Finishes","WING A","A.16 BED","Subfloor, Floor Preparation, Adhesive","Waterproof tested for falls, and water test completed by waterproofers"
"56544c73-e523-5774-a827-a02e97c2637f","","checkpoint-status","not-started","","","TRUE","TRUE","Site QA","Floor Finishes","WING A","A.16 BED","Subfloor, Floor Preparation, Adhesive","Correct adhesive used"
"0df1324c-02d1-52a9-b8bd-452afc7d21d3","","checkpoint-group","not-started","","","FALSE","FALSE","Site QA","Floor Finishes","WING A","A.16 BED","Carpet / Vinyl"
"e83c5791-b0e4-5ef4-8e73-2cbf95b15ce8","","checkpoint-status","not-started","","","TRUE","TRUE","Site QA","Floor Finishes","WING A","A.16 BED","Carpet / Vinyl","Confirm area of work is accessible & acceptable to commence (If not comment below)"
"ab84758b-1527-5a51-a8b1-9977f678048e","","checkpoint-status","not-started","","","TRUE","TRUE","Site QA","Floor Finishes","WING A","A.16 BED","Carpet / Vinyl","Vinyl installed as per plan"
"2ec77d0c-5ca5-589a-968a-e173340d3a3d","","checkpoint-status","not-started","","","TRUE","TRUE","Site QA","Floor Finishes","WING A","A.16 BED","Carpet / Vinyl","Carpet installed as per plan"
"dbeb42b4-128c-52e5-88e6-a65b9125700d","","checkpoint-status","not-started","","","TRUE","TRUE","Site QA","Floor Finishes","WING A","A.16 BED","Carpet / Vinyl","Joints sealed with heat welded seams and mitres as per AS 1884-2012"
"e142399b-e298-518d-9e90-6ca1dca95585","","checkpoint-status","not-started","","","TRUE","TRUE","Site QA","Floor Finishes","WING A","A.16 BED","Carpet / Vinyl","Vinyl skirt and coving used as per finishes markup - 150mm height"
"1e000abc-cfc3-5a7c-8799-30927b5f4c3d","","checkpoint-status","not-started","","","TRUE","TRUE","Site QA","Floor Finishes","WING A","A.16 BED","Carpet / Vinyl","Installer Sign Off: Carpet / Vinyl installed as per manufacturer's instructions"
"28c2b9b3-0a9b-5741-9bc2-6076b6bde616","","checkpoint-status","not-started","","","TRUE","TRUE","Site QA","Floor Finishes","WING A","A.16 BED","Carpet / Vinyl","Add-Floors Sign Off"
"ef5cf095-754d-5a84-a8f4-14d1963044fb","","checkpoint-status","not-started","","","TRUE","TRUE","Site QA","Floor Finishes","WING A","A.16 BED","Carpet / Vinyl","Foreman installation sign off"
"08e6aaa5-f00d-5e49-8ede-1a1b291c696f","","checkpoint-group","not-started","","","FALSE","FALSE","Site QA","Floor Finishes","WING A","A.16 BED","Wall Finish"
"27c96ee1-da7d-56e4-83e4-7fe9b2cebe95","","checkpoint-status","not-started","","","TRUE","TRUE","Site QA","Floor Finishes","WING A","A.16 BED","Wall Finish","Wall Finish installed as per plan"
"e1aca9ce-ae50-5185-a87c-21e529dae394","","checkpoint-group","not-started","","","FALSE","FALSE","Site QA","Floor Finishes","WING A","A.16 BED","Protection and Handover"
"a8cc3d52-f6a7-52b9-a9a7-f870c7f5c242","","checkpoint-status","not-started","","","TRUE","TRUE","Site QA","Floor Finishes","WING A","A.16 BED","Protection and Handover","Installation complete, checked and reviewed - as per specification"
"b1bed6cc-ef7f-5368-9d96-4a172304b284","","checkpoint-status","not-started","","","TRUE","TRUE","Site QA","Floor Finishes","WING A","A.16 BED","Protection and Handover","Floor protected with bubbleweave floor protection or polyweave"
"d73835e5-d8d6-54ab-b1ac-433202714a33","","checkpoint-status","not-started","","","TRUE","TRUE","Site QA","Floor Finishes","WING A","A.16 BED","Protection and Handover","Installer Sign Off: Protection installed as per manufacturer's instructions"
"5ba40c79-db94-4e5c-b7a8-b42b6e46f752","","checklist-sectioned","not-started","5a8a68d1221a9e608c282940756e19ac2c3c1dd54ffd7888cef6f74664a05c9a","checklist","FALSE","FALSE","Site QA","Floor Finishes","WING A","A.17 BED"
"c4e69d34-53ae-5c06-a6c2-0bca95b879d3","","checkpoint-group","not-started","","","FALSE","FALSE","Site QA","Floor Finishes","WING A","A.17 BED","Subfloor, Floor Preparation, Adhesive"
"8ffcec43-ce91-5c8a-84b1-4608a565403f","","checkpoint-status","not-started","","","TRUE","TRUE","Site QA","Floor Finishes","WING A","A.17 BED","Subfloor, Floor Preparation, Adhesive","Confirm area of work is accessible & acceptable to commence (If not comment below)"
"a4776e1d-dc20-50d3-b3b5-78275e29f1ca","","checkpoint-status","not-started","","","TRUE","TRUE","Site QA","Floor Finishes","WING A","A.17 BED","Subfloor, Floor Preparation, Adhesive","Subfloor mechanically diamond ground"
"7435c264-6e73-4b86-bea5-e519ed3cdd7a","","checkpoint-status","not-started","","","TRUE","TRUE","Site QA","Floor Finishes","WING A","A.17 BED","Subfloor, Floor Preparation, Adhesive","Floor preparation product installed in accordance with manufacturer's instructions"
"67edc4c3-b844-5aa6-9c46-757578da1444","","checkpoint-status","not-started","","","TRUE","TRUE","Site QA","Floor Finishes","WING A","A.17 BED","Subfloor, Floor Preparation, Adhesive","Floor transitions installed as per instructions from builder"
"9553d94a-7172-4c9b-9c05-a475f2cae711","","checkpoint-status","not-started","","","TRUE","TRUE","Site QA","Floor Finishes","WING A","A.17 BED","Subfloor, Floor Preparation, Adhesive","Waterproof tested for falls, and water test completed by waterproofers"
"22766518-06c4-5de4-9d8d-b45075576d42","","checkpoint-status","not-started","","","TRUE","TRUE","Site QA","Floor Finishes","WING A","A.17 BED","Subfloor, Floor Preparation, Adhesive","Correct adhesive used"
"fe8e18fe-8cd4-5c44-b3b0-f3271625a6aa","","checkpoint-group","not-started","","","FALSE","FALSE","Site QA","Floor Finishes","WING A","A.17 BED","Carpet / Vinyl"
"28c9e168-f887-5c39-8a02-049769414ccb","","checkpoint-status","not-started","","","TRUE","TRUE","Site QA","Floor Finishes","WING A","A.17 BED","Carpet / Vinyl","Confirm area of work is accessible & acceptable to commence (If not comment below)"
"e46f1514-9198-583a-a78a-0d70dd6abc23","","checkpoint-status","not-started","","","TRUE","TRUE","Site QA","Floor Finishes","WING A","A.17 BED","Carpet / Vinyl","Vinyl installed as per plan"
"889a0aa9-e427-5a1a-8473-e186137dc4ff","","checkpoint-status","not-started","","","TRUE","TRUE","Site QA","Floor Finishes","WING A","A.17 BED","Carpet / Vinyl","Carpet installed as per plan"
"5e4a4fa4-0951-53d5-88a3-f86fe3c0d382","","checkpoint-status","not-started","","","TRUE","TRUE","Site QA","Floor Finishes","WING A","A.17 BED","Carpet / Vinyl","Joints sealed with heat welded seams and mitres as per AS 1884-2012"
"204beb60-0a44-55e3-a81b-31040dd59d93","","checkpoint-status","not-started","","","TRUE","TRUE","Site QA","Floor Finishes","WING A","A.17 BED","Carpet / Vinyl","Vinyl skirt and coving used as per finishes markup - 150mm height"
"fbe80a84-baea-543b-8bb5-64e7785c784e","","checkpoint-status","not-started","","","TRUE","TRUE","Site QA","Floor Finishes","WING A","A.17 BED","Carpet / Vinyl","Installer Sign Off: Carpet / Vinyl installed as per manufacturer's instructions"
"1e7111f9-5ea4-5766-8533-78d8900bba8d","","checkpoint-status","not-started","","","TRUE","TRUE","Site QA","Floor Finishes","WING A","A.17 BED","Carpet / Vinyl","Add-Floors Sign Off"
"0e2a0419-720b-5219-b58a-b8f6ad495ad0","","checkpoint-status","not-started","","","TRUE","TRUE","Site QA","Floor Finishes","WING A","A.17 BED","Carpet / Vinyl","Foreman installation sign off"
"6421ae31-6950-56a3-8ffe-613784cec836","","checkpoint-group","not-started","","","FALSE","FALSE","Site QA","Floor Finishes","WING A","A.17 BED","Wall Finish"
"011438b0-677b-5bd4-9ad2-78f19a0bb147","","checkpoint-status","not-started","","","TRUE","TRUE","Site QA","Floor Finishes","WING A","A.17 BED","Wall Finish","Wall Finish installed as per plan"
"d5facb91-e501-5f48-a90a-f86ca8821635","","checkpoint-group","not-started","","","FALSE","FALSE","Site QA","Floor Finishes","WING A","A.17 BED","Protection and Handover"
"be933a1b-0400-54a0-a84e-5a8699df5b47","","checkpoint-status","not-started","","","TRUE","TRUE","Site QA","Floor Finishes","WING A","A.17 BED","Protection and Handover","Installation complete, checked and reviewed - as per specification"
"b1e5d184-9192-50bd-8686-1f2c3dd18e1a","","checkpoint-status","not-started","","","TRUE","TRUE","Site QA","Floor Finishes","WING A","A.17 BED","Protection and Handover","Floor protected with bubbleweave floor protection or polyweave"
"c7753618-40b5-5c4b-98ac-f593c6c3af4b","","checkpoint-status","not-started","","","TRUE","TRUE","Site QA","Floor Finishes","WING A","A.17 BED","Protection and Handover","Installer Sign Off: Protection installed as per manufacturer's instructions"
"1232e230-85ae-4469-a25b-60a0e34d17ed","","checklist-sectioned","not-started","5a8a68d1221a9e608c282940756e19ac2c3c1dd54ffd7888cef6f74664a05c9a","checklist","FALSE","FALSE","Site QA","Floor Finishes","WING A","A.17A ENSUITE"
"b0705898-b1b1-5ee0-836b-0bf87ae8e157","","checkpoint-group","not-started","","","FALSE","FALSE","Site QA","Floor Finishes","WING A","A.17A ENSUITE","Subfloor, Floor Preparation, Adhesive"
"d522fd71-c54f-5b27-982f-362a5a922cea","","checkpoint-status","not-started","","","TRUE","TRUE","Site QA","Floor Finishes","WING A","A.17A ENSUITE","Subfloor, Floor Preparation, Adhesive","Confirm area of work is accessible & acceptable to commence (If not comment below)"
"6b42ae93-dbaf-5fd4-9319-c50f1206f22c","","checkpoint-status","not-started","","","TRUE","TRUE","Site QA","Floor Finishes","WING A","A.17A ENSUITE","Subfloor, Floor Preparation, Adhesive","Subfloor mechanically diamond ground"
"ea544905-1284-42d0-939c-51dfadf0c979","","checkpoint-status","not-started","","","TRUE","TRUE","Site QA","Floor Finishes","WING A","A.17A ENSUITE","Subfloor, Floor Preparation, Adhesive","Floor preparation product installed in accordance with manufacturer's instructions"
"93d58cd6-902f-5d5b-b244-7be25324f94e","","checkpoint-status","not-started","","","TRUE","TRUE","Site QA","Floor Finishes","WING A","A.17A ENSUITE","Subfloor, Floor Preparation, Adhesive","Floor transitions installed as per instructions from builder"
"6927a49d-21f0-4509-abf7-de47bf4d4b31","","checkpoint-status","not-started","","","TRUE","TRUE","Site QA","Floor Finishes","WING A","A.17A ENSUITE","Subfloor, Floor Preparation, Adhesive","Waterproof tested for falls, and water test completed by waterproofers"
"e99bca45-3da7-5712-b1b5-385d0daff247","","checkpoint-status","not-started","","","TRUE","TRUE","Site QA","Floor Finishes","WING A","A.17A ENSUITE","Subfloor, Floor Preparation, Adhesive","Correct adhesive used"
"2b505705-282b-58e1-a7b6-09c5b1ecb70e","","checkpoint-group","not-started","","","FALSE","FALSE","Site QA","Floor Finishes","WING A","A.17A ENSUITE","Carpet / Vinyl"
"3bfecd4c-e219-50c6-8cf1-49d4b295a94f","","checkpoint-status","not-started","","","TRUE","TRUE","Site QA","Floor Finishes","WING A","A.17A ENSUITE","Carpet / Vinyl","Confirm area of work is accessible & acceptable to commence (If not comment below)"
"5d586d9a-a3c3-574b-a515-e615a13c35f3","","checkpoint-status","not-started","","","TRUE","TRUE","Site QA","Floor Finishes","WING A","A.17A ENSUITE","Carpet / Vinyl","Vinyl installed as per plan"
"7f38daf3-8d26-557a-91cb-fb796411cc42","","checkpoint-status","not-started","","","TRUE","TRUE","Site QA","Floor Finishes","WING A","A.17A ENSUITE","Carpet / Vinyl","Carpet installed as per plan"
"a202fffe-a04c-5af8-8569-07a8c94827fb","","checkpoint-status","not-started","","","TRUE","TRUE","Site QA","Floor Finishes","WING A","A.17A ENSUITE","Carpet / Vinyl","Joints sealed with heat welded seams and mitres as per AS 1884-2012"
"2687ea11-6383-5c44-b896-b7ead4237bd3","","checkpoint-status","not-started","","","TRUE","TRUE","Site QA","Floor Finishes","WING A","A.17A ENSUITE","Carpet / Vinyl","Vinyl skirt and coving used as per finishes markup - 150mm height"
"0e184ed0-b58c-5dbf-9df1-c5c5bf4f3602","","checkpoint-status","not-started","","","TRUE","TRUE","Site QA","Floor Finishes","WING A","A.17A ENSUITE","Carpet / Vinyl","Installer Sign Off: Carpet / Vinyl installed as per manufacturer's instructions"
"a96495be-e88e-58fb-b5d1-603d1e2d47a3","","checkpoint-status","not-started","","","TRUE","TRUE","Site QA","Floor Finishes","WING A","A.17A ENSUITE","Carpet / Vinyl","Add-Floors Sign Off"
"9769ecea-ae3e-5015-95a8-33f80c490bdf","","checkpoint-status","not-started","","","TRUE","TRUE","Site QA","Floor Finishes","WING A","A.17A ENSUITE","Carpet / Vinyl","Foreman installation sign off"
"0e5a2551-58e6-5735-b310-85996ecdfb7c","","checkpoint-group","not-started","","","FALSE","FALSE","Site QA","Floor Finishes","WING A","A.17A ENSUITE","Wall Finish"
"1ff250ca-12ea-5c41-877c-6b4840b01e00","","checkpoint-status","not-started","","","TRUE","TRUE","Site QA","Floor Finishes","WING A","A.17A ENSUITE","Wall Finish","Wall Finish installed as per plan"
"fae20175-e81e-5d6f-a1ec-b7878e277317","","checkpoint-group","not-started","","","FALSE","FALSE","Site QA","Floor Finishes","WING A","A.17A ENSUITE","Protection and Handover"
"f8fa0329-ef63-51e3-aaea-ea832d26e38c","","checkpoint-status","not-started","","","TRUE","TRUE","Site QA","Floor Finishes","WING A","A.17A ENSUITE","Protection and Handover","Installation complete, checked and reviewed - as per specification"
"a68c4eb1-96cf-5358-a49e-9d02f704eb1a","","checkpoint-status","not-started","","","TRUE","TRUE","Site QA","Floor Finishes","WING A","A.17A ENSUITE","Protection and Handover","Floor protected with bubbleweave floor protection or polyweave"
"898c384c-0c23-590c-9156-e9780e247efe","","checkpoint-status","not-started","","","TRUE","TRUE","Site QA","Floor Finishes","WING A","A.17A ENSUITE","Protection and Handover","Installer Sign Off: Protection installed as per manufacturer's instructions"
"b2d5f3de-c3e2-46c5-bc9e-8c7bc4c16705","","checklist-sectioned","not-started","5a8a68d1221a9e608c282940756e19ac2c3c1dd54ffd7888cef6f74664a05c9a","checklist","FALSE","FALSE","Site QA","Floor Finishes","WING A","A.18 BED"
"bd7a0d09-c48e-556c-ae66-fa4c640bb8e9","","checkpoint-group","not-started","","","FALSE","FALSE","Site QA","Floor Finishes","WING A","A.18 BED","Subfloor, Floor Preparation, Adhesive"
"93a47fa2-6bd8-588e-8d79-4d1f09870ecf","","checkpoint-status","not-started","","","TRUE","TRUE","Site QA","Floor Finishes","WING A","A.18 BED","Subfloor, Floor Preparation, Adhesive","Confirm area of work is accessible & acceptable to commence (If not comment below)"
"25de41a6-39a5-59c6-b5de-bd9d17f5cf23","","checkpoint-status","not-started","","","TRUE","TRUE","Site QA","Floor Finishes","WING A","A.18 BED","Subfloor, Floor Preparation, Adhesive","Subfloor mechanically diamond ground"
"e286a595-aec2-4548-8db7-dd0ae67e3af0","","checkpoint-status","not-started","","","TRUE","TRUE","Site QA","Floor Finishes","WING A","A.18 BED","Subfloor, Floor Preparation, Adhesive","Floor preparation product installed in accordance with manufacturer's instructions"
"4dc602d4-993b-5b4f-9b69-55728f5a4513","","checkpoint-status","not-started","","","TRUE","TRUE","Site QA","Floor Finishes","WING A","A.18 BED","Subfloor, Floor Preparation, Adhesive","Floor transitions installed as per instructions from builder"
"b12c40ec-7cfc-4273-9f6b-3e33f28188c5","","checkpoint-status","not-started","","","TRUE","TRUE","Site QA","Floor Finishes","WING A","A.18 BED","Subfloor, Floor Preparation, Adhesive","Waterproof tested for falls, and water test completed by waterproofers"
"32e655a1-bcdd-53e3-ab4e-b2d3fc76a7d0","","checkpoint-status","not-started","","","TRUE","TRUE","Site QA","Floor Finishes","WING A","A.18 BED","Subfloor, Floor Preparation, Adhesive","Correct adhesive used"
"a8ed0d6a-88d9-5a0e-85bf-4f33eb91c750","","checkpoint-group","not-started","","","FALSE","FALSE","Site QA","Floor Finishes","WING A","A.18 BED","Carpet / Vinyl"
"e2dc4ddd-fc62-55f7-92ce-d5a03f93fd04","","checkpoint-status","not-started","","","TRUE","TRUE","Site QA","Floor Finishes","WING A","A.18 BED","Carpet / Vinyl","Confirm area of work is accessible & acceptable to commence (If not comment below)"
"0cd964a2-a95d-52db-8e1c-2cda7492ffc9","","checkpoint-status","not-started","","","TRUE","TRUE","Site QA","Floor Finishes","WING A","A.18 BED","Carpet / Vinyl","Vinyl installed as per plan"
"dfc1ef72-b4c3-594b-8d95-c5b63138463f","","checkpoint-status","not-started","","","TRUE","TRUE","Site QA","Floor Finishes","WING A","A.18 BED","Carpet / Vinyl","Carpet installed as per plan"
"4692a74c-35e7-5103-aaac-d68869c91677","","checkpoint-status","not-started","","","TRUE","TRUE","Site QA","Floor Finishes","WING A","A.18 BED","Carpet / Vinyl","Joints sealed with heat welded seams and mitres as per AS 1884-2012"
"d1271b77-f6e5-5d35-bf4a-9892dcc22178","","checkpoint-status","not-started","","","TRUE","TRUE","Site QA","Floor Finishes","WING A","A.18 BED","Carpet / Vinyl","Vinyl skirt and coving used as per finishes markup - 150mm height"
"3349dcb7-1a9a-5e8e-91ed-6d2bf77dd88e","","checkpoint-status","not-started","","","TRUE","TRUE","Site QA","Floor Finishes","WING A","A.18 BED","Carpet / Vinyl","Installer Sign Off: Carpet / Vinyl installed as per manufacturer's instructions"
"41d77e9f-0320-51c1-8485-2ee0c24e9b05","","checkpoint-status","not-started","","","TRUE","TRUE","Site QA","Floor Finishes","WING A","A.18 BED","Carpet / Vinyl","Add-Floors Sign Off"
"8f729422-4b07-501f-81d8-2ab0b1a30af3","","checkpoint-status","not-started","","","TRUE","TRUE","Site QA","Floor Finishes","WING A","A.18 BED","Carpet / Vinyl","Foreman installation sign off"
"e2327924-35e8-5fcc-9e45-1248fb1aaff3","","checkpoint-group","not-started","","","FALSE","FALSE","Site QA","Floor Finishes","WING A","A.18 BED","Wall Finish"
"f85aa90a-dcb1-5e65-aa26-72de2ee1b8ff","","checkpoint-status","not-started","","","TRUE","TRUE","Site QA","Floor Finishes","WING A","A.18 BED","Wall Finish","Wall Finish installed as per plan"
"5565c023-f8ae-5774-9ec2-f296a0aca395","","checkpoint-group","not-started","","","FALSE","FALSE","Site QA","Floor Finishes","WING A","A.18 BED","Protection and Handover"
"cd6ca1c0-badc-5acb-8707-96e2727f8232","","checkpoint-status","not-started","","","TRUE","TRUE","Site QA","Floor Finishes","WING A","A.18 BED","Protection and Handover","Installation complete, checked and reviewed - as per specification"
"c9738364-df19-5689-a08b-c1034bc718b8","","checkpoint-status","not-started","","","TRUE","TRUE","Site QA","Floor Finishes","WING A","A.18 BED","Protection and Handover","Floor protected with bubbleweave floor protection or polyweave"
"d40ad50b-c761-5636-8687-295706378662","","checkpoint-status","not-started","","","TRUE","TRUE","Site QA","Floor Finishes","WING A","A.18 BED","Protection and Handover","Installer Sign Off: Protection installed as per manufacturer's instructions"
"c30682c3-db9d-41ee-8393-a0320bba14a1","","checklist-sectioned","not-started","5a8a68d1221a9e608c282940756e19ac2c3c1dd54ffd7888cef6f74664a05c9a","checklist","FALSE","FALSE","Site QA","Floor Finishes","WING A","A.18A ENSUITE"
"15a451b9-63b6-5599-9caf-32bf24dbc788","","checkpoint-group","not-started","","","FALSE","FALSE","Site QA","Floor Finishes","WING A","A.18A ENSUITE","Subfloor, Floor Preparation, Adhesive"
"1ca424cf-54a2-5aa0-855f-eebe6708d342","","checkpoint-status","not-started","","","TRUE","TRUE","Site QA","Floor Finishes","WING A","A.18A ENSUITE","Subfloor, Floor Preparation, Adhesive","Confirm area of work is accessible & acceptable to commence (If not comment below)"
"49b91444-14dd-560b-9bb8-c53eade0e6bb","","checkpoint-status","not-started","","","TRUE","TRUE","Site QA","Floor Finishes","WING A","A.18A ENSUITE","Subfloor, Floor Preparation, Adhesive","Subfloor mechanically diamond ground"
"2cbb96d3-2dd9-4030-917b-09fd58f73397","","checkpoint-status","not-started","","","TRUE","TRUE","Site QA","Floor Finishes","WING A","A.18A ENSUITE","Subfloor, Floor Preparation, Adhesive","Floor preparation product installed in accordance with manufacturer's instructions"
"e894cf6b-479b-5450-8de2-206cfd15c683","","checkpoint-status","not-started","","","TRUE","TRUE","Site QA","Floor Finishes","WING A","A.18A ENSUITE","Subfloor, Floor Preparation, Adhesive","Floor transitions installed as per instructions from builder"
"8ec2d808-1716-4e87-a84c-faa214b43b5d","","checkpoint-status","not-started","","","TRUE","TRUE","Site QA","Floor Finishes","WING A","A.18A ENSUITE","Subfloor, Floor Preparation, Adhesive","Waterproof tested for falls, and water test completed by waterproofers"
"e64168f8-9a69-5972-91a1-c269a6a79fd4","","checkpoint-status","not-started","","","TRUE","TRUE","Site QA","Floor Finishes","WING A","A.18A ENSUITE","Subfloor, Floor Preparation, Adhesive","Correct adhesive used"
"e60c2634-76d5-5a28-aa29-b743951604fd","","checkpoint-group","not-started","","","FALSE","FALSE","Site QA","Floor Finishes","WING A","A.18A ENSUITE","Carpet / Vinyl"
"5abf0bfb-a810-5375-8dba-1c6e3ed8a60f","","checkpoint-status","not-started","","","TRUE","TRUE","Site QA","Floor Finishes","WING A","A.18A ENSUITE","Carpet / Vinyl","Confirm area of work is accessible & acceptable to commence (If not comment below)"
"f1404f6c-b54b-5198-b3cc-85e4f3aa29d5","","checkpoint-status","not-started","","","TRUE","TRUE","Site QA","Floor Finishes","WING A","A.18A ENSUITE","Carpet / Vinyl","Vinyl installed as per plan"
"f4a7b8d9-24b6-55c9-98e3-805e1821b3e9","","checkpoint-status","not-started","","","TRUE","TRUE","Site QA","Floor Finishes","WING A","A.18A ENSUITE","Carpet / Vinyl","Carpet installed as per plan"
"ece47acc-c354-5d9d-905f-7d144febaf58","","checkpoint-status","not-started","","","TRUE","TRUE","Site QA","Floor Finishes","WING A","A.18A ENSUITE","Carpet / Vinyl","Joints sealed with heat welded seams and mitres as per AS 1884-2012"
"4478f020-6a42-5777-973d-abf772760119","","checkpoint-status","not-started","","","TRUE","TRUE","Site QA","Floor Finishes","WING A","A.18A ENSUITE","Carpet / Vinyl","Vinyl skirt and coving used as per finishes markup - 150mm height"
"17985d6e-08cb-5146-b3ea-3b5c6b886094","","checkpoint-status","not-started","","","TRUE","TRUE","Site QA","Floor Finishes","WING A","A.18A ENSUITE","Carpet / Vinyl","Installer Sign Off: Carpet / Vinyl installed as per manufacturer's instructions"
"30a540a9-88be-54f1-b4a6-2b641aa0bab9","","checkpoint-status","not-started","","","TRUE","TRUE","Site QA","Floor Finishes","WING A","A.18A ENSUITE","Carpet / Vinyl","Add-Floors Sign Off"
"2d19fe59-db98-5d4d-888c-7b59b442448f","","checkpoint-status","not-started","","","TRUE","TRUE","Site QA","Floor Finishes","WING A","A.18A ENSUITE","Carpet / Vinyl","Foreman installation sign off"
"4a407ddf-b625-524a-8014-3252d7e5aef1","","checkpoint-group","not-started","","","FALSE","FALSE","Site QA","Floor Finishes","WING A","A.18A ENSUITE","Wall Finish"
"5ed6be7f-de75-5bce-ad89-c0234fe90c17","","checkpoint-status","not-started","","","TRUE","TRUE","Site QA","Floor Finishes","WING A","A.18A ENSUITE","Wall Finish","Wall Finish installed as per plan"
"4918d0ce-6de1-5c32-b919-8fd1c9bd340c","","checkpoint-group","not-started","","","FALSE","FALSE","Site QA","Floor Finishes","WING A","A.18A ENSUITE","Protection and Handover"
"8df0a155-5319-5b9c-8d39-ff8c440ede16","","checkpoint-status","not-started","","","TRUE","TRUE","Site QA","Floor Finishes","WING A","A.18A ENSUITE","Protection and Handover","Installation complete, checked and reviewed - as per specification"
"29111aa9-d725-58b5-b495-d44b3e286aeb","","checkpoint-status","not-started","","","TRUE","TRUE","Site QA","Floor Finishes","WING A","A.18A ENSUITE","Protection and Handover","Floor protected with bubbleweave floor protection or polyweave"
"0871f375-7d75-58ef-b2ce-db2b5fe1e755","","checkpoint-status","not-started","","","TRUE","TRUE","Site QA","Floor Finishes","WING A","A.18A ENSUITE","Protection and Handover","Installer Sign Off: Protection installed as per manufacturer's instructions"
"3c4b19fe-6ab7-4930-9e19-66b6eb23631d","","checklist-sectioned","not-started","5a8a68d1221a9e608c282940756e19ac2c3c1dd54ffd7888cef6f74664a05c9a","checklist","FALSE","FALSE","Site QA","Floor Finishes","WING A","A.20 STORE"
"5c775067-b251-5409-b7b0-6df13a49db62","","checkpoint-group","not-started","","","FALSE","FALSE","Site QA","Floor Finishes","WING A","A.20 STORE","Subfloor, Floor Preparation, Adhesive"
"be592a3f-702d-5511-9b1b-e29f7ef7fd0f","","checkpoint-status","not-started","","","TRUE","TRUE","Site QA","Floor Finishes","WING A","A.20 STORE","Subfloor, Floor Preparation, Adhesive","Confirm area of work is accessible & acceptable to commence (If not comment below)"
"0ac31cb1-2777-5b61-b863-6edd453a0314","","checkpoint-status","not-started","","","TRUE","TRUE","Site QA","Floor Finishes","WING A","A.20 STORE","Subfloor, Floor Preparation, Adhesive","Subfloor mechanically diamond ground"
"2a878414-db30-423e-8b5f-1a17ed0e2e90","","checkpoint-status","not-started","","","TRUE","TRUE","Site QA","Floor Finishes","WING A","A.20 STORE","Subfloor, Floor Preparation, Adhesive","Floor preparation product installed in accordance with manufacturer's instructions"
"5229133f-ddec-5728-9861-20a5988bae0e","","checkpoint-status","not-started","","","TRUE","TRUE","Site QA","Floor Finishes","WING A","A.20 STORE","Subfloor, Floor Preparation, Adhesive","Floor transitions installed as per instructions from builder"
"b309fbd4-822f-4578-993b-7e7ede56f69d","","checkpoint-status","not-started","","","TRUE","TRUE","Site QA","Floor Finishes","WING A","A.20 STORE","Subfloor, Floor Preparation, Adhesive","Waterproof tested for falls, and water test completed by waterproofers"
"6e881750-fabd-57f0-9612-a51467ea621b","","checkpoint-status","not-started","","","TRUE","TRUE","Site QA","Floor Finishes","WING A","A.20 STORE","Subfloor, Floor Preparation, Adhesive","Correct adhesive used"
"b9d5e14a-0b7c-562b-9ef1-249aaa14eb5b","","checkpoint-group","not-started","","","FALSE","FALSE","Site QA","Floor Finishes","WING A","A.20 STORE","Carpet / Vinyl"
"15b74911-89a1-5420-b3fe-164e03992e4f","","checkpoint-status","not-started","","","TRUE","TRUE","Site QA","Floor Finishes","WING A","A.20 STORE","Carpet / Vinyl","Confirm area of work is accessible & acceptable to commence (If not comment below)"
"c057deaf-29dd-5389-bf73-8feac12aa014","","checkpoint-status","not-started","","","TRUE","TRUE","Site QA","Floor Finishes","WING A","A.20 STORE","Carpet / Vinyl","Vinyl installed as per plan"
"cf3d7c19-75e4-54cb-803d-9bed3510a238","","checkpoint-status","not-started","","","TRUE","TRUE","Site QA","Floor Finishes","WING A","A.20 STORE","Carpet / Vinyl","Carpet installed as per plan"
"6e6f631e-6229-55bc-b586-67d27f7ef278","","checkpoint-status","not-started","","","TRUE","TRUE","Site QA","Floor Finishes","WING A","A.20 STORE","Carpet / Vinyl","Joints sealed with heat welded seams and mitres as per AS 1884-2012"
"4f869972-6100-503f-9b54-fafe797bd561","","checkpoint-status","not-started","","","TRUE","TRUE","Site QA","Floor Finishes","WING A","A.20 STORE","Carpet / Vinyl","Vinyl skirt and coving used as per finishes markup - 150mm height"
"1d2f7a4b-361a-5226-aa10-db0eb99f0db4","","checkpoint-status","not-started","","","TRUE","TRUE","Site QA","Floor Finishes","WING A","A.20 STORE","Carpet / Vinyl","Installer Sign Off: Carpet / Vinyl installed as per manufacturer's instructions"
"7ba0e315-7fe2-58ba-97f1-480d24bccce0","","checkpoint-status","not-started","","","TRUE","TRUE","Site QA","Floor Finishes","WING A","A.20 STORE","Carpet / Vinyl","Add-Floors Sign Off"
"8a5b3773-8aeb-5683-a7dd-09c47bf3c60b","","checkpoint-status","not-started","","","TRUE","TRUE","Site QA","Floor Finishes","WING A","A.20 STORE","Carpet / Vinyl","Foreman installation sign off"
"822c2efd-e6a7-598b-825d-288aa93dbc27","","checkpoint-group","not-started","","","FALSE","FALSE","Site QA","Floor Finishes","WING A","A.20 STORE","Wall Finish"
"76e96efe-90fa-5c56-88e5-2fe43d7eef10","","checkpoint-status","not-started","","","TRUE","TRUE","Site QA","Floor Finishes","WING A","A.20 STORE","Wall Finish","Wall Finish installed as per plan"
"a20b11f3-d689-54cd-a27a-33563616145c","","checkpoint-group","not-started","","","FALSE","FALSE","Site QA","Floor Finishes","WING A","A.20 STORE","Protection and Handover"
"30a577cc-af81-5365-8505-64957147a17c","","checkpoint-status","not-started","","","TRUE","TRUE","Site QA","Floor Finishes","WING A","A.20 STORE","Protection and Handover","Installation complete, checked and reviewed - as per specification"
"e6ca1b83-80eb-5563-902a-7a05a3d3cf8c","","checkpoint-status","not-started","","","TRUE","TRUE","Site QA","Floor Finishes","WING A","A.20 STORE","Protection and Handover","Floor protected with bubbleweave floor protection or polyweave"
"55e314b3-590d-50da-842a-5931e456803e","","checkpoint-status","not-started","","","TRUE","TRUE","Site QA","Floor Finishes","WING A","A.20 STORE","Protection and Handover","Installer Sign Off: Protection installed as per manufacturer's instructions"
"59abddfd-be52-4359-811b-864d64fc7399","","checklist-sectioned","not-started","5a8a68d1221a9e608c282940756e19ac2c3c1dd54ffd7888cef6f74664a05c9a","checklist","FALSE","FALSE","Site QA","Floor Finishes","WING A","A.21 CLEANER"
"bd869da2-11dc-505f-9a47-02958de34283","","checkpoint-group","not-started","","","FALSE","FALSE","Site QA","Floor Finishes","WING A","A.21 CLEANER","Subfloor, Floor Preparation, Adhesive"
"9041c608-d9f7-5b7e-ab7b-38996da236b9","","checkpoint-status","not-started","","","TRUE","TRUE","Site QA","Floor Finishes","WING A","A.21 CLEANER","Subfloor, Floor Preparation, Adhesive","Confirm area of work is accessible & acceptable to commence (If not comment below)"
"a537264e-db18-5d95-9e87-a6c484750e8c","","checkpoint-status","not-started","","","TRUE","TRUE","Site QA","Floor Finishes","WING A","A.21 CLEANER","Subfloor, Floor Preparation, Adhesive","Subfloor mechanically diamond ground"
"981cb9ee-fc46-41e1-82c4-b4e59630fc23","","checkpoint-status","not-started","","","TRUE","TRUE","Site QA","Floor Finishes","WING A","A.21 CLEANER","Subfloor, Floor Preparation, Adhesive","Floor preparation product installed in accordance with manufacturer's instructions"
"91d14fb3-4cc1-5029-b729-caebe998dab2","","checkpoint-status","not-started","","","TRUE","TRUE","Site QA","Floor Finishes","WING A","A.21 CLEANER","Subfloor, Floor Preparation, Adhesive","Floor transitions installed as per instructions from builder"
"fc6b5d4e-0237-4738-ab2a-186f1a3b3b32","","checkpoint-status","not-started","","","TRUE","TRUE","Site QA","Floor Finishes","WING A","A.21 CLEANER","Subfloor, Floor Preparation, Adhesive","Waterproof tested for falls, and water test completed by waterproofers"
"1480086f-7be2-5627-9475-5518544947e7","","checkpoint-status","not-started","","","TRUE","TRUE","Site QA","Floor Finishes","WING A","A.21 CLEANER","Subfloor, Floor Preparation, Adhesive","Correct adhesive used"
"bf8401c5-c089-57cd-a0ff-9c5f5c3aab2a","","checkpoint-group","not-started","","","FALSE","FALSE","Site QA","Floor Finishes","WING A","A.21 CLEANER","Carpet / Vinyl"
"9efa23a9-7ed5-5f8f-8dc5-1154c381199c","","checkpoint-status","not-started","","","TRUE","TRUE","Site QA","Floor Finishes","WING A","A.21 CLEANER","Carpet / Vinyl","Confirm area of work is accessible & acceptable to commence (If not comment below)"
"3683b2cf-9550-5a4f-90cf-f12a4d5fc29c","","checkpoint-status","not-started","","","TRUE","TRUE","Site QA","Floor Finishes","WING A","A.21 CLEANER","Carpet / Vinyl","Vinyl installed as per plan"
"40ec7fe9-0725-5237-a61d-3ef7aa4f51e9","","checkpoint-status","not-started","","","TRUE","TRUE","Site QA","Floor Finishes","WING A","A.21 CLEANER","Carpet / Vinyl","Carpet installed as per plan"
"a93be9c6-a4a3-58f7-9bef-4b460cb7352a","","checkpoint-status","not-started","","","TRUE","TRUE","Site QA","Floor Finishes","WING A","A.21 CLEANER","Carpet / Vinyl","Joints sealed with heat welded seams and mitres as per AS 1884-2012"
"109ff58c-32fb-5d80-a91f-ded509050844","","checkpoint-status","not-started","","","TRUE","TRUE","Site QA","Floor Finishes","WING A","A.21 CLEANER","Carpet / Vinyl","Vinyl skirt and coving used as per finishes markup - 150mm height"
"92456e3e-46fd-572a-8622-af77786c895f","","checkpoint-status","not-started","","","TRUE","TRUE","Site QA","Floor Finishes","WING A","A.21 CLEANER","Carpet / Vinyl","Installer Sign Off: Carpet / Vinyl installed as per manufacturer's instructions"
"498096aa-9bf7-5606-b6ae-c2f347d11339","","checkpoint-status","not-started","","","TRUE","TRUE","Site QA","Floor Finishes","WING A","A.21 CLEANER","Carpet / Vinyl","Add-Floors Sign Off"
"5b5aae2a-745d-5a85-bbbe-9eaff3107704","","checkpoint-status","not-started","","","TRUE","TRUE","Site QA","Floor Finishes","WING A","A.21 CLEANER","Carpet / Vinyl","Foreman installation sign off"
"dad17db3-5c45-5d00-98d4-b049bd666b7e","","checkpoint-group","not-started","","","FALSE","FALSE","Site QA","Floor Finishes","WING A","A.21 CLEANER","Wall Finish"
"dfbf8f5d-165d-5cbc-b455-29fa118a4adb","","checkpoint-status","not-started","","","TRUE","TRUE","Site QA","Floor Finishes","WING A","A.21 CLEANER","Wall Finish","Wall Finish installed as per plan"
"a75c3465-ef7f-5b88-8200-3d94a582aad1","","checkpoint-group","not-started","","","FALSE","FALSE","Site QA","Floor Finishes","WING A","A.21 CLEANER","Protection and Handover"
"345d578e-0bdc-56df-a0d0-ff15743c447d","","checkpoint-status","not-started","","","TRUE","TRUE","Site QA","Floor Finishes","WING A","A.21 CLEANER","Protection and Handover","Installation complete, checked and reviewed - as per specification"
"b2b9f81a-ffbb-549f-9312-777a0faa0604","","checkpoint-status","not-started","","","TRUE","TRUE","Site QA","Floor Finishes","WING A","A.21 CLEANER","Protection and Handover","Floor protected with bubbleweave floor protection or polyweave"
"2ff6b6cc-8523-5f0c-9767-1ecfcfe5ad27","","checkpoint-status","not-started","","","TRUE","TRUE","Site QA","Floor Finishes","WING A","A.21 CLEANER","Protection and Handover","Installer Sign Off: Protection installed as per manufacturer's instructions"
"272f1547-0da3-4933-8477-559e52c0f277","","checklist-sectioned","not-started","5a8a68d1221a9e608c282940756e19ac2c3c1dd54ffd7888cef6f74664a05c9a","checklist","FALSE","FALSE","Site QA","Floor Finishes","WING A","A.23 BED"
"af49c5f9-fa74-509c-b312-d8084c451df1","","checkpoint-group","not-started","","","FALSE","FALSE","Site QA","Floor Finishes","WING A","A.23 BED","Subfloor, Floor Preparation, Adhesive"
"fa0ef7a9-6e74-53f0-845c-0852658b4006","","checkpoint-status","not-started","","","TRUE","TRUE","Site QA","Floor Finishes","WING A","A.23 BED","Subfloor, Floor Preparation, Adhesive","Confirm area of work is accessible & acceptable to commence (If not comment below)"
"b77a737e-82c7-5d3e-bf3e-d93b005cfbb5","","checkpoint-status","not-started","","","TRUE","TRUE","Site QA","Floor Finishes","WING A","A.23 BED","Subfloor, Floor Preparation, Adhesive","Subfloor mechanically diamond ground"
"1ad5042b-d032-4016-8cda-5971fd38ea0c","","checkpoint-status","not-started","","","TRUE","TRUE","Site QA","Floor Finishes","WING A","A.23 BED","Subfloor, Floor Preparation, Adhesive","Floor preparation product installed in accordance with manufacturer's instructions"
"a68175aa-de2a-52ef-bf30-0542535a0139","","checkpoint-status","not-started","","","TRUE","TRUE","Site QA","Floor Finishes","WING A","A.23 BED","Subfloor, Floor Preparation, Adhesive","Floor transitions installed as per instructions from builder"
"1d71e941-5023-458e-a76d-9081588d172d","","checkpoint-status","not-started","","","TRUE","TRUE","Site QA","Floor Finishes","WING A","A.23 BED","Subfloor, Floor Preparation, Adhesive","Waterproof tested for falls, and water test completed by waterproofers"
"c194ef3a-7006-5358-b9a4-a38328f50060","","checkpoint-status","not-started","","","TRUE","TRUE","Site QA","Floor Finishes","WING A","A.23 BED","Subfloor, Floor Preparation, Adhesive","Correct adhesive used"
"4711c486-4f9e-5b7a-8e12-7e518582d236","","checkpoint-group","not-started","","","FALSE","FALSE","Site QA","Floor Finishes","WING A","A.23 BED","Carpet / Vinyl"
"f704ed7b-80d1-51e5-8454-927419f1e176","","checkpoint-status","not-started","","","TRUE","TRUE","Site QA","Floor Finishes","WING A","A.23 BED","Carpet / Vinyl","Confirm area of work is accessible & acceptable to commence (If not comment below)"
"e95ec5b4-c24d-525f-9618-c346c887bc4b","","checkpoint-status","not-started","","","TRUE","TRUE","Site QA","Floor Finishes","WING A","A.23 BED","Carpet / Vinyl","Vinyl installed as per plan"
"190b828d-ca5d-524f-a5e3-a1227dd450c4","","checkpoint-status","not-started","","","TRUE","TRUE","Site QA","Floor Finishes","WING A","A.23 BED","Carpet / Vinyl","Carpet installed as per plan"
"63befcff-659c-57a6-a2fd-99cda89f128b","","checkpoint-status","not-started","","","TRUE","TRUE","Site QA","Floor Finishes","WING A","A.23 BED","Carpet / Vinyl","Joints sealed with heat welded seams and mitres as per AS 1884-2012"
"676e21d7-3419-524e-8cfa-0be6c2c44cda","","checkpoint-status","not-started","","","TRUE","TRUE","Site QA","Floor Finishes","WING A","A.23 BED","Carpet / Vinyl","Vinyl skirt and coving used as per finishes markup - 150mm height"
"5f047e93-c322-5cc2-8334-916a8f2b65a3","","checkpoint-status","not-started","","","TRUE","TRUE","Site QA","Floor Finishes","WING A","A.23 BED","Carpet / Vinyl","Installer Sign Off: Carpet / Vinyl installed as per manufacturer's instructions"
"5ccd11e2-48d3-53dc-8825-72e6fa36896f","","checkpoint-status","not-started","","","TRUE","TRUE","Site QA","Floor Finishes","WING A","A.23 BED","Carpet / Vinyl","Add-Floors Sign Off"
"104e3fc7-91ee-55f3-b96c-807d38cea475","","checkpoint-status","not-started","","","TRUE","TRUE","Site QA","Floor Finishes","WING A","A.23 BED","Carpet / Vinyl","Foreman installation sign off"
"e9203c4b-6808-592a-aa7e-9124172820af","","checkpoint-group","not-started","","","FALSE","FALSE","Site QA","Floor Finishes","WING A","A.23 BED","Wall Finish"
"b9ac758b-4a9d-5d2e-b051-a27cce806a0c","","checkpoint-status","not-started","","","TRUE","TRUE","Site QA","Floor Finishes","WING A","A.23 BED","Wall Finish","Wall Finish installed as per plan"
"5fbd4bfc-959f-555e-bd3c-ae6224a8a920","","checkpoint-group","not-started","","","FALSE","FALSE","Site QA","Floor Finishes","WING A","A.23 BED","Protection and Handover"
"13ee8b30-6781-5aea-bc15-7de09b4200da","","checkpoint-status","not-started","","","TRUE","TRUE","Site QA","Floor Finishes","WING A","A.23 BED","Protection and Handover","Installation complete, checked and reviewed - as per specification"
"b3d425bb-5ccf-5158-a41c-be6ee95c4628","","checkpoint-status","not-started","","","TRUE","TRUE","Site QA","Floor Finishes","WING A","A.23 BED","Protection and Handover","Floor protected with bubbleweave floor protection or polyweave"
"b8de6fef-b2b4-5f1a-b553-661e68ecda0a","","checkpoint-status","not-started","","","TRUE","TRUE","Site QA","Floor Finishes","WING A","A.23 BED","Protection and Handover","Installer Sign Off: Protection installed as per manufacturer's instructions"
"e53137e5-fbcf-46f3-a491-733168d06eae","","checklist-sectioned","not-started","5a8a68d1221a9e608c282940756e19ac2c3c1dd54ffd7888cef6f74664a05c9a","checklist","FALSE","FALSE","Site QA","Floor Finishes","WING A","A.23A ENSUITE"
"a8cee646-caff-5a0c-9add-76ade4468d47","","checkpoint-group","not-started","","","FALSE","FALSE","Site QA","Floor Finishes","WING A","A.23A ENSUITE","Subfloor, Floor Preparation, Adhesive"
"5b128e0f-7d80-5d51-beba-5d42bcfb173d","","checkpoint-status","not-started","","","TRUE","TRUE","Site QA","Floor Finishes","WING A","A.23A ENSUITE","Subfloor, Floor Preparation, Adhesive","Confirm area of work is accessible & acceptable to commence (If not comment below)"
"a27a75b6-2e2e-519b-89ef-126b987ae776","","checkpoint-status","not-started","","","TRUE","TRUE","Site QA","Floor Finishes","WING A","A.23A ENSUITE","Subfloor, Floor Preparation, Adhesive","Subfloor mechanically diamond ground"
"568825c6-7426-47fb-bf6c-182b9a411876","","checkpoint-status","not-started","","","TRUE","TRUE","Site QA","Floor Finishes","WING A","A.23A ENSUITE","Subfloor, Floor Preparation, Adhesive","Floor preparation product installed in accordance with manufacturer's instructions"
"c807f11b-4d25-5136-8f59-cb1d6ed70f09","","checkpoint-status","not-started","","","TRUE","TRUE","Site QA","Floor Finishes","WING A","A.23A ENSUITE","Subfloor, Floor Preparation, Adhesive","Floor transitions installed as per instructions from builder"
"707d5a62-2536-45c5-8067-0d3c5cfb7622","","checkpoint-status","not-started","","","TRUE","TRUE","Site QA","Floor Finishes","WING A","A.23A ENSUITE","Subfloor, Floor Preparation, Adhesive","Waterproof tested for falls, and water test completed by waterproofers"
"bb08b0c6-d3e9-5475-ac23-eef28a1a5d43","","checkpoint-status","not-started","","","TRUE","TRUE","Site QA","Floor Finishes","WING A","A.23A ENSUITE","Subfloor, Floor Preparation, Adhesive","Correct adhesive used"
"95dd45bd-f76d-5cd4-b9bb-a2c332e94677","","checkpoint-group","not-started","","","FALSE","FALSE","Site QA","Floor Finishes","WING A","A.23A ENSUITE","Carpet / Vinyl"
"ac135622-be42-59c6-96fb-f55ae770d099","","checkpoint-status","not-started","","","TRUE","TRUE","Site QA","Floor Finishes","WING A","A.23A ENSUITE","Carpet / Vinyl","Confirm area of work is accessible & acceptable to commence (If not comment below)"
"0b76d77e-6afa-5339-b181-267547191907","","checkpoint-status","not-started","","","TRUE","TRUE","Site QA","Floor Finishes","WING A","A.23A ENSUITE","Carpet / Vinyl","Vinyl installed as per plan"
"f476dd60-4fe0-5c04-add0-4766a87a3cef","","checkpoint-status","not-started","","","TRUE","TRUE","Site QA","Floor Finishes","WING A","A.23A ENSUITE","Carpet / Vinyl","Carpet installed as per plan"
"219da580-6d00-5ad9-b652-58278f1b135e","","checkpoint-status","not-started","","","TRUE","TRUE","Site QA","Floor Finishes","WING A","A.23A ENSUITE","Carpet / Vinyl","Joints sealed with heat welded seams and mitres as per AS 1884-2012"
"db4c340c-03e0-5d6c-b669-9dfe418dbb99","","checkpoint-status","not-started","","","TRUE","TRUE","Site QA","Floor Finishes","WING A","A.23A ENSUITE","Carpet / Vinyl","Vinyl skirt and coving used as per finishes markup - 150mm height"
"d349e345-482d-550c-b0b9-697e45ab036d","","checkpoint-status","not-started","","","TRUE","TRUE","Site QA","Floor Finishes","WING A","A.23A ENSUITE","Carpet / Vinyl","Installer Sign Off: Carpet / Vinyl installed as per manufacturer's instructions"
"2fd471a7-fcec-5af1-b1df-db692092d1c4","","checkpoint-status","not-started","","","TRUE","TRUE","Site QA","Floor Finishes","WING A","A.23A ENSUITE","Carpet / Vinyl","Add-Floors Sign Off"
"43a9a925-f3d1-5901-a835-964d9cb9d48e","","checkpoint-status","not-started","","","TRUE","TRUE","Site QA","Floor Finishes","WING A","A.23A ENSUITE","Carpet / Vinyl","Foreman installation sign off"
"0adec760-00a0-56a0-b8f9-fd29af254d68","","checkpoint-group","not-started","","","FALSE","FALSE","Site QA","Floor Finishes","WING A","A.23A ENSUITE","Wall Finish"
"38a1e5da-55cc-51a8-ad54-3f8f4310e37c","","checkpoint-status","not-started","","","TRUE","TRUE","Site QA","Floor Finishes","WING A","A.23A ENSUITE","Wall Finish","Wall Finish installed as per plan"
"f0e62486-e3e1-5a07-94fb-440c021542a3","","checkpoint-group","not-started","","","FALSE","FALSE","Site QA","Floor Finishes","WING A","A.23A ENSUITE","Protection and Handover"
"4b40c681-71e0-5311-af8c-e363fbff3f6d","","checkpoint-status","not-started","","","TRUE","TRUE","Site QA","Floor Finishes","WING A","A.23A ENSUITE","Protection and Handover","Installation complete, checked and reviewed - as per specification"
"b24d6f23-95d2-5574-8c3d-5d1abccacff3","","checkpoint-status","not-started","","","TRUE","TRUE","Site QA","Floor Finishes","WING A","A.23A ENSUITE","Protection and Handover","Floor protected with bubbleweave floor protection or polyweave"
"13276549-21a4-5b6e-a8e9-9457b15a4f80","","checkpoint-status","not-started","","","TRUE","TRUE","Site QA","Floor Finishes","WING A","A.23A ENSUITE","Protection and Handover","Installer Sign Off: Protection installed as per manufacturer's instructions"
"472e1cfc-e9ac-4ce7-a518-bd7b033cf46e","","checklist-sectioned","not-started","5a8a68d1221a9e608c282940756e19ac2c3c1dd54ffd7888cef6f74664a05c9a","checklist","FALSE","FALSE","Site QA","Floor Finishes","WING A","A.29 BED"
"f1505ee0-9faa-5efe-a40a-42185468a249","","checkpoint-group","not-started","","","FALSE","FALSE","Site QA","Floor Finishes","WING A","A.29 BED","Subfloor, Floor Preparation, Adhesive"
"ba179a75-5f75-5248-ac2e-dc79f4e4ca03","","checkpoint-status","not-started","","","TRUE","TRUE","Site QA","Floor Finishes","WING A","A.29 BED","Subfloor, Floor Preparation, Adhesive","Confirm area of work is accessible & acceptable to commence (If not comment below)"
"9755f8e9-ee1d-5c97-9e13-e7e412e1c93c","","checkpoint-status","not-started","","","TRUE","TRUE","Site QA","Floor Finishes","WING A","A.29 BED","Subfloor, Floor Preparation, Adhesive","Subfloor mechanically diamond ground"
"aa87771f-d3c4-462e-8871-cf02004bea2d","","checkpoint-status","not-started","","","TRUE","TRUE","Site QA","Floor Finishes","WING A","A.29 BED","Subfloor, Floor Preparation, Adhesive","Floor preparation product installed in accordance with manufacturer's instructions"
"9763fdb7-3f43-59b4-94db-4be438ae49d9","","checkpoint-status","not-started","","","TRUE","TRUE","Site QA","Floor Finishes","WING A","A.29 BED","Subfloor, Floor Preparation, Adhesive","Floor transitions installed as per instructions from builder"
"e159a36c-2fa0-429a-871a-f8bc91ab6c16","","checkpoint-status","not-started","","","TRUE","TRUE","Site QA","Floor Finishes","WING A","A.29 BED","Subfloor, Floor Preparation, Adhesive","Waterproof tested for falls, and water test completed by waterproofers"
"47d1d3e8-b069-5715-ab2a-c1232591d1c6","","checkpoint-status","not-started","","","TRUE","TRUE","Site QA","Floor Finishes","WING A","A.29 BED","Subfloor, Floor Preparation, Adhesive","Correct adhesive used"
"421ca10e-7bd5-5f3f-a637-508e9eb79cea","","checkpoint-group","not-started","","","FALSE","FALSE","Site QA","Floor Finishes","WING A","A.29 BED","Carpet / Vinyl"
"2c1456f2-5299-57e5-a721-4b1f93c7be09","","checkpoint-status","not-started","","","TRUE","TRUE","Site QA","Floor Finishes","WING A","A.29 BED","Carpet / Vinyl","Confirm area of work is accessible & acceptable to commence (If not comment below)"
"5c3aa114-c83f-508a-ad1b-27876bc5d852","","checkpoint-status","not-started","","","TRUE","TRUE","Site QA","Floor Finishes","WING A","A.29 BED","Carpet / Vinyl","Vinyl installed as per plan"
"d49894b6-1e76-501f-a89e-c3e70e23eaf3","","checkpoint-status","not-started","","","TRUE","TRUE","Site QA","Floor Finishes","WING A","A.29 BED","Carpet / Vinyl","Carpet installed as per plan"
"512ef29b-e422-5f0d-9c8f-e45b8df6891f","","checkpoint-status","not-started","","","TRUE","TRUE","Site QA","Floor Finishes","WING A","A.29 BED","Carpet / Vinyl","Joints sealed with heat welded seams and mitres as per AS 1884-2012"
"650224e1-d0b4-564b-a0c9-94d566f8e6bb","","checkpoint-status","not-started","","","TRUE","TRUE","Site QA","Floor Finishes","WING A","A.29 BED","Carpet / Vinyl","Vinyl skirt and coving used as per finishes markup - 150mm height"
"e29a961e-beb6-5be2-9d16-87c74989a667","","checkpoint-status","not-started","","","TRUE","TRUE","Site QA","Floor Finishes","WING A","A.29 BED","Carpet / Vinyl","Installer Sign Off: Carpet / Vinyl installed as per manufacturer's instructions"
"0b6f702c-c1d2-5a41-9845-f6ffc144364b","","checkpoint-status","not-started","","","TRUE","TRUE","Site QA","Floor Finishes","WING A","A.29 BED","Carpet / Vinyl","Add-Floors Sign Off"
"7c12acc3-a774-5dd9-94af-d0f0c05f0ba4","","checkpoint-status","not-started","","","TRUE","TRUE","Site QA","Floor Finishes","WING A","A.29 BED","Carpet / Vinyl","Foreman installation sign off"
"f2fbe301-5290-53db-972e-3351f54a735e","","checkpoint-group","not-started","","","FALSE","FALSE","Site QA","Floor Finishes","WING A","A.29 BED","Wall Finish"
"fb7044db-7dae-57cf-99af-232b5fb66358","","checkpoint-status","not-started","","","TRUE","TRUE","Site QA","Floor Finishes","WING A","A.29 BED","Wall Finish","Wall Finish installed as per plan"
"cc338468-dd14-54fe-b592-8f10e3216e9c","","checkpoint-group","not-started","","","FALSE","FALSE","Site QA","Floor Finishes","WING A","A.29 BED","Protection and Handover"
"341dfa83-51f3-5967-aef7-fe56294594d5","","checkpoint-status","not-started","","","TRUE","TRUE","Site QA","Floor Finishes","WING A","A.29 BED","Protection and Handover","Installation complete, checked and reviewed - as per specification"
"b5baaed1-606f-5cd3-bbd3-bb0cb94c5e26","","checkpoint-status","not-started","","","TRUE","TRUE","Site QA","Floor Finishes","WING A","A.29 BED","Protection and Handover","Floor protected with bubbleweave floor protection or polyweave"
"7c07f5ee-e2b5-5bb0-8aad-cd7ef1ac2fea","","checkpoint-status","not-started","","","TRUE","TRUE","Site QA","Floor Finishes","WING A","A.29 BED","Protection and Handover","Installer Sign Off: Protection installed as per manufacturer's instructions"
"2a683278-52c1-4de2-9778-79fe9176ab6c","","checklist-sectioned","not-started","5a8a68d1221a9e608c282940756e19ac2c3c1dd54ffd7888cef6f74664a05c9a","checklist","FALSE","FALSE","Site QA","Floor Finishes","WING A","A.29A ENSUITE"
"1e9a60aa-5233-5389-bb67-8a3940b9444a","","checkpoint-group","not-started","","","FALSE","FALSE","Site QA","Floor Finishes","WING A","A.29A ENSUITE","Subfloor, Floor Preparation, Adhesive"
"f7df91ae-7b8b-514c-a0ac-53e181960a62","","checkpoint-status","not-started","","","TRUE","TRUE","Site QA","Floor Finishes","WING A","A.29A ENSUITE","Subfloor, Floor Preparation, Adhesive","Confirm area of work is accessible & acceptable to commence (If not comment below)"
"0fb8f47f-8014-5aa5-a8c3-6d3b455c80ba","","checkpoint-status","not-started","","","TRUE","TRUE","Site QA","Floor Finishes","WING A","A.29A ENSUITE","Subfloor, Floor Preparation, Adhesive","Subfloor mechanically diamond ground"
"5203129d-4828-4ea8-be3a-fbe326c75369","","checkpoint-status","not-started","","","TRUE","TRUE","Site QA","Floor Finishes","WING A","A.29A ENSUITE","Subfloor, Floor Preparation, Adhesive","Floor preparation product installed in accordance with manufacturer's instructions"
"95064239-7bc8-557d-ad58-36942d04fdf6","","checkpoint-status","not-started","","","TRUE","TRUE","Site QA","Floor Finishes","WING A","A.29A ENSUITE","Subfloor, Floor Preparation, Adhesive","Floor transitions installed as per instructions from builder"
"a4f59cf8-b9b0-4e6b-b6a5-27e0f4168679","","checkpoint-status","not-started","","","TRUE","TRUE","Site QA","Floor Finishes","WING A","A.29A ENSUITE","Subfloor, Floor Preparation, Adhesive","Waterproof tested for falls, and water test completed by waterproofers"
"c610d157-a1db-5172-90ef-6c394f79ff9a","","checkpoint-status","not-started","","","TRUE","TRUE","Site QA","Floor Finishes","WING A","A.29A ENSUITE","Subfloor, Floor Preparation, Adhesive","Correct adhesive used"
"89337643-38d2-5fa7-a808-9276fe8e3025","","checkpoint-group","not-started","","","FALSE","FALSE","Site QA","Floor Finishes","WING A","A.29A ENSUITE","Carpet / Vinyl"
"6bf3c5dd-b021-5744-9f49-7824bf8f842b","","checkpoint-status","not-started","","","TRUE","TRUE","Site QA","Floor Finishes","WING A","A.29A ENSUITE","Carpet / Vinyl","Confirm area of work is accessible & acceptable to commence (If not comment below)"
"4591bc2a-a84d-58b7-8a7a-3eaf0323d29f","","checkpoint-status","not-started","","","TRUE","TRUE","Site QA","Floor Finishes","WING A","A.29A ENSUITE","Carpet / Vinyl","Vinyl installed as per plan"
"0bbf35d6-2cb2-5b52-93bb-0725528fc78d","","checkpoint-status","not-started","","","TRUE","TRUE","Site QA","Floor Finishes","WING A","A.29A ENSUITE","Carpet / Vinyl","Carpet installed as per plan"
"08d4026f-cb0b-5150-9324-857ebf26e475","","checkpoint-status","not-started","","","TRUE","TRUE","Site QA","Floor Finishes","WING A","A.29A ENSUITE","Carpet / Vinyl","Joints sealed with heat welded seams and mitres as per AS 1884-2012"
"57f3800e-74e8-5c36-ad11-0237fbe62de7","","checkpoint-status","not-started","","","TRUE","TRUE","Site QA","Floor Finishes","WING A","A.29A ENSUITE","Carpet / Vinyl","Vinyl skirt and coving used as per finishes markup - 150mm height"
"466e7cad-5950-590e-9c4d-af2202869529","","checkpoint-status","not-started","","","TRUE","TRUE","Site QA","Floor Finishes","WING A","A.29A ENSUITE","Carpet / Vinyl","Installer Sign Off: Carpet / Vinyl installed as per manufacturer's instructions"
"673b540a-bc33-520b-86ce-73207f62a866","","checkpoint-status","not-started","","","TRUE","TRUE","Site QA","Floor Finishes","WING A","A.29A ENSUITE","Carpet / Vinyl","Add-Floors Sign Off"
"9a8bcb94-a776-5d7f-9a17-13e738d509eb","","checkpoint-status","not-started","","","TRUE","TRUE","Site QA","Floor Finishes","WING A","A.29A ENSUITE","Carpet / Vinyl","Foreman installation sign off"
"125e004c-125b-5ffc-8bc4-e0539a96c02d","","checkpoint-group","not-started","","","FALSE","FALSE","Site QA","Floor Finishes","WING A","A.29A ENSUITE","Wall Finish"
"0e7e7194-bb4a-572a-a751-67af58ec7ff8","","checkpoint-status","not-started","","","TRUE","TRUE","Site QA","Floor Finishes","WING A","A.29A ENSUITE","Wall Finish","Wall Finish installed as per plan"
"a8624fd5-9ce9-5df4-b518-45b49bb2ffc3","","checkpoint-group","not-started","","","FALSE","FALSE","Site QA","Floor Finishes","WING A","A.29A ENSUITE","Protection and Handover"
"8125343d-da3a-5397-ac55-b480057e54ec","","checkpoint-status","not-started","","","TRUE","TRUE","Site QA","Floor Finishes","WING A","A.29A ENSUITE","Protection and Handover","Installation complete, checked and reviewed - as per specification"
"556b09d8-3f6e-5e95-b910-b64ad1159aa6","","checkpoint-status","not-started","","","TRUE","TRUE","Site QA","Floor Finishes","WING A","A.29A ENSUITE","Protection and Handover","Floor protected with bubbleweave floor protection or polyweave"
"d4469dcc-c80b-5f14-930b-654aacc2f16d","","checkpoint-status","not-started","","","TRUE","TRUE","Site QA","Floor Finishes","WING A","A.29A ENSUITE","Protection and Handover","Installer Sign Off: Protection installed as per manufacturer's instructions"
"a770a21b-45b5-48e5-9882-932157e281fd","","checklist-sectioned","not-started","5a8a68d1221a9e608c282940756e19ac2c3c1dd54ffd7888cef6f74664a05c9a","checklist","FALSE","FALSE","Site QA","Floor Finishes","WING A","A.30 BED"
"d21354a1-2cbc-5014-aba8-bf7917e41189","","checkpoint-group","not-started","","","FALSE","FALSE","Site QA","Floor Finishes","WING A","A.30 BED","Subfloor, Floor Preparation, Adhesive"
"e8611aea-9f83-548f-8275-a5703c449673","","checkpoint-status","not-started","","","TRUE","TRUE","Site QA","Floor Finishes","WING A","A.30 BED","Subfloor, Floor Preparation, Adhesive","Confirm area of work is accessible & acceptable to commence (If not comment below)"
"14494dd6-e6bf-5589-b5c1-416c19c34df1","","checkpoint-status","not-started","","","TRUE","TRUE","Site QA","Floor Finishes","WING A","A.30 BED","Subfloor, Floor Preparation, Adhesive","Subfloor mechanically diamond ground"
"4d5f5352-8020-490c-b6db-ea3e65a89dde","","checkpoint-status","not-started","","","TRUE","TRUE","Site QA","Floor Finishes","WING A","A.30 BED","Subfloor, Floor Preparation, Adhesive","Floor preparation product installed in accordance with manufacturer's instructions"
"06b0aec0-f68f-5e11-be74-f412e9517c04","","checkpoint-status","not-started","","","TRUE","TRUE","Site QA","Floor Finishes","WING A","A.30 BED","Subfloor, Floor Preparation, Adhesive","Floor transitions installed as per instructions from builder"
"88c85c2d-a353-4955-bb90-a2cf2db836f7","","checkpoint-status","not-started","","","TRUE","TRUE","Site QA","Floor Finishes","WING A","A.30 BED","Subfloor, Floor Preparation, Adhesive","Waterproof tested for falls, and water test completed by waterproofers"
"21c1137c-c897-5243-9553-b550a04293c3","","checkpoint-status","not-started","","","TRUE","TRUE","Site QA","Floor Finishes","WING A","A.30 BED","Subfloor, Floor Preparation, Adhesive","Correct adhesive used"
"0b803569-5f41-5e3d-a0bf-52ea79369941","","checkpoint-group","not-started","","","FALSE","FALSE","Site QA","Floor Finishes","WING A","A.30 BED","Carpet / Vinyl"
"b19de1ef-6859-539d-b0a1-5465771c190a","","checkpoint-status","not-started","","","TRUE","TRUE","Site QA","Floor Finishes","WING A","A.30 BED","Carpet / Vinyl","Confirm area of work is accessible & acceptable to commence (If not comment below)"
"54dbfd2f-2b0e-579c-b018-cb1af473166c","","checkpoint-status","not-started","","","TRUE","TRUE","Site QA","Floor Finishes","WING A","A.30 BED","Carpet / Vinyl","Vinyl installed as per plan"
"5a7dff32-4b72-5e08-8c78-9ae04285b05e","","checkpoint-status","not-started","","","TRUE","TRUE","Site QA","Floor Finishes","WING A","A.30 BED","Carpet / Vinyl","Carpet installed as per plan"
"46b97a34-3285-570b-8366-b1d0d55627dc","","checkpoint-status","not-started","","","TRUE","TRUE","Site QA","Floor Finishes","WING A","A.30 BED","Carpet / Vinyl","Joints sealed with heat welded seams and mitres as per AS 1884-2012"
"ef690125-af76-586b-a898-35134395020c","","checkpoint-status","not-started","","","TRUE","TRUE","Site QA","Floor Finishes","WING A","A.30 BED","Carpet / Vinyl","Vinyl skirt and coving used as per finishes markup - 150mm height"
"a61dada2-21ac-5de0-bcd2-6f9b02c1878f","","checkpoint-status","not-started","","","TRUE","TRUE","Site QA","Floor Finishes","WING A","A.30 BED","Carpet / Vinyl","Installer Sign Off: Carpet / Vinyl installed as per manufacturer's instructions"
"d1e744f7-555a-57fa-b089-03a145ff56ca","","checkpoint-status","not-started","","","TRUE","TRUE","Site QA","Floor Finishes","WING A","A.30 BED","Carpet / Vinyl","Add-Floors Sign Off"
"3964293b-2bfe-5807-afde-077dcb8f98e0","","checkpoint-status","not-started","","","TRUE","TRUE","Site QA","Floor Finishes","WING A","A.30 BED","Carpet / Vinyl","Foreman installation sign off"
"203ecaf7-cc5e-59ed-b0ce-0415983c2e9c","","checkpoint-group","not-started","","","FALSE","FALSE","Site QA","Floor Finishes","WING A","A.30 BED","Wall Finish"
"836adb28-fb30-597b-a9ed-49a15c7d5ecd","","checkpoint-status","not-started","","","TRUE","TRUE","Site QA","Floor Finishes","WING A","A.30 BED","Wall Finish","Wall Finish installed as per plan"
"fbdb7d26-8055-53dd-8d0c-593c0423d9e3","","checkpoint-group","not-started","","","FALSE","FALSE","Site QA","Floor Finishes","WING A","A.30 BED","Protection and Handover"
"280f19ec-2c50-520a-aaf7-281c76028258","","checkpoint-status","not-started","","","TRUE","TRUE","Site QA","Floor Finishes","WING A","A.30 BED","Protection and Handover","Installation complete, checked and reviewed - as per specification"
"34ca64e8-b705-54a4-af5d-8166a49aa6d6","","checkpoint-status","not-started","","","TRUE","TRUE","Site QA","Floor Finishes","WING A","A.30 BED","Protection and Handover","Floor protected with bubbleweave floor protection or polyweave"
"e645d3e3-8bfb-5261-8002-5e69854965b3","","checkpoint-status","not-started","","","TRUE","TRUE","Site QA","Floor Finishes","WING A","A.30 BED","Protection and Handover","Installer Sign Off: Protection installed as per manufacturer's instructions"
"a085a7f1-5bb0-42e2-b835-96f7a735f49e","","checklist-sectioned","not-started","5a8a68d1221a9e608c282940756e19ac2c3c1dd54ffd7888cef6f74664a05c9a","checklist","FALSE","FALSE","Site QA","Floor Finishes","WING A","A.30A ENSUITE"
"abd65c4e-6c6c-569c-be7f-2455cf0bd141","","checkpoint-group","not-started","","","FALSE","FALSE","Site QA","Floor Finishes","WING A","A.30A ENSUITE","Subfloor, Floor Preparation, Adhesive"
"8ee49d65-4a93-559e-9ccc-7295f9680dfd","","checkpoint-status","not-started","","","TRUE","TRUE","Site QA","Floor Finishes","WING A","A.30A ENSUITE","Subfloor, Floor Preparation, Adhesive","Confirm area of work is accessible & acceptable to commence (If not comment below)"
"94c9c409-583f-5e7d-819e-c507c3a13538","","checkpoint-status","not-started","","","TRUE","TRUE","Site QA","Floor Finishes","WING A","A.30A ENSUITE","Subfloor, Floor Preparation, Adhesive","Subfloor mechanically diamond ground"
"3e059fae-b630-47cf-92dc-f315278d30ef","","checkpoint-status","not-started","","","TRUE","TRUE","Site QA","Floor Finishes","WING A","A.30A ENSUITE","Subfloor, Floor Preparation, Adhesive","Floor preparation product installed in accordance with manufacturer's instructions"
"9935d7ad-bedc-50af-8dc4-7db276a91738","","checkpoint-status","not-started","","","TRUE","TRUE","Site QA","Floor Finishes","WING A","A.30A ENSUITE","Subfloor, Floor Preparation, Adhesive","Floor transitions installed as per instructions from builder"
"13e40cb3-19b4-499a-82fc-2a9b257022c1","","checkpoint-status","not-started","","","TRUE","TRUE","Site QA","Floor Finishes","WING A","A.30A ENSUITE","Subfloor, Floor Preparation, Adhesive","Waterproof tested for falls, and water test completed by waterproofers"
"02a23d01-e5ae-5ef0-8abb-6069d64c2d49","","checkpoint-status","not-started","","","TRUE","TRUE","Site QA","Floor Finishes","WING A","A.30A ENSUITE","Subfloor, Floor Preparation, Adhesive","Correct adhesive used"
"455be8b2-4001-509d-93c8-121102630268","","checkpoint-group","not-started","","","FALSE","FALSE","Site QA","Floor Finishes","WING A","A.30A ENSUITE","Carpet / Vinyl"
"52a7de66-7c8f-52ea-b3d2-af6f28e378da","","checkpoint-status","not-started","","","TRUE","TRUE","Site QA","Floor Finishes","WING A","A.30A ENSUITE","Carpet / Vinyl","Confirm area of work is accessible & acceptable to commence (If not comment below)"
"be9bd519-c07a-59fe-ada7-9d2b45658693","","checkpoint-status","not-started","","","TRUE","TRUE","Site QA","Floor Finishes","WING A","A.30A ENSUITE","Carpet / Vinyl","Vinyl installed as per plan"
"fbfe63b1-11e5-54fe-9fb1-88c5218eede5","","checkpoint-status","not-started","","","TRUE","TRUE","Site QA","Floor Finishes","WING A","A.30A ENSUITE","Carpet / Vinyl","Carpet installed as per plan"
"68e3cda8-fd40-5246-8b08-22d11d17ae06","","checkpoint-status","not-started","","","TRUE","TRUE","Site QA","Floor Finishes","WING A","A.30A ENSUITE","Carpet / Vinyl","Joints sealed with heat welded seams and mitres as per AS 1884-2012"
"2f44ab42-1917-52bd-abb5-4a6ee2c41126","","checkpoint-status","not-started","","","TRUE","TRUE","Site QA","Floor Finishes","WING A","A.30A ENSUITE","Carpet / Vinyl","Vinyl skirt and coving used as per finishes markup - 150mm height"
"7742245f-5d3d-5f5b-a776-5a1f0ba15e33","","checkpoint-status","not-started","","","TRUE","TRUE","Site QA","Floor Finishes","WING A","A.30A ENSUITE","Carpet / Vinyl","Installer Sign Off: Carpet / Vinyl installed as per manufacturer's instructions"
"0149f284-ff69-5636-80ea-9453a65f3177","","checkpoint-status","not-started","","","TRUE","TRUE","Site QA","Floor Finishes","WING A","A.30A ENSUITE","Carpet / Vinyl","Add-Floors Sign Off"
"a4440919-5409-5668-9ebd-396107d69c71","","checkpoint-status","not-started","","","TRUE","TRUE","Site QA","Floor Finishes","WING A","A.30A ENSUITE","Carpet / Vinyl","Foreman installation sign off"
"6daec700-42c3-5cb6-8464-e82dadcc151b","","checkpoint-group","not-started","","","FALSE","FALSE","Site QA","Floor Finishes","WING A","A.30A ENSUITE","Wall Finish"
"f8db5991-7f7b-58f3-9478-a9d2ce0011c6","","checkpoint-status","not-started","","","TRUE","TRUE","Site QA","Floor Finishes","WING A","A.30A ENSUITE","Wall Finish","Wall Finish installed as per plan"
"98108ee4-7b38-55db-a899-aeaf66511435","","checkpoint-group","not-started","","","FALSE","FALSE","Site QA","Floor Finishes","WING A","A.30A ENSUITE","Protection and Handover"
"c005abd0-a310-5f21-bd74-6ac35cff5518","","checkpoint-status","not-started","","","TRUE","TRUE","Site QA","Floor Finishes","WING A","A.30A ENSUITE","Protection and Handover","Installation complete, checked and reviewed - as per specification"
"c538a4a1-1c79-5bfe-b3bd-3278594c13c8","","checkpoint-status","not-started","","","TRUE","TRUE","Site QA","Floor Finishes","WING A","A.30A ENSUITE","Protection and Handover","Floor protected with bubbleweave floor protection or polyweave"
"bb4e738a-7e26-5f81-a46c-52ebf99c500f","","checkpoint-status","not-started","","","TRUE","TRUE","Site QA","Floor Finishes","WING A","A.30A ENSUITE","Protection and Handover","Installer Sign Off: Protection installed as per manufacturer's instructions"
"48476063-cb4a-4880-ab11-0ce87e58faea","","checklist-sectioned","not-started","5a8a68d1221a9e608c282940756e19ac2c3c1dd54ffd7888cef6f74664a05c9a","checklist","FALSE","FALSE","Site QA","Floor Finishes","WING A","A.31 BED"
"d5d465c3-061c-5dbd-87e4-7208a5d152d6","","checkpoint-group","not-started","","","FALSE","FALSE","Site QA","Floor Finishes","WING A","A.31 BED","Subfloor, Floor Preparation, Adhesive"
"e8739547-2f1f-50df-99cd-41f776c12194","","checkpoint-status","not-started","","","TRUE","TRUE","Site QA","Floor Finishes","WING A","A.31 BED","Subfloor, Floor Preparation, Adhesive","Confirm area of work is accessible & acceptable to commence (If not comment below)"
"18cc7ec3-5f64-5b58-aa1a-3e70a319019d","","checkpoint-status","not-started","","","TRUE","TRUE","Site QA","Floor Finishes","WING A","A.31 BED","Subfloor, Floor Preparation, Adhesive","Subfloor mechanically diamond ground"
"6f706d38-7f28-49b5-8916-ae1ffd1c49cc","","checkpoint-status","not-started","","","TRUE","TRUE","Site QA","Floor Finishes","WING A","A.31 BED","Subfloor, Floor Preparation, Adhesive","Floor preparation product installed in accordance with manufacturer's instructions"
"263b686b-80c9-5cb7-9ab7-f28cb68cea12","","checkpoint-status","not-started","","","TRUE","TRUE","Site QA","Floor Finishes","WING A","A.31 BED","Subfloor, Floor Preparation, Adhesive","Floor transitions installed as per instructions from builder"
"10fb8b74-2140-4a10-a9b1-ffc941d278c1","","checkpoint-status","not-started","","","TRUE","TRUE","Site QA","Floor Finishes","WING A","A.31 BED","Subfloor, Floor Preparation, Adhesive","Waterproof tested for falls, and water test completed by waterproofers"
"af082896-554d-5834-8349-7282c71d3293","","checkpoint-status","not-started","","","TRUE","TRUE","Site QA","Floor Finishes","WING A","A.31 BED","Subfloor, Floor Preparation, Adhesive","Correct adhesive used"
"b6a9fbed-67dc-5988-92e3-cb8d4ff59e70","","checkpoint-group","not-started","","","FALSE","FALSE","Site QA","Floor Finishes","WING A","A.31 BED","Carpet / Vinyl"
"64cd42f5-082c-5e8e-bcba-39ff4160aefb","","checkpoint-status","not-started","","","TRUE","TRUE","Site QA","Floor Finishes","WING A","A.31 BED","Carpet / Vinyl","Confirm area of work is accessible & acceptable to commence (If not comment below)"
"f8bcef61-c7fc-5bf5-b576-a681117d917b","","checkpoint-status","not-started","","","TRUE","TRUE","Site QA","Floor Finishes","WING A","A.31 BED","Carpet / Vinyl","Vinyl installed as per plan"
"e2205bcb-1fb0-51c6-8781-546c1ef308b7","","checkpoint-status","not-started","","","TRUE","TRUE","Site QA","Floor Finishes","WING A","A.31 BED","Carpet / Vinyl","Carpet installed as per plan"
"8264579f-7e1a-5802-b592-295af43281fd","","checkpoint-status","not-started","","","TRUE","TRUE","Site QA","Floor Finishes","WING A","A.31 BED","Carpet / Vinyl","Joints sealed with heat welded seams and mitres as per AS 1884-2012"
"05d2614d-58a2-59ad-b1ef-a665b8bbf17b","","checkpoint-status","not-started","","","TRUE","TRUE","Site QA","Floor Finishes","WING A","A.31 BED","Carpet / Vinyl","Vinyl skirt and coving used as per finishes markup - 150mm height"
"2717b40b-d171-5c85-8d1c-b25dde1dfb6c","","checkpoint-status","not-started","","","TRUE","TRUE","Site QA","Floor Finishes","WING A","A.31 BED","Carpet / Vinyl","Installer Sign Off: Carpet / Vinyl installed as per manufacturer's instructions"
"de846f5f-847f-5b8c-a016-d5e5734483c6","","checkpoint-status","not-started","","","TRUE","TRUE","Site QA","Floor Finishes","WING A","A.31 BED","Carpet / Vinyl","Add-Floors Sign Off"
"ab65778e-1532-5ffa-8593-7de7656fe9d0","","checkpoint-status","not-started","","","TRUE","TRUE","Site QA","Floor Finishes","WING A","A.31 BED","Carpet / Vinyl","Foreman installation sign off"
"06ab06f4-ec44-5484-8e3e-29982517949a","","checkpoint-group","not-started","","","FALSE","FALSE","Site QA","Floor Finishes","WING A","A.31 BED","Wall Finish"
"1c763044-1c8c-510a-a7fd-0ed21b43542e","","checkpoint-status","not-started","","","TRUE","TRUE","Site QA","Floor Finishes","WING A","A.31 BED","Wall Finish","Wall Finish installed as per plan"
"bb257ad3-dbf7-5034-8438-bfff8be04d52","","checkpoint-group","not-started","","","FALSE","FALSE","Site QA","Floor Finishes","WING A","A.31 BED","Protection and Handover"
"ef56f6a8-44fa-54a5-bd3c-35fab5442b7a","","checkpoint-status","not-started","","","TRUE","TRUE","Site QA","Floor Finishes","WING A","A.31 BED","Protection and Handover","Installation complete, checked and reviewed - as per specification"
"878ef90c-9ec8-580f-83f3-5960b199a30a","","checkpoint-status","not-started","","","TRUE","TRUE","Site QA","Floor Finishes","WING A","A.31 BED","Protection and Handover","Floor protected with bubbleweave floor protection or polyweave"
"5adc6a12-92c5-5ce7-86ad-d6624d3e2903","","checkpoint-status","not-started","","","TRUE","TRUE","Site QA","Floor Finishes","WING A","A.31 BED","Protection and Handover","Installer Sign Off: Protection installed as per manufacturer's instructions"
"74bda9ab-65fc-4701-8126-0e812b1915d3","","checklist-sectioned","not-started","5a8a68d1221a9e608c282940756e19ac2c3c1dd54ffd7888cef6f74664a05c9a","checklist","FALSE","FALSE","Site QA","Floor Finishes","WING A","A.31A ENSUITE"
"e1c9b178-7e5f-5044-b3d2-f7ad6ef80464","","checkpoint-group","not-started","","","FALSE","FALSE","Site QA","Floor Finishes","WING A","A.31A ENSUITE","Subfloor, Floor Preparation, Adhesive"
"64b30714-6cbb-550c-9162-d6f06ecb7112","","checkpoint-status","not-started","","","TRUE","TRUE","Site QA","Floor Finishes","WING A","A.31A ENSUITE","Subfloor, Floor Preparation, Adhesive","Confirm area of work is accessible & acceptable to commence (If not comment below)"
"007bc0e6-9baf-59a5-b40a-b9b10fb1973f","","checkpoint-status","not-started","","","TRUE","TRUE","Site QA","Floor Finishes","WING A","A.31A ENSUITE","Subfloor, Floor Preparation, Adhesive","Subfloor mechanically diamond ground"
"27622f8c-dae0-4d09-b1e2-3f192ba19109","","checkpoint-status","not-started","","","TRUE","TRUE","Site QA","Floor Finishes","WING A","A.31A ENSUITE","Subfloor, Floor Preparation, Adhesive","Floor preparation product installed in accordance with manufacturer's instructions"
"1c3ac02f-e2a9-53c9-b6ce-048deb1220e9","","checkpoint-status","not-started","","","TRUE","TRUE","Site QA","Floor Finishes","WING A","A.31A ENSUITE","Subfloor, Floor Preparation, Adhesive","Floor transitions installed as per instructions from builder"
"fcf9056b-5265-4d77-be58-cb59c131073e","","checkpoint-status","not-started","","","TRUE","TRUE","Site QA","Floor Finishes","WING A","A.31A ENSUITE","Subfloor, Floor Preparation, Adhesive","Waterproof tested for falls, and water test completed by waterproofers"
"c16713e0-cc1b-5895-9739-49550edd9182","","checkpoint-status","not-started","","","TRUE","TRUE","Site QA","Floor Finishes","WING A","A.31A ENSUITE","Subfloor, Floor Preparation, Adhesive","Correct adhesive used"
"7d50b0b7-a692-56cb-b2f2-93b108b9b6fb","","checkpoint-group","not-started","","","FALSE","FALSE","Site QA","Floor Finishes","WING A","A.31A ENSUITE","Carpet / Vinyl"
"ad79d475-0e4f-5fe2-bb54-e4c20b6f0973","","checkpoint-status","not-started","","","TRUE","TRUE","Site QA","Floor Finishes","WING A","A.31A ENSUITE","Carpet / Vinyl","Confirm area of work is accessible & acceptable to commence (If not comment below)"
"83c24ed9-a0a5-55ad-83ec-cf443265aae1","","checkpoint-status","not-started","","","TRUE","TRUE","Site QA","Floor Finishes","WING A","A.31A ENSUITE","Carpet / Vinyl","Vinyl installed as per plan"
"5ee5c4ff-7c8a-545b-991c-c2f7bce12542","","checkpoint-status","not-started","","","TRUE","TRUE","Site QA","Floor Finishes","WING A","A.31A ENSUITE","Carpet / Vinyl","Carpet installed as per plan"
"e57c4615-cb05-5d1d-a615-3b3048f8bcb0","","checkpoint-status","not-started","","","TRUE","TRUE","Site QA","Floor Finishes","WING A","A.31A ENSUITE","Carpet / Vinyl","Joints sealed with heat welded seams and mitres as per AS 1884-2012"
"4e1f0115-3344-5f26-b958-4a272d7e24cd","","checkpoint-status","not-started","","","TRUE","TRUE","Site QA","Floor Finishes","WING A","A.31A ENSUITE","Carpet / Vinyl","Vinyl skirt and coving used as per finishes markup - 150mm height"
"513d8459-a7bb-5c31-a0d8-e7f797433133","","checkpoint-status","not-started","","","TRUE","TRUE","Site QA","Floor Finishes","WING A","A.31A ENSUITE","Carpet / Vinyl","Installer Sign Off: Carpet / Vinyl installed as per manufacturer's instructions"
"e0dc05a2-b6d2-561a-9038-f505fcc7b124","","checkpoint-status","not-started","","","TRUE","TRUE","Site QA","Floor Finishes","WING A","A.31A ENSUITE","Carpet / Vinyl","Add-Floors Sign Off"
"1c86f04d-df6a-50d7-bac2-b7dae541c4a2","","checkpoint-status","not-started","","","TRUE","TRUE","Site QA","Floor Finishes","WING A","A.31A ENSUITE","Carpet / Vinyl","Foreman installation sign off"
"5bb48d6b-9fab-5b50-9a4f-1d453bd0e4ec","","checkpoint-group","not-started","","","FALSE","FALSE","Site QA","Floor Finishes","WING A","A.31A ENSUITE","Wall Finish"
"9c621f40-ef72-5c58-86aa-9490c434bd05","","checkpoint-status","not-started","","","TRUE","TRUE","Site QA","Floor Finishes","WING A","A.31A ENSUITE","Wall Finish","Wall Finish installed as per plan"
"9004ed08-6152-542a-ba7c-5f615dc3358b","","checkpoint-group","not-started","","","FALSE","FALSE","Site QA","Floor Finishes","WING A","A.31A ENSUITE","Protection and Handover"
"7d0df097-3ecd-565c-8115-26660d12836c","","checkpoint-status","not-started","","","TRUE","TRUE","Site QA","Floor Finishes","WING A","A.31A ENSUITE","Protection and Handover","Installation complete, checked and reviewed - as per specification"
"7b33345f-628a-5120-b9e8-a4fbccf4d5f5","","checkpoint-status","not-started","","","TRUE","TRUE","Site QA","Floor Finishes","WING A","A.31A ENSUITE","Protection and Handover","Floor protected with bubbleweave floor protection or polyweave"
"9e7942e2-c490-57c1-bb2b-2663b21ecb84","","checkpoint-status","not-started","","","TRUE","TRUE","Site QA","Floor Finishes","WING A","A.31A ENSUITE","Protection and Handover","Installer Sign Off: Protection installed as per manufacturer's instructions"
"b123e489-c42a-4d14-82f4-9b23c3461bbf","","checklist-sectioned","not-started","5a8a68d1221a9e608c282940756e19ac2c3c1dd54ffd7888cef6f74664a05c9a","checklist","FALSE","FALSE","Site QA","Floor Finishes","WING A","A.32 BED"
"bf97f7bd-1840-524d-bb14-eb41fcb4f20e","","checkpoint-group","not-started","","","FALSE","FALSE","Site QA","Floor Finishes","WING A","A.32 BED","Subfloor, Floor Preparation, Adhesive"
"350d1cfc-dbdf-5f91-9417-3b1eef1f6e1f","","checkpoint-status","not-started","","","TRUE","TRUE","Site QA","Floor Finishes","WING A","A.32 BED","Subfloor, Floor Preparation, Adhesive","Confirm area of work is accessible & acceptable to commence (If not comment below)"
"88f7d2ba-fc7c-500e-844f-2a091918c803","","checkpoint-status","not-started","","","TRUE","TRUE","Site QA","Floor Finishes","WING A","A.32 BED","Subfloor, Floor Preparation, Adhesive","Subfloor mechanically diamond ground"
"f6295cd8-d4f1-453f-bca7-d86cbb88abdd","","checkpoint-status","not-started","","","TRUE","TRUE","Site QA","Floor Finishes","WING A","A.32 BED","Subfloor, Floor Preparation, Adhesive","Floor preparation product installed in accordance with manufacturer's instructions"
"670890ef-54da-56e9-92ad-65cb13c929d1","","checkpoint-status","not-started","","","TRUE","TRUE","Site QA","Floor Finishes","WING A","A.32 BED","Subfloor, Floor Preparation, Adhesive","Floor transitions installed as per instructions from builder"
"d1b4c5b3-adb0-4514-a984-c11f0ee42840","","checkpoint-status","not-started","","","TRUE","TRUE","Site QA","Floor Finishes","WING A","A.32 BED","Subfloor, Floor Preparation, Adhesive","Waterproof tested for falls, and water test completed by waterproofers"
"d023176e-e5ff-5fef-bab1-15ac1bdaa44e","","checkpoint-status","not-started","","","TRUE","TRUE","Site QA","Floor Finishes","WING A","A.32 BED","Subfloor, Floor Preparation, Adhesive","Correct adhesive used"
"660444ac-cbc1-5068-a82b-67650643f210","","checkpoint-group","not-started","","","FALSE","FALSE","Site QA","Floor Finishes","WING A","A.32 BED","Carpet / Vinyl"
"11c32e22-3ce5-5b90-8627-d544fd03b991","","checkpoint-status","not-started","","","TRUE","TRUE","Site QA","Floor Finishes","WING A","A.32 BED","Carpet / Vinyl","Confirm area of work is accessible & acceptable to commence (If not comment below)"
"0f57c2e5-55ce-5db6-97f3-12a9647a456b","","checkpoint-status","not-started","","","TRUE","TRUE","Site QA","Floor Finishes","WING A","A.32 BED","Carpet / Vinyl","Vinyl installed as per plan"
"93d9fd82-5909-5c3d-a778-807e614c6b65","","checkpoint-status","not-started","","","TRUE","TRUE","Site QA","Floor Finishes","WING A","A.32 BED","Carpet / Vinyl","Carpet installed as per plan"
"ff41b80c-5478-504f-b319-3627488de95f","","checkpoint-status","not-started","","","TRUE","TRUE","Site QA","Floor Finishes","WING A","A.32 BED","Carpet / Vinyl","Joints sealed with heat welded seams and mitres as per AS 1884-2012"
"f49d6969-5b42-5613-9a63-2c65ae26234c","","checkpoint-status","not-started","","","TRUE","TRUE","Site QA","Floor Finishes","WING A","A.32 BED","Carpet / Vinyl","Vinyl skirt and coving used as per finishes markup - 150mm height"
"ab543a16-cf98-521f-a16d-881f9d11fdaa","","checkpoint-status","not-started","","","TRUE","TRUE","Site QA","Floor Finishes","WING A","A.32 BED","Carpet / Vinyl","Installer Sign Off: Carpet / Vinyl installed as per manufacturer's instructions"
"54f29624-4168-5ac2-90c2-a330d73e8544","","checkpoint-status","not-started","","","TRUE","TRUE","Site QA","Floor Finishes","WING A","A.32 BED","Carpet / Vinyl","Add-Floors Sign Off"
"c8681847-4ca7-5beb-8141-591a31fa1f37","","checkpoint-status","not-started","","","TRUE","TRUE","Site QA","Floor Finishes","WING A","A.32 BED","Carpet / Vinyl","Foreman installation sign off"
"93749ad0-225e-5e82-bbd0-067a586f1add","","checkpoint-group","not-started","","","FALSE","FALSE","Site QA","Floor Finishes","WING A","A.32 BED","Wall Finish"
"55606682-c8a1-5289-9ece-68ae3da893f6","","checkpoint-status","not-started","","","TRUE","TRUE","Site QA","Floor Finishes","WING A","A.32 BED","Wall Finish","Wall Finish installed as per plan"
"14917c1f-a227-532a-98d2-fa24208ac665","","checkpoint-group","not-started","","","FALSE","FALSE","Site QA","Floor Finishes","WING A","A.32 BED","Protection and Handover"
"fd5c8d18-490c-50b4-910e-019840710bf8","","checkpoint-status","not-started","","","TRUE","TRUE","Site QA","Floor Finishes","WING A","A.32 BED","Protection and Handover","Installation complete, checked and reviewed - as per specification"
"6c520be7-ddac-585a-aaa8-4a4d0a09951d","","checkpoint-status","not-started","","","TRUE","TRUE","Site QA","Floor Finishes","WING A","A.32 BED","Protection and Handover","Floor protected with bubbleweave floor protection or polyweave"
"1a06c371-c76d-56ba-9fd7-ceccbc31697f","","checkpoint-status","not-started","","","TRUE","TRUE","Site QA","Floor Finishes","WING A","A.32 BED","Protection and Handover","Installer Sign Off: Protection installed as per manufacturer's instructions"
"9673c9aa-c027-4c70-926a-3c92e281cd11","","checklist-sectioned","not-started","5a8a68d1221a9e608c282940756e19ac2c3c1dd54ffd7888cef6f74664a05c9a","checklist","FALSE","FALSE","Site QA","Floor Finishes","WING A","A.32A ENSUITE"
"99ef92cc-80bd-5829-bd6b-bf4c6d22eef0","","checkpoint-group","not-started","","","FALSE","FALSE","Site QA","Floor Finishes","WING A","A.32A ENSUITE","Subfloor, Floor Preparation, Adhesive"
"aa5b9bda-211f-5c96-9ab4-7f1eef98cd86","","checkpoint-status","not-started","","","TRUE","TRUE","Site QA","Floor Finishes","WING A","A.32A ENSUITE","Subfloor, Floor Preparation, Adhesive","Confirm area of work is accessible & acceptable to commence (If not comment below)"
"4a2897d2-02b6-54a1-bd14-19efd997f2e0","","checkpoint-status","not-started","","","TRUE","TRUE","Site QA","Floor Finishes","WING A","A.32A ENSUITE","Subfloor, Floor Preparation, Adhesive","Subfloor mechanically diamond ground"
"a148fdca-5247-43c2-a812-34e2f80863c8","","checkpoint-status","not-started","","","TRUE","TRUE","Site QA","Floor Finishes","WING A","A.32A ENSUITE","Subfloor, Floor Preparation, Adhesive","Floor preparation product installed in accordance with manufacturer's instructions"
"6f8f7278-93b7-5bf0-8394-61a4d6b49f5a","","checkpoint-status","not-started","","","TRUE","TRUE","Site QA","Floor Finishes","WING A","A.32A ENSUITE","Subfloor, Floor Preparation, Adhesive","Floor transitions installed as per instructions from builder"
"8d915e1c-1c7f-4890-9679-c54aa72079f9","","checkpoint-status","not-started","","","TRUE","TRUE","Site QA","Floor Finishes","WING A","A.32A ENSUITE","Subfloor, Floor Preparation, Adhesive","Waterproof tested for falls, and water test completed by waterproofers"
"f3994b31-09bb-51b9-ba18-252380e17073","","checkpoint-status","not-started","","","TRUE","TRUE","Site QA","Floor Finishes","WING A","A.32A ENSUITE","Subfloor, Floor Preparation, Adhesive","Correct adhesive used"
"3fac0938-2c91-5d1c-84cc-4181aab4c7c0","","checkpoint-group","not-started","","","FALSE","FALSE","Site QA","Floor Finishes","WING A","A.32A ENSUITE","Carpet / Vinyl"
"76085158-2d1a-5bf0-bcc8-29e02fa5bc23","","checkpoint-status","not-started","","","TRUE","TRUE","Site QA","Floor Finishes","WING A","A.32A ENSUITE","Carpet / Vinyl","Confirm area of work is accessible & acceptable to commence (If not comment below)"
"350b1c81-59bc-5af2-812f-447203412d24","","checkpoint-status","not-started","","","TRUE","TRUE","Site QA","Floor Finishes","WING A","A.32A ENSUITE","Carpet / Vinyl","Vinyl installed as per plan"
"212f846c-0930-5785-89c1-76a359a6982d","","checkpoint-status","not-started","","","TRUE","TRUE","Site QA","Floor Finishes","WING A","A.32A ENSUITE","Carpet / Vinyl","Carpet installed as per plan"
"66ed495b-9b76-5ed4-a058-8673dc9abc5e","","checkpoint-status","not-started","","","TRUE","TRUE","Site QA","Floor Finishes","WING A","A.32A ENSUITE","Carpet / Vinyl","Joints sealed with heat welded seams and mitres as per AS 1884-2012"
"78b0e108-7776-5278-99ac-ef3b27b45ef3","","checkpoint-status","not-started","","","TRUE","TRUE","Site QA","Floor Finishes","WING A","A.32A ENSUITE","Carpet / Vinyl","Vinyl skirt and coving used as per finishes markup - 150mm height"
"8b1f56dc-14be-50e4-9c9d-c2be6314a6d8","","checkpoint-status","not-started","","","TRUE","TRUE","Site QA","Floor Finishes","WING A","A.32A ENSUITE","Carpet / Vinyl","Installer Sign Off: Carpet / Vinyl installed as per manufacturer's instructions"
"3e255020-a388-506c-8a37-f543b2475ecf","","checkpoint-status","not-started","","","TRUE","TRUE","Site QA","Floor Finishes","WING A","A.32A ENSUITE","Carpet / Vinyl","Add-Floors Sign Off"
"32c445a2-ec5b-5edb-8929-546b6f086865","","checkpoint-status","not-started","","","TRUE","TRUE","Site QA","Floor Finishes","WING A","A.32A ENSUITE","Carpet / Vinyl","Foreman installation sign off"
"f6986e59-468b-59d0-b77e-921f2c39dcd8","","checkpoint-group","not-started","","","FALSE","FALSE","Site QA","Floor Finishes","WING A","A.32A ENSUITE","Wall Finish"
"914a2d8c-87fd-5059-8fcb-d946e678e0f3","","checkpoint-status","not-started","","","TRUE","TRUE","Site QA","Floor Finishes","WING A","A.32A ENSUITE","Wall Finish","Wall Finish installed as per plan"
"a45df413-4108-5b52-897d-58a48a6161d4","","checkpoint-group","not-started","","","FALSE","FALSE","Site QA","Floor Finishes","WING A","A.32A ENSUITE","Protection and Handover"
"ee9a6462-4282-5b32-9c45-625b2f7798b1","","checkpoint-status","not-started","","","TRUE","TRUE","Site QA","Floor Finishes","WING A","A.32A ENSUITE","Protection and Handover","Installation complete, checked and reviewed - as per specification"
"3a959e29-695a-59c9-b5c4-d43b83fb694d","","checkpoint-status","not-started","","","TRUE","TRUE","Site QA","Floor Finishes","WING A","A.32A ENSUITE","Protection and Handover","Floor protected with bubbleweave floor protection or polyweave"
"3b36644a-6027-5b00-8c1c-d88540a1e5e8","","checkpoint-status","not-started","","","TRUE","TRUE","Site QA","Floor Finishes","WING A","A.32A ENSUITE","Protection and Handover","Installer Sign Off: Protection installed as per manufacturer's instructions"
"e73f0c23-d826-40ac-ad1f-b932fba3b8bb","","checklist-sectioned","not-started","5a8a68d1221a9e608c282940756e19ac2c3c1dd54ffd7888cef6f74664a05c9a","checklist","FALSE","FALSE","Site QA","Floor Finishes","WING A","A.33 BED"
"efcb29b9-e422-5767-bc8a-f61ba55940b4","","checkpoint-group","not-started","","","FALSE","FALSE","Site QA","Floor Finishes","WING A","A.33 BED","Subfloor, Floor Preparation, Adhesive"
"28d98802-b001-5cdc-98bc-ec60c13b78aa","","checkpoint-status","not-started","","","TRUE","TRUE","Site QA","Floor Finishes","WING A","A.33 BED","Subfloor, Floor Preparation, Adhesive","Confirm area of work is accessible & acceptable to commence (If not comment below)"
"957285a0-e9c2-5053-ae31-f48b55c8c3ce","","checkpoint-status","not-started","","","TRUE","TRUE","Site QA","Floor Finishes","WING A","A.33 BED","Subfloor, Floor Preparation, Adhesive","Subfloor mechanically diamond ground"
"b2c5140d-05e1-4961-af13-fe295d95d02c","","checkpoint-status","not-started","","","TRUE","TRUE","Site QA","Floor Finishes","WING A","A.33 BED","Subfloor, Floor Preparation, Adhesive","Floor preparation product installed in accordance with manufacturer's instructions"
"ec855932-efee-58fb-b6c5-2df05bc0679d","","checkpoint-status","not-started","","","TRUE","TRUE","Site QA","Floor Finishes","WING A","A.33 BED","Subfloor, Floor Preparation, Adhesive","Floor transitions installed as per instructions from builder"
"35133430-7df0-4b3b-b481-7fab774febc0","","checkpoint-status","not-started","","","TRUE","TRUE","Site QA","Floor Finishes","WING A","A.33 BED","Subfloor, Floor Preparation, Adhesive","Waterproof tested for falls, and water test completed by waterproofers"
"588f567f-2fca-5a35-b928-859412ae54af","","checkpoint-status","not-started","","","TRUE","TRUE","Site QA","Floor Finishes","WING A","A.33 BED","Subfloor, Floor Preparation, Adhesive","Correct adhesive used"
"879860d6-0b13-5ae6-b876-b06496bdbda8","","checkpoint-group","not-started","","","FALSE","FALSE","Site QA","Floor Finishes","WING A","A.33 BED","Carpet / Vinyl"
"33d7a7ec-8aa5-555c-8c5e-62997b4e120d","","checkpoint-status","not-started","","","TRUE","TRUE","Site QA","Floor Finishes","WING A","A.33 BED","Carpet / Vinyl","Confirm area of work is accessible & acceptable to commence (If not comment below)"
"bd6e0a44-ca80-58c4-aea0-5593c7296161","","checkpoint-status","not-started","","","TRUE","TRUE","Site QA","Floor Finishes","WING A","A.33 BED","Carpet / Vinyl","Vinyl installed as per plan"
"f58ad9e5-721e-5d9b-834a-dd61f213ebe7","","checkpoint-status","not-started","","","TRUE","TRUE","Site QA","Floor Finishes","WING A","A.33 BED","Carpet / Vinyl","Carpet installed as per plan"
"bb0a314f-faa7-5d18-aae5-f4ef4b2e0081","","checkpoint-status","not-started","","","TRUE","TRUE","Site QA","Floor Finishes","WING A","A.33 BED","Carpet / Vinyl","Joints sealed with heat welded seams and mitres as per AS 1884-2012"
"f34f5d9b-fe6a-5fc7-9f34-f670c01c6efc","","checkpoint-status","not-started","","","TRUE","TRUE","Site QA","Floor Finishes","WING A","A.33 BED","Carpet / Vinyl","Vinyl skirt and coving used as per finishes markup - 150mm height"
"aacf1a5d-4bc5-5d96-88ab-4d9d3fd69249","","checkpoint-status","not-started","","","TRUE","TRUE","Site QA","Floor Finishes","WING A","A.33 BED","Carpet / Vinyl","Installer Sign Off: Carpet / Vinyl installed as per manufacturer's instructions"
"870bde7d-682b-557e-9e61-bf2590bae6b7","","checkpoint-status","not-started","","","TRUE","TRUE","Site QA","Floor Finishes","WING A","A.33 BED","Carpet / Vinyl","Add-Floors Sign Off"
"9e3a8637-3286-5081-9fee-b69e4106b566","","checkpoint-status","not-started","","","TRUE","TRUE","Site QA","Floor Finishes","WING A","A.33 BED","Carpet / Vinyl","Foreman installation sign off"
"a18aa0f4-2c1e-582d-9b4c-e770339ecf22","","checkpoint-group","not-started","","","FALSE","FALSE","Site QA","Floor Finishes","WING A","A.33 BED","Wall Finish"
"a8720503-fab4-5dd0-b55f-7087d8da8ad9","","checkpoint-status","not-started","","","TRUE","TRUE","Site QA","Floor Finishes","WING A","A.33 BED","Wall Finish","Wall Finish installed as per plan"
"f67bf182-dfaa-5536-9dd4-a67dc85e5dc9","","checkpoint-group","not-started","","","FALSE","FALSE","Site QA","Floor Finishes","WING A","A.33 BED","Protection and Handover"
"03b43a46-04ed-5322-a748-0631dddb4ac5","","checkpoint-status","not-started","","","TRUE","TRUE","Site QA","Floor Finishes","WING A","A.33 BED","Protection and Handover","Installation complete, checked and reviewed - as per specification"
"385b2556-6d86-5396-affa-58b1dc380088","","checkpoint-status","not-started","","","TRUE","TRUE","Site QA","Floor Finishes","WING A","A.33 BED","Protection and Handover","Floor protected with bubbleweave floor protection or polyweave"
"d15840b2-65b0-5fbc-b92c-07603cc67957","","checkpoint-status","not-started","","","TRUE","TRUE","Site QA","Floor Finishes","WING A","A.33 BED","Protection and Handover","Installer Sign Off: Protection installed as per manufacturer's instructions"
"d239f3c1-7836-43b6-adac-58b2547e5316","","checklist-sectioned","not-started","5a8a68d1221a9e608c282940756e19ac2c3c1dd54ffd7888cef6f74664a05c9a","checklist","FALSE","FALSE","Site QA","Floor Finishes","WING A","A.33A ENSUITE"
"410708ee-124e-55cd-bd61-a7c1e4c6c5b1","","checkpoint-group","not-started","","","FALSE","FALSE","Site QA","Floor Finishes","WING A","A.33A ENSUITE","Subfloor, Floor Preparation, Adhesive"
"1009cedc-028a-5e94-b453-224ddd5f3dda","","checkpoint-status","not-started","","","TRUE","TRUE","Site QA","Floor Finishes","WING A","A.33A ENSUITE","Subfloor, Floor Preparation, Adhesive","Confirm area of work is accessible & acceptable to commence (If not comment below)"
"5d3e2354-b06a-5ed5-b686-168fc68ca4ab","","checkpoint-status","not-started","","","TRUE","TRUE","Site QA","Floor Finishes","WING A","A.33A ENSUITE","Subfloor, Floor Preparation, Adhesive","Subfloor mechanically diamond ground"
"7b8f8ad8-bdc0-4f82-a6ef-f820adba50f8","","checkpoint-status","not-started","","","TRUE","TRUE","Site QA","Floor Finishes","WING A","A.33A ENSUITE","Subfloor, Floor Preparation, Adhesive","Floor preparation product installed in accordance with manufacturer's instructions"
"a98b634d-90bd-5c10-84ed-c5eaaa7ed392","","checkpoint-status","not-started","","","TRUE","TRUE","Site QA","Floor Finishes","WING A","A.33A ENSUITE","Subfloor, Floor Preparation, Adhesive","Floor transitions installed as per instructions from builder"
"dba8e4bd-d443-4d6f-8031-5ac99e1ad078","","checkpoint-status","not-started","","","TRUE","TRUE","Site QA","Floor Finishes","WING A","A.33A ENSUITE","Subfloor, Floor Preparation, Adhesive","Waterproof tested for falls, and water test completed by waterproofers"
"3065ae9d-e0a9-50b5-a2d1-50dddf39d696","","checkpoint-status","not-started","","","TRUE","TRUE","Site QA","Floor Finishes","WING A","A.33A ENSUITE","Subfloor, Floor Preparation, Adhesive","Correct adhesive used"
"bcdff242-93b6-538f-b3ab-dbb8ed1e4187","","checkpoint-group","not-started","","","FALSE","FALSE","Site QA","Floor Finishes","WING A","A.33A ENSUITE","Carpet / Vinyl"
"0547ea82-a441-5c1a-abbf-fa00a88cc6d7","","checkpoint-status","not-started","","","TRUE","TRUE","Site QA","Floor Finishes","WING A","A.33A ENSUITE","Carpet / Vinyl","Confirm area of work is accessible & acceptable to commence (If not comment below)"
"6eb9e0d4-1976-592f-a873-01587d74d0ee","","checkpoint-status","not-started","","","TRUE","TRUE","Site QA","Floor Finishes","WING A","A.33A ENSUITE","Carpet / Vinyl","Vinyl installed as per plan"
"91d612b6-a757-54bd-9d9c-ed2dcb585f2a","","checkpoint-status","not-started","","","TRUE","TRUE","Site QA","Floor Finishes","WING A","A.33A ENSUITE","Carpet / Vinyl","Carpet installed as per plan"
"a0c73abc-d3ac-5255-b75b-221c5ffec835","","checkpoint-status","not-started","","","TRUE","TRUE","Site QA","Floor Finishes","WING A","A.33A ENSUITE","Carpet / Vinyl","Joints sealed with heat welded seams and mitres as per AS 1884-2012"
"0620ac02-0454-5510-a000-c2a980405831","","checkpoint-status","not-started","","","TRUE","TRUE","Site QA","Floor Finishes","WING A","A.33A ENSUITE","Carpet / Vinyl","Vinyl skirt and coving used as per finishes markup - 150mm height"
"ad9d68ed-58c1-5134-8258-f63fa6fbb0d6","","checkpoint-status","not-started","","","TRUE","TRUE","Site QA","Floor Finishes","WING A","A.33A ENSUITE","Carpet / Vinyl","Installer Sign Off: Carpet / Vinyl installed as per manufacturer's instructions"
"4bcc5999-373e-5e40-a771-268b97859f2a","","checkpoint-status","not-started","","","TRUE","TRUE","Site QA","Floor Finishes","WING A","A.33A ENSUITE","Carpet / Vinyl","Add-Floors Sign Off"
"e0a2bf30-8b9a-5a3a-be00-d0b310bb43fc","","checkpoint-status","not-started","","","TRUE","TRUE","Site QA","Floor Finishes","WING A","A.33A ENSUITE","Carpet / Vinyl","Foreman installation sign off"
"ff727a9b-0d4b-5fed-92d7-de0496cd732d","","checkpoint-group","not-started","","","FALSE","FALSE","Site QA","Floor Finishes","WING A","A.33A ENSUITE","Wall Finish"
"c0472778-ba86-53e0-b54e-2b7312867729","","checkpoint-status","not-started","","","TRUE","TRUE","Site QA","Floor Finishes","WING A","A.33A ENSUITE","Wall Finish","Wall Finish installed as per plan"
"ae5ce089-0419-5be0-83e1-a714e75780ec","","checkpoint-group","not-started","","","FALSE","FALSE","Site QA","Floor Finishes","WING A","A.33A ENSUITE","Protection and Handover"
"88d1ec2e-a06e-50f7-80ef-5235c6f4e515","","checkpoint-status","not-started","","","TRUE","TRUE","Site QA","Floor Finishes","WING A","A.33A ENSUITE","Protection and Handover","Installation complete, checked and reviewed - as per specification"
"99d029a9-40aa-50a7-aab8-9e3809e8920f","","checkpoint-status","not-started","","","TRUE","TRUE","Site QA","Floor Finishes","WING A","A.33A ENSUITE","Protection and Handover","Floor protected with bubbleweave floor protection or polyweave"
"64b5e883-599f-53a4-8e01-6e34efc38b24","","checkpoint-status","not-started","","","TRUE","TRUE","Site QA","Floor Finishes","WING A","A.33A ENSUITE","Protection and Handover","Installer Sign Off: Protection installed as per manufacturer's instructions"
"25e2223a-462a-479d-a7b6-7857bc6e6723","","checklist-sectioned","not-started","5a8a68d1221a9e608c282940756e19ac2c3c1dd54ffd7888cef6f74664a05c9a","checklist","FALSE","FALSE","Site QA","Floor Finishes","WING A","A.34 BED"
"58425b48-0d5b-51d4-b7dd-6ee45b99e321","","checkpoint-group","not-started","","","FALSE","FALSE","Site QA","Floor Finishes","WING A","A.34 BED","Subfloor, Floor Preparation, Adhesive"
"5a93c878-0504-531a-90ce-dfcf7e1fc860","","checkpoint-status","not-started","","","TRUE","TRUE","Site QA","Floor Finishes","WING A","A.34 BED","Subfloor, Floor Preparation, Adhesive","Confirm area of work is accessible & acceptable to commence (If not comment below)"
"144bd832-2fbd-55b7-a5b0-5be29535d261","","checkpoint-status","not-started","","","TRUE","TRUE","Site QA","Floor Finishes","WING A","A.34 BED","Subfloor, Floor Preparation, Adhesive","Subfloor mechanically diamond ground"
"fb267c6f-c4bf-44fc-b277-596292a35f33","","checkpoint-status","not-started","","","TRUE","TRUE","Site QA","Floor Finishes","WING A","A.34 BED","Subfloor, Floor Preparation, Adhesive","Floor preparation product installed in accordance with manufacturer's instructions"
"619dea24-92c9-5379-b75f-0db7761807aa","","checkpoint-status","not-started","","","TRUE","TRUE","Site QA","Floor Finishes","WING A","A.34 BED","Subfloor, Floor Preparation, Adhesive","Floor transitions installed as per instructions from builder"
"8a352880-2f1a-4077-a174-e20585db9a45","","checkpoint-status","not-started","","","TRUE","TRUE","Site QA","Floor Finishes","WING A","A.34 BED","Subfloor, Floor Preparation, Adhesive","Waterproof tested for falls, and water test completed by waterproofers"
"231d9c8a-2a16-56b6-b053-1f7b44169525","","checkpoint-status","not-started","","","TRUE","TRUE","Site QA","Floor Finishes","WING A","A.34 BED","Subfloor, Floor Preparation, Adhesive","Correct adhesive used"
"437b950b-ee07-55de-a028-80aeae54445a","","checkpoint-group","not-started","","","FALSE","FALSE","Site QA","Floor Finishes","WING A","A.34 BED","Carpet / Vinyl"
"c4717baa-7388-56ae-8f7e-ec2a7c4387e6","","checkpoint-status","not-started","","","TRUE","TRUE","Site QA","Floor Finishes","WING A","A.34 BED","Carpet / Vinyl","Confirm area of work is accessible & acceptable to commence (If not comment below)"
"d4ba7bf5-12c0-51f1-94cc-e3a682c2a0a3","","checkpoint-status","not-started","","","TRUE","TRUE","Site QA","Floor Finishes","WING A","A.34 BED","Carpet / Vinyl","Vinyl installed as per plan"
"de8bd9b1-fe0b-568b-ae48-da74f7730b5f","","checkpoint-status","not-started","","","TRUE","TRUE","Site QA","Floor Finishes","WING A","A.34 BED","Carpet / Vinyl","Carpet installed as per plan"
"00181131-837e-50e0-88a3-8da1be425e3e","","checkpoint-status","not-started","","","TRUE","TRUE","Site QA","Floor Finishes","WING A","A.34 BED","Carpet / Vinyl","Joints sealed with heat welded seams and mitres as per AS 1884-2012"
"12667164-d8c9-5e3c-ade8-c260a80f118e","","checkpoint-status","not-started","","","TRUE","TRUE","Site QA","Floor Finishes","WING A","A.34 BED","Carpet / Vinyl","Vinyl skirt and coving used as per finishes markup - 150mm height"
"c5c2ba9b-af11-5327-baf1-529b292a0a4a","","checkpoint-status","not-started","","","TRUE","TRUE","Site QA","Floor Finishes","WING A","A.34 BED","Carpet / Vinyl","Installer Sign Off: Carpet / Vinyl installed as per manufacturer's instructions"
"9081a682-1d1f-5819-bffb-6df21dd0b918","","checkpoint-status","not-started","","","TRUE","TRUE","Site QA","Floor Finishes","WING A","A.34 BED","Carpet / Vinyl","Add-Floors Sign Off"
"1b96be80-f30f-517d-8c01-e5d8e3062cdc","","checkpoint-status","not-started","","","TRUE","TRUE","Site QA","Floor Finishes","WING A","A.34 BED","Carpet / Vinyl","Foreman installation sign off"
"76604e49-9e72-5519-a715-cc8c87b71bcd","","checkpoint-group","not-started","","","FALSE","FALSE","Site QA","Floor Finishes","WING A","A.34 BED","Wall Finish"
"6b1788bf-c02e-587d-9d9f-47fe1bf2b5dd","","checkpoint-status","not-started","","","TRUE","TRUE","Site QA","Floor Finishes","WING A","A.34 BED","Wall Finish","Wall Finish installed as per plan"
"4af65304-0e3f-5ab0-852b-65a322763321","","checkpoint-group","not-started","","","FALSE","FALSE","Site QA","Floor Finishes","WING A","A.34 BED","Protection and Handover"
"4defe9f6-edf6-5ca5-b043-a1081972f3a1","","checkpoint-status","not-started","","","TRUE","TRUE","Site QA","Floor Finishes","WING A","A.34 BED","Protection and Handover","Installation complete, checked and reviewed - as per specification"
"4968f679-6cbd-502b-9fbc-a96efb72bb6d","","checkpoint-status","not-started","","","TRUE","TRUE","Site QA","Floor Finishes","WING A","A.34 BED","Protection and Handover","Floor protected with bubbleweave floor protection or polyweave"
"76ae64dd-c955-5d57-959b-b2e27f957912","","checkpoint-status","not-started","","","TRUE","TRUE","Site QA","Floor Finishes","WING A","A.34 BED","Protection and Handover","Installer Sign Off: Protection installed as per manufacturer's instructions"
"6aa467f6-2a5a-4b92-bc31-b70b58e0c1e2","","checklist-sectioned","not-started","5a8a68d1221a9e608c282940756e19ac2c3c1dd54ffd7888cef6f74664a05c9a","checklist","FALSE","FALSE","Site QA","Floor Finishes","WING A","A.34A ENSUITE"
"90fe66fc-e14e-5b30-8449-f0ee9fbc662b","","checkpoint-group","not-started","","","FALSE","FALSE","Site QA","Floor Finishes","WING A","A.34A ENSUITE","Subfloor, Floor Preparation, Adhesive"
"db8c1ed6-372a-58ae-af8e-cafa57edc607","","checkpoint-status","not-started","","","TRUE","TRUE","Site QA","Floor Finishes","WING A","A.34A ENSUITE","Subfloor, Floor Preparation, Adhesive","Confirm area of work is accessible & acceptable to commence (If not comment below)"
"6a3ce1cb-ebd4-569a-b8af-3bd9ac2e1788","","checkpoint-status","not-started","","","TRUE","TRUE","Site QA","Floor Finishes","WING A","A.34A ENSUITE","Subfloor, Floor Preparation, Adhesive","Subfloor mechanically diamond ground"
"34aa50c3-0de2-4d54-bd7b-a94ce7789333","","checkpoint-status","not-started","","","TRUE","TRUE","Site QA","Floor Finishes","WING A","A.34A ENSUITE","Subfloor, Floor Preparation, Adhesive","Floor preparation product installed in accordance with manufacturer's instructions"
"5e8c5abb-935e-51c0-a171-f0622f91ebb5","","checkpoint-status","not-started","","","TRUE","TRUE","Site QA","Floor Finishes","WING A","A.34A ENSUITE","Subfloor, Floor Preparation, Adhesive","Floor transitions installed as per instructions from builder"
"ae4db707-bc3c-4c87-bb12-58193b5818bd","","checkpoint-status","not-started","","","TRUE","TRUE","Site QA","Floor Finishes","WING A","A.34A ENSUITE","Subfloor, Floor Preparation, Adhesive","Waterproof tested for falls, and water test completed by waterproofers"
"d8ab3969-17d5-5581-b98c-27f816205368","","checkpoint-status","not-started","","","TRUE","TRUE","Site QA","Floor Finishes","WING A","A.34A ENSUITE","Subfloor, Floor Preparation, Adhesive","Correct adhesive used"
"d321f09b-2c37-5630-813d-9ea9d96390c3","","checkpoint-group","not-started","","","FALSE","FALSE","Site QA","Floor Finishes","WING A","A.34A ENSUITE","Carpet / Vinyl"
"1c5483d1-fa85-5650-8e96-e4d3a375cfa6","","checkpoint-status","not-started","","","TRUE","TRUE","Site QA","Floor Finishes","WING A","A.34A ENSUITE","Carpet / Vinyl","Confirm area of work is accessible & acceptable to commence (If not comment below)"
"b55267ba-553e-5405-9d4f-f1af0d17be1f","","checkpoint-status","not-started","","","TRUE","TRUE","Site QA","Floor Finishes","WING A","A.34A ENSUITE","Carpet / Vinyl","Vinyl installed as per plan"
"94ec3be3-2688-50ce-a04b-795f70bb19d6","","checkpoint-status","not-started","","","TRUE","TRUE","Site QA","Floor Finishes","WING A","A.34A ENSUITE","Carpet / Vinyl","Carpet installed as per plan"
"42b20b09-a57b-5a7c-84d3-391648242f9c","","checkpoint-status","not-started","","","TRUE","TRUE","Site QA","Floor Finishes","WING A","A.34A ENSUITE","Carpet / Vinyl","Joints sealed with heat welded seams and mitres as per AS 1884-2012"
"8c49b12f-ecb2-54ff-89b0-b21bcd87bb48","","checkpoint-status","not-started","","","TRUE","TRUE","Site QA","Floor Finishes","WING A","A.34A ENSUITE","Carpet / Vinyl","Vinyl skirt and coving used as per finishes markup - 150mm height"
"b44ee986-f8cd-5eb7-b833-5859858936de","","checkpoint-status","not-started","","","TRUE","TRUE","Site QA","Floor Finishes","WING A","A.34A ENSUITE","Carpet / Vinyl","Installer Sign Off: Carpet / Vinyl installed as per manufacturer's instructions"
"182b8fbf-8980-52be-a187-6d2b57bc2855","","checkpoint-status","not-started","","","TRUE","TRUE","Site QA","Floor Finishes","WING A","A.34A ENSUITE","Carpet / Vinyl","Add-Floors Sign Off"
"71155fd9-f9b0-5403-804d-902fcf7709cb","","checkpoint-status","not-started","","","TRUE","TRUE","Site QA","Floor Finishes","WING A","A.34A ENSUITE","Carpet / Vinyl","Foreman installation sign off"
"bb3dc7c0-ca58-550b-b115-8e0c513e1ace","","checkpoint-group","not-started","","","FALSE","FALSE","Site QA","Floor Finishes","WING A","A.34A ENSUITE","Wall Finish"
"e8c53f81-4f21-56df-a43a-d1b30adabdec","","checkpoint-status","not-started","","","TRUE","TRUE","Site QA","Floor Finishes","WING A","A.34A ENSUITE","Wall Finish","Wall Finish installed as per plan"
"f165cbc8-fcc6-51a1-8322-0c7ed6e1a557","","checkpoint-group","not-started","","","FALSE","FALSE","Site QA","Floor Finishes","WING A","A.34A ENSUITE","Protection and Handover"
"1789e255-73ab-5777-8548-1f6ec36c9e9f","","checkpoint-status","not-started","","","TRUE","TRUE","Site QA","Floor Finishes","WING A","A.34A ENSUITE","Protection and Handover","Installation complete, checked and reviewed - as per specification"
"02c40fed-6efd-5b4c-a2dc-1322efbe3f25","","checkpoint-status","not-started","","","TRUE","TRUE","Site QA","Floor Finishes","WING A","A.34A ENSUITE","Protection and Handover","Floor protected with bubbleweave floor protection or polyweave"
"0803b9c7-84fb-56db-aff2-3ee84d02a577","","checkpoint-status","not-started","","","TRUE","TRUE","Site QA","Floor Finishes","WING A","A.34A ENSUITE","Protection and Handover","Installer Sign Off: Protection installed as per manufacturer's instructions"
"c67116fe-a18b-4457-902f-c46cff67b4eb","","checklist-sectioned","not-started","5a8a68d1221a9e608c282940756e19ac2c3c1dd54ffd7888cef6f74664a05c9a","checklist","FALSE","FALSE","Site QA","Floor Finishes","WING A","A.35 ACTIVITIES"
"e6266799-ddb2-5239-8553-c05c46c8318d","","checkpoint-group","not-started","","","FALSE","FALSE","Site QA","Floor Finishes","WING A","A.35 ACTIVITIES","Subfloor, Floor Preparation, Adhesive"
"9d149f77-c0f7-5445-ae28-34ad9f79517b","","checkpoint-status","not-started","","","TRUE","TRUE","Site QA","Floor Finishes","WING A","A.35 ACTIVITIES","Subfloor, Floor Preparation, Adhesive","Confirm area of work is accessible & acceptable to commence (If not comment below)"
"9d20f8b1-dbd1-5e0e-8bfe-6c50e031e6a1","","checkpoint-status","not-started","","","TRUE","TRUE","Site QA","Floor Finishes","WING A","A.35 ACTIVITIES","Subfloor, Floor Preparation, Adhesive","Subfloor mechanically diamond ground"
"8c585b64-2ec2-4f83-963b-b6396f65f31d","","checkpoint-status","not-started","","","TRUE","TRUE","Site QA","Floor Finishes","WING A","A.35 ACTIVITIES","Subfloor, Floor Preparation, Adhesive","Floor preparation product installed in accordance with manufacturer's instructions"
"2ac45a8b-45c6-55a8-b34b-72558152cede","","checkpoint-status","not-started","","","TRUE","TRUE","Site QA","Floor Finishes","WING A","A.35 ACTIVITIES","Subfloor, Floor Preparation, Adhesive","Floor transitions installed as per instructions from builder"
"3e05881e-43f0-43a5-bd40-cf59eb984c4c","","checkpoint-status","not-started","","","TRUE","TRUE","Site QA","Floor Finishes","WING A","A.35 ACTIVITIES","Subfloor, Floor Preparation, Adhesive","Waterproof tested for falls, and water test completed by waterproofers"
"7131ef84-b4b4-541a-8114-fb213c14baea","","checkpoint-status","not-started","","","TRUE","TRUE","Site QA","Floor Finishes","WING A","A.35 ACTIVITIES","Subfloor, Floor Preparation, Adhesive","Correct adhesive used"
"5be337fa-da36-5bfd-8538-88b7d77a1f6c","","checkpoint-group","not-started","","","FALSE","FALSE","Site QA","Floor Finishes","WING A","A.35 ACTIVITIES","Carpet / Vinyl"
"87d39c23-1c03-56dc-b6eb-412ec12d2d44","","checkpoint-status","not-started","","","TRUE","TRUE","Site QA","Floor Finishes","WING A","A.35 ACTIVITIES","Carpet / Vinyl","Confirm area of work is accessible & acceptable to commence (If not comment below)"
"4817120c-33e8-50d8-ae29-041447f3d760","","checkpoint-status","not-started","","","TRUE","TRUE","Site QA","Floor Finishes","WING A","A.35 ACTIVITIES","Carpet / Vinyl","Vinyl installed as per plan"
"4a12d752-965d-517b-a18a-83dcf5028b3a","","checkpoint-status","not-started","","","TRUE","TRUE","Site QA","Floor Finishes","WING A","A.35 ACTIVITIES","Carpet / Vinyl","Carpet installed as per plan"
"6ec147e8-5952-5642-817d-edfbaa834e9a","","checkpoint-status","not-started","","","TRUE","TRUE","Site QA","Floor Finishes","WING A","A.35 ACTIVITIES","Carpet / Vinyl","Joints sealed with heat welded seams and mitres as per AS 1884-2012"
"20c3dd91-d8d3-5114-8771-d03356b6f012","","checkpoint-status","not-started","","","TRUE","TRUE","Site QA","Floor Finishes","WING A","A.35 ACTIVITIES","Carpet / Vinyl","Vinyl skirt and coving used as per finishes markup - 150mm height"
"0b5d6fee-fa3e-5ac0-804b-3b2372ffa340","","checkpoint-status","not-started","","","TRUE","TRUE","Site QA","Floor Finishes","WING A","A.35 ACTIVITIES","Carpet / Vinyl","Installer Sign Off: Carpet / Vinyl installed as per manufacturer's instructions"
"b94e82e9-2c9a-5c23-8640-646ea05ed635","","checkpoint-status","not-started","","","TRUE","TRUE","Site QA","Floor Finishes","WING A","A.35 ACTIVITIES","Carpet / Vinyl","Add-Floors Sign Off"
"5309c386-81d8-517b-a7ac-7d40240dedbc","","checkpoint-status","not-started","","","TRUE","TRUE","Site QA","Floor Finishes","WING A","A.35 ACTIVITIES","Carpet / Vinyl","Foreman installation sign off"
"0bcf5d27-4a0c-54eb-8995-d4d66b8a5899","","checkpoint-group","not-started","","","FALSE","FALSE","Site QA","Floor Finishes","WING A","A.35 ACTIVITIES","Wall Finish"
"13105f9f-c696-54f9-b90f-1842fc6fa3b4","","checkpoint-status","not-started","","","TRUE","TRUE","Site QA","Floor Finishes","WING A","A.35 ACTIVITIES","Wall Finish","Wall Finish installed as per plan"
"96363f97-cd12-5094-bf0f-d826df843537","","checkpoint-group","not-started","","","FALSE","FALSE","Site QA","Floor Finishes","WING A","A.35 ACTIVITIES","Protection and Handover"
"b9ab4cdf-1e80-588f-8edf-6cddaf117de2","","checkpoint-status","not-started","","","TRUE","TRUE","Site QA","Floor Finishes","WING A","A.35 ACTIVITIES","Protection and Handover","Installation complete, checked and reviewed - as per specification"
"eabcb809-4628-5fe6-87d7-1d908a5bcd9c","","checkpoint-status","not-started","","","TRUE","TRUE","Site QA","Floor Finishes","WING A","A.35 ACTIVITIES","Protection and Handover","Floor protected with bubbleweave floor protection or polyweave"
"0f559c3c-7154-5347-9387-4978f666f245","","checkpoint-status","not-started","","","TRUE","TRUE","Site QA","Floor Finishes","WING A","A.35 ACTIVITIES","Protection and Handover","Installer Sign Off: Protection installed as per manufacturer's instructions"
"b63f24a1-a36a-4c2d-aeb4-ac5c807fd3b4","","checklist-sectioned","not-started","5a8a68d1221a9e608c282940756e19ac2c3c1dd54ffd7888cef6f74664a05c9a","checklist","FALSE","FALSE","Site QA","Floor Finishes","WING A","A.36 STORE"
"5e179196-0a61-5063-94c5-11f9fdf2f167","","checkpoint-group","not-started","","","FALSE","FALSE","Site QA","Floor Finishes","WING A","A.36 STORE","Subfloor, Floor Preparation, Adhesive"
"1c9fe549-0788-5ae5-ab74-e9b12be83fc3","","checkpoint-status","not-started","","","TRUE","TRUE","Site QA","Floor Finishes","WING A","A.36 STORE","Subfloor, Floor Preparation, Adhesive","Confirm area of work is accessible & acceptable to commence (If not comment below)"
"7e883366-3c10-587a-a24c-3c703de9dc01","","checkpoint-status","not-started","","","TRUE","TRUE","Site QA","Floor Finishes","WING A","A.36 STORE","Subfloor, Floor Preparation, Adhesive","Subfloor mechanically diamond ground"
"9eb7f3fb-0fe0-4d1c-b297-b4553074a7ee","","checkpoint-status","not-started","","","TRUE","TRUE","Site QA","Floor Finishes","WING A","A.36 STORE","Subfloor, Floor Preparation, Adhesive","Floor preparation product installed in accordance with manufacturer's instructions"
"c866a2fc-adac-53aa-be0a-10c579547ef6","","checkpoint-status","not-started","","","TRUE","TRUE","Site QA","Floor Finishes","WING A","A.36 STORE","Subfloor, Floor Preparation, Adhesive","Floor transitions installed as per instructions from builder"
"b0edcacf-25b3-498d-bd15-b4b8c2137054","","checkpoint-status","not-started","","","TRUE","TRUE","Site QA","Floor Finishes","WING A","A.36 STORE","Subfloor, Floor Preparation, Adhesive","Waterproof tested for falls, and water test completed by waterproofers"
"5f641817-9128-5cec-ae55-7b9f11941c9d","","checkpoint-status","not-started","","","TRUE","TRUE","Site QA","Floor Finishes","WING A","A.36 STORE","Subfloor, Floor Preparation, Adhesive","Correct adhesive used"
"4617cff3-c51b-5aff-baf2-34ca85a61103","","checkpoint-group","not-started","","","FALSE","FALSE","Site QA","Floor Finishes","WING A","A.36 STORE","Carpet / Vinyl"
"0ec8c246-1ce4-5b1a-90b5-11f46b23e2ae","","checkpoint-status","not-started","","","TRUE","TRUE","Site QA","Floor Finishes","WING A","A.36 STORE","Carpet / Vinyl","Confirm area of work is accessible & acceptable to commence (If not comment below)"
"5562feeb-5bf3-574c-bf07-45853af541d1","","checkpoint-status","not-started","","","TRUE","TRUE","Site QA","Floor Finishes","WING A","A.36 STORE","Carpet / Vinyl","Vinyl installed as per plan"
"1be10540-aeb1-5796-a7eb-7c1248f713a9","","checkpoint-status","not-started","","","TRUE","TRUE","Site QA","Floor Finishes","WING A","A.36 STORE","Carpet / Vinyl","Carpet installed as per plan"
"b8c149ae-3403-53c3-8115-4485ddf5c18c","","checkpoint-status","not-started","","","TRUE","TRUE","Site QA","Floor Finishes","WING A","A.36 STORE","Carpet / Vinyl","Joints sealed with heat welded seams and mitres as per AS 1884-2012"
"47f3bca3-9db1-52aa-8d75-f5b6d319f0cc","","checkpoint-status","not-started","","","TRUE","TRUE","Site QA","Floor Finishes","WING A","A.36 STORE","Carpet / Vinyl","Vinyl skirt and coving used as per finishes markup - 150mm height"
"e0f5c3d9-4e55-560a-b0b3-8ab0241efffd","","checkpoint-status","not-started","","","TRUE","TRUE","Site QA","Floor Finishes","WING A","A.36 STORE","Carpet / Vinyl","Installer Sign Off: Carpet / Vinyl installed as per manufacturer's instructions"
"07555f72-5994-5358-9c51-e08d1a785583","","checkpoint-status","not-started","","","TRUE","TRUE","Site QA","Floor Finishes","WING A","A.36 STORE","Carpet / Vinyl","Add-Floors Sign Off"
"2d7385f7-66be-5e35-a043-6b3a8e56f697","","checkpoint-status","not-started","","","TRUE","TRUE","Site QA","Floor Finishes","WING A","A.36 STORE","Carpet / Vinyl","Foreman installation sign off"
"fbe66e1b-767d-5306-aa7e-7b79b8672c18","","checkpoint-group","not-started","","","FALSE","FALSE","Site QA","Floor Finishes","WING A","A.36 STORE","Wall Finish"
"01e37be4-5b48-580b-8b8c-dd4853e39501","","checkpoint-status","not-started","","","TRUE","TRUE","Site QA","Floor Finishes","WING A","A.36 STORE","Wall Finish","Wall Finish installed as per plan"
"a0797c78-5084-5ab7-90b4-342eb0e68a2c","","checkpoint-group","not-started","","","FALSE","FALSE","Site QA","Floor Finishes","WING A","A.36 STORE","Protection and Handover"
"de4ace65-4ec2-50e0-b350-7faccde916b6","","checkpoint-status","not-started","","","TRUE","TRUE","Site QA","Floor Finishes","WING A","A.36 STORE","Protection and Handover","Installation complete, checked and reviewed - as per specification"
"e98e1b0d-5f1c-5b4f-be45-87cd4d6ea599","","checkpoint-status","not-started","","","TRUE","TRUE","Site QA","Floor Finishes","WING A","A.36 STORE","Protection and Handover","Floor protected with bubbleweave floor protection or polyweave"
"f1252287-f2fd-583c-a9cd-68b814e48d0e","","checkpoint-status","not-started","","","TRUE","TRUE","Site QA","Floor Finishes","WING A","A.36 STORE","Protection and Handover","Installer Sign Off: Protection installed as per manufacturer's instructions"
"90db3287-f007-4a7f-b1a5-5ee0747c9193","","checklist-sectioned","not-started","5a8a68d1221a9e608c282940756e19ac2c3c1dd54ffd7888cef6f74664a05c9a","checklist","FALSE","FALSE","Site QA","Floor Finishes","WING A","A.37 PAN ROOM"
"d16e0c2c-8769-501f-899e-618086a5cd3d","","checkpoint-group","not-started","","","FALSE","FALSE","Site QA","Floor Finishes","WING A","A.37 PAN ROOM","Subfloor, Floor Preparation, Adhesive"
"33c063a8-bae9-5f4f-b8ea-3eb50da143de","","checkpoint-status","not-started","","","TRUE","TRUE","Site QA","Floor Finishes","WING A","A.37 PAN ROOM","Subfloor, Floor Preparation, Adhesive","Confirm area of work is accessible & acceptable to commence (If not comment below)"
"90d15849-0b8d-5b67-8ef8-d5e472547bad","","checkpoint-status","not-started","","","TRUE","TRUE","Site QA","Floor Finishes","WING A","A.37 PAN ROOM","Subfloor, Floor Preparation, Adhesive","Subfloor mechanically diamond ground"
"56206294-fcc4-45bf-92cc-9961220193b7","","checkpoint-status","not-started","","","TRUE","TRUE","Site QA","Floor Finishes","WING A","A.37 PAN ROOM","Subfloor, Floor Preparation, Adhesive","Floor preparation product installed in accordance with manufacturer's instructions"
"f8b3cb46-b418-52bc-9e42-cd591fbe81f3","","checkpoint-status","not-started","","","TRUE","TRUE","Site QA","Floor Finishes","WING A","A.37 PAN ROOM","Subfloor, Floor Preparation, Adhesive","Floor transitions installed as per instructions from builder"
"7bf3327c-f7ca-4d82-b97b-d5a726c133aa","","checkpoint-status","not-started","","","TRUE","TRUE","Site QA","Floor Finishes","WING A","A.37 PAN ROOM","Subfloor, Floor Preparation, Adhesive","Waterproof tested for falls, and water test completed by waterproofers"
"fc10f693-8078-5940-af4f-ed4bb7b5582e","","checkpoint-status","not-started","","","TRUE","TRUE","Site QA","Floor Finishes","WING A","A.37 PAN ROOM","Subfloor, Floor Preparation, Adhesive","Correct adhesive used"
"74214a6e-b321-5667-8639-d791a0353e10","","checkpoint-group","not-started","","","FALSE","FALSE","Site QA","Floor Finishes","WING A","A.37 PAN ROOM","Carpet / Vinyl"
"3ae4c5df-2452-5350-9a47-b8d1f92b6103","","checkpoint-status","not-started","","","TRUE","TRUE","Site QA","Floor Finishes","WING A","A.37 PAN ROOM","Carpet / Vinyl","Confirm area of work is accessible & acceptable to commence (If not comment below)"
"630d14ae-1e59-5fe4-a78b-8569e8844622","","checkpoint-status","not-started","","","TRUE","TRUE","Site QA","Floor Finishes","WING A","A.37 PAN ROOM","Carpet / Vinyl","Vinyl installed as per plan"
"a0abe62c-e5bb-576a-a80e-e40e1f3bbee6","","checkpoint-status","not-started","","","TRUE","TRUE","Site QA","Floor Finishes","WING A","A.37 PAN ROOM","Carpet / Vinyl","Carpet installed as per plan"
"892ae8e7-6ce2-55b5-b8b3-0389920faadc","","checkpoint-status","not-started","","","TRUE","TRUE","Site QA","Floor Finishes","WING A","A.37 PAN ROOM","Carpet / Vinyl","Joints sealed with heat welded seams and mitres as per AS 1884-2012"
"a896d276-b146-5c43-a9ee-b7c2c7cd5a94","","checkpoint-status","not-started","","","TRUE","TRUE","Site QA","Floor Finishes","WING A","A.37 PAN ROOM","Carpet / Vinyl","Vinyl skirt and coving used as per finishes markup - 150mm height"
"4e84a556-afea-58d1-b43c-00da23a93d1b","","checkpoint-status","not-started","","","TRUE","TRUE","Site QA","Floor Finishes","WING A","A.37 PAN ROOM","Carpet / Vinyl","Installer Sign Off: Carpet / Vinyl installed as per manufacturer's instructions"
"7fb2e7fd-64f4-5876-b11f-675abb5e654b","","checkpoint-status","not-started","","","TRUE","TRUE","Site QA","Floor Finishes","WING A","A.37 PAN ROOM","Carpet / Vinyl","Add-Floors Sign Off"
"998cd5ec-d026-5cf6-bce4-9d17391db2d7","","checkpoint-status","not-started","","","TRUE","TRUE","Site QA","Floor Finishes","WING A","A.37 PAN ROOM","Carpet / Vinyl","Foreman installation sign off"
"2db187c8-fe61-5d03-9508-ac41b127bcca","","checkpoint-group","not-started","","","FALSE","FALSE","Site QA","Floor Finishes","WING A","A.37 PAN ROOM","Wall Finish"
"980af305-81eb-52ea-8321-f0cd0755b075","","checkpoint-status","not-started","","","TRUE","TRUE","Site QA","Floor Finishes","WING A","A.37 PAN ROOM","Wall Finish","Wall Finish installed as per plan"
"afb363cb-bd81-51ea-a313-fbc50a084024","","checkpoint-group","not-started","","","FALSE","FALSE","Site QA","Floor Finishes","WING A","A.37 PAN ROOM","Protection and Handover"
"c9c3670c-4036-5eb4-887d-4b8d559697a6","","checkpoint-status","not-started","","","TRUE","TRUE","Site QA","Floor Finishes","WING A","A.37 PAN ROOM","Protection and Handover","Installation complete, checked and reviewed - as per specification"
"b680a4a9-9b1b-5447-b70c-a711c363bc52","","checkpoint-status","not-started","","","TRUE","TRUE","Site QA","Floor Finishes","WING A","A.37 PAN ROOM","Protection and Handover","Floor protected with bubbleweave floor protection or polyweave"
"61a947fc-adc0-5c4a-b068-3bf3e1686f51","","checkpoint-status","not-started","","","TRUE","TRUE","Site QA","Floor Finishes","WING A","A.37 PAN ROOM","Protection and Handover","Installer Sign Off: Protection installed as per manufacturer's instructions"
"e2972248-12ac-4585-a9b6-f563f1af1837","","checklist-sectioned","not-started","5a8a68d1221a9e608c282940756e19ac2c3c1dd54ffd7888cef6f74664a05c9a","checklist","FALSE","FALSE","Site QA","Floor Finishes","WING A","A.40 BATH"
"8f3a5500-e43f-566b-b392-5902e343593d","","checkpoint-group","not-started","","","FALSE","FALSE","Site QA","Floor Finishes","WING A","A.40 BATH","Subfloor, Floor Preparation, Adhesive"
"b9cdefe4-f993-50c7-baac-ccd14fd7e9c4","","checkpoint-status","not-started","","","TRUE","TRUE","Site QA","Floor Finishes","WING A","A.40 BATH","Subfloor, Floor Preparation, Adhesive","Confirm area of work is accessible & acceptable to commence (If not comment below)"
"dacc7203-1257-5d56-ab6d-f18743ec66a5","","checkpoint-status","not-started","","","TRUE","TRUE","Site QA","Floor Finishes","WING A","A.40 BATH","Subfloor, Floor Preparation, Adhesive","Subfloor mechanically diamond ground"
"46715c07-5418-4d2f-b909-b737e05004cb","","checkpoint-status","not-started","","","TRUE","TRUE","Site QA","Floor Finishes","WING A","A.40 BATH","Subfloor, Floor Preparation, Adhesive","Floor preparation product installed in accordance with manufacturer's instructions"
"56eb428f-4a18-5d85-abfd-c5737354fb2d","","checkpoint-status","not-started","","","TRUE","TRUE","Site QA","Floor Finishes","WING A","A.40 BATH","Subfloor, Floor Preparation, Adhesive","Floor transitions installed as per instructions from builder"
"5e0d0041-5451-438d-a71b-d9ed4e1de8a3","","checkpoint-status","not-started","","","TRUE","TRUE","Site QA","Floor Finishes","WING A","A.40 BATH","Subfloor, Floor Preparation, Adhesive","Waterproof tested for falls, and water test completed by waterproofers"
"4b7d9260-454b-5f47-93fa-bc76647fa113","","checkpoint-status","not-started","","","TRUE","TRUE","Site QA","Floor Finishes","WING A","A.40 BATH","Subfloor, Floor Preparation, Adhesive","Correct adhesive used"
"2a4655ac-9ae7-522f-8de7-6e38146d73e5","","checkpoint-group","not-started","","","FALSE","FALSE","Site QA","Floor Finishes","WING A","A.40 BATH","Carpet / Vinyl"
"9b37b598-626c-56a4-b9bc-a21f467887b7","","checkpoint-status","not-started","","","TRUE","TRUE","Site QA","Floor Finishes","WING A","A.40 BATH","Carpet / Vinyl","Confirm area of work is accessible & acceptable to commence (If not comment below)"
"d53a9554-3a2a-5fc8-8e1a-c29c68825243","","checkpoint-status","not-started","","","TRUE","TRUE","Site QA","Floor Finishes","WING A","A.40 BATH","Carpet / Vinyl","Vinyl installed as per plan"
"76699768-866c-5446-a0e2-71ff76b36975","","checkpoint-status","not-started","","","TRUE","TRUE","Site QA","Floor Finishes","WING A","A.40 BATH","Carpet / Vinyl","Carpet installed as per plan"
"4cdbb649-6386-5d52-8450-20a75305c4a8","","checkpoint-status","not-started","","","TRUE","TRUE","Site QA","Floor Finishes","WING A","A.40 BATH","Carpet / Vinyl","Joints sealed with heat welded seams and mitres as per AS 1884-2012"
"610c0fde-f110-543e-a876-18e1eca9ebc8","","checkpoint-status","not-started","","","TRUE","TRUE","Site QA","Floor Finishes","WING A","A.40 BATH","Carpet / Vinyl","Vinyl skirt and coving used as per finishes markup - 150mm height"
"31ee071c-50d3-5a36-8d38-6714a4a15fb3","","checkpoint-status","not-started","","","TRUE","TRUE","Site QA","Floor Finishes","WING A","A.40 BATH","Carpet / Vinyl","Installer Sign Off: Carpet / Vinyl installed as per manufacturer's instructions"
"4589d05f-0d3e-5942-8108-d4d62c057dce","","checkpoint-status","not-started","","","TRUE","TRUE","Site QA","Floor Finishes","WING A","A.40 BATH","Carpet / Vinyl","Add-Floors Sign Off"
"c02ccbb8-59fa-5281-9e26-b47cca17f1c1","","checkpoint-status","not-started","","","TRUE","TRUE","Site QA","Floor Finishes","WING A","A.40 BATH","Carpet / Vinyl","Foreman installation sign off"
"8c41cb7a-b44d-58cc-a20a-e96ec9e44a5b","","checkpoint-group","not-started","","","FALSE","FALSE","Site QA","Floor Finishes","WING A","A.40 BATH","Wall Finish"
"6be6736f-a57e-5aa8-9980-d45ef9524b88","","checkpoint-status","not-started","","","TRUE","TRUE","Site QA","Floor Finishes","WING A","A.40 BATH","Wall Finish","Wall Finish installed as per plan"
"4b9e1b64-30b7-5622-8bd2-2886df79f55e","","checkpoint-group","not-started","","","FALSE","FALSE","Site QA","Floor Finishes","WING A","A.40 BATH","Protection and Handover"
"71b1fc52-9a7c-570f-a9c7-f1ba1fd79615","","checkpoint-status","not-started","","","TRUE","TRUE","Site QA","Floor Finishes","WING A","A.40 BATH","Protection and Handover","Installation complete, checked and reviewed - as per specification"
"412bed01-dff1-52e9-a62c-3381f096f1b7","","checkpoint-status","not-started","","","TRUE","TRUE","Site QA","Floor Finishes","WING A","A.40 BATH","Protection and Handover","Floor protected with bubbleweave floor protection or polyweave"
"435ff9ae-370d-55a4-99bc-9f61b73137f0","","checkpoint-status","not-started","","","TRUE","TRUE","Site QA","Floor Finishes","WING A","A.40 BATH","Protection and Handover","Installer Sign Off: Protection installed as per manufacturer's instructions"
"5b6b8522-8ca1-4beb-97dc-6be0408ef896","","checklist-sectioned","not-started","5a8a68d1221a9e608c282940756e19ac2c3c1dd54ffd7888cef6f74664a05c9a","checklist","FALSE","FALSE","Site QA","Floor Finishes","WING A","A.40A ENSUITE"
"4f58d297-eec7-59c4-b61e-b610943ec5fe","","checkpoint-group","not-started","","","FALSE","FALSE","Site QA","Floor Finishes","WING A","A.40A ENSUITE","Subfloor, Floor Preparation, Adhesive"
"6be13b82-2122-5156-b754-8c88608f0569","","checkpoint-status","not-started","","","TRUE","TRUE","Site QA","Floor Finishes","WING A","A.40A ENSUITE","Subfloor, Floor Preparation, Adhesive","Confirm area of work is accessible & acceptable to commence (If not comment below)"
"00cad393-46ff-56ce-ad76-00f51dd0e877","","checkpoint-status","not-started","","","TRUE","TRUE","Site QA","Floor Finishes","WING A","A.40A ENSUITE","Subfloor, Floor Preparation, Adhesive","Subfloor mechanically diamond ground"
"f4755aaa-e833-43cd-a876-9eaa0ffb8848","","checkpoint-status","not-started","","","TRUE","TRUE","Site QA","Floor Finishes","WING A","A.40A ENSUITE","Subfloor, Floor Preparation, Adhesive","Floor preparation product installed in accordance with manufacturer's instructions"
"624f278c-f3aa-5c56-896f-5ba1adc3efe2","","checkpoint-status","not-started","","","TRUE","TRUE","Site QA","Floor Finishes","WING A","A.40A ENSUITE","Subfloor, Floor Preparation, Adhesive","Floor transitions installed as per instructions from builder"
"9ab0d594-b1ee-4738-be6e-f80ef5b6f88d","","checkpoint-status","not-started","","","TRUE","TRUE","Site QA","Floor Finishes","WING A","A.40A ENSUITE","Subfloor, Floor Preparation, Adhesive","Waterproof tested for falls, and water test completed by waterproofers"
"5b405120-9844-5fed-bd1e-4c23f2fba1f8","","checkpoint-status","not-started","","","TRUE","TRUE","Site QA","Floor Finishes","WING A","A.40A ENSUITE","Subfloor, Floor Preparation, Adhesive","Correct adhesive used"
"6996e260-520d-5f4c-8d8a-bd7e324bf00e","","checkpoint-group","not-started","","","FALSE","FALSE","Site QA","Floor Finishes","WING A","A.40A ENSUITE","Carpet / Vinyl"
"27a91c6c-c7af-5e98-8fb1-3dcd0138a759","","checkpoint-status","not-started","","","TRUE","TRUE","Site QA","Floor Finishes","WING A","A.40A ENSUITE","Carpet / Vinyl","Confirm area of work is accessible & acceptable to commence (If not comment below)"
"15507667-70dd-5ee1-a3ec-369105c974eb","","checkpoint-status","not-started","","","TRUE","TRUE","Site QA","Floor Finishes","WING A","A.40A ENSUITE","Carpet / Vinyl","Vinyl installed as per plan"
"91f146b9-4bbc-55d3-81a5-a6a7e4878ec2","","checkpoint-status","not-started","","","TRUE","TRUE","Site QA","Floor Finishes","WING A","A.40A ENSUITE","Carpet / Vinyl","Carpet installed as per plan"
"58586923-7429-50ba-982d-559f4b21535c","","checkpoint-status","not-started","","","TRUE","TRUE","Site QA","Floor Finishes","WING A","A.40A ENSUITE","Carpet / Vinyl","Joints sealed with heat welded seams and mitres as per AS 1884-2012"
"0b60f9a2-84e1-5c9c-b25c-81b1ca55e022","","checkpoint-status","not-started","","","TRUE","TRUE","Site QA","Floor Finishes","WING A","A.40A ENSUITE","Carpet / Vinyl","Vinyl skirt and coving used as per finishes markup - 150mm height"
"e682f323-367c-5099-a12e-993c68dac39b","","checkpoint-status","not-started","","","TRUE","TRUE","Site QA","Floor Finishes","WING A","A.40A ENSUITE","Carpet / Vinyl","Installer Sign Off: Carpet / Vinyl installed as per manufacturer's instructions"
"bc268eee-ca84-564a-b5df-53513ab3276c","","checkpoint-status","not-started","","","TRUE","TRUE","Site QA","Floor Finishes","WING A","A.40A ENSUITE","Carpet / Vinyl","Add-Floors Sign Off"
"04724338-c47f-5836-a370-995c0e30e104","","checkpoint-status","not-started","","","TRUE","TRUE","Site QA","Floor Finishes","WING A","A.40A ENSUITE","Carpet / Vinyl","Foreman installation sign off"
"24772287-9546-5c2c-827d-d4363ab8e73c","","checkpoint-group","not-started","","","FALSE","FALSE","Site QA","Floor Finishes","WING A","A.40A ENSUITE","Wall Finish"
"f6529560-46d1-5a73-a491-82c65cd30b9e","","checkpoint-status","not-started","","","TRUE","TRUE","Site QA","Floor Finishes","WING A","A.40A ENSUITE","Wall Finish","Wall Finish installed as per plan"
"feddbf75-5fa9-52e8-872f-b0915aa8c8d7","","checkpoint-group","not-started","","","FALSE","FALSE","Site QA","Floor Finishes","WING A","A.40A ENSUITE","Protection and Handover"
"aecd65b6-b88a-5bae-a7ef-94b08cb1be43","","checkpoint-status","not-started","","","TRUE","TRUE","Site QA","Floor Finishes","WING A","A.40A ENSUITE","Protection and Handover","Installation complete, checked and reviewed - as per specification"
"4ab381cf-1f7e-546a-92c5-0aca67ebf2ad","","checkpoint-status","not-started","","","TRUE","TRUE","Site QA","Floor Finishes","WING A","A.40A ENSUITE","Protection and Handover","Floor protected with bubbleweave floor protection or polyweave"
"7f66e710-4f0a-52db-bbb7-8d268d2e1bc7","","checkpoint-status","not-started","","","TRUE","TRUE","Site QA","Floor Finishes","WING A","A.40A ENSUITE","Protection and Handover","Installer Sign Off: Protection installed as per manufacturer's instructions"
"88b412d5-dad5-48de-9910-fe173ab2e132","","checklist-sectioned","not-started","5a8a68d1221a9e608c282940756e19ac2c3c1dd54ffd7888cef6f74664a05c9a","checklist","FALSE","FALSE","Site QA","Floor Finishes","WING A","A.41 BED"
"3f8580a4-0ec3-5f15-85d9-5b788c7cc99a","","checkpoint-group","not-started","","","FALSE","FALSE","Site QA","Floor Finishes","WING A","A.41 BED","Subfloor, Floor Preparation, Adhesive"
"7c3e296a-9fcc-5f64-8b79-66d7534fa1cb","","checkpoint-status","not-started","","","TRUE","TRUE","Site QA","Floor Finishes","WING A","A.41 BED","Subfloor, Floor Preparation, Adhesive","Confirm area of work is accessible & acceptable to commence (If not comment below)"
"4c1fd95f-854f-58b1-8426-68fd5d40c8ce","","checkpoint-status","not-started","","","TRUE","TRUE","Site QA","Floor Finishes","WING A","A.41 BED","Subfloor, Floor Preparation, Adhesive","Subfloor mechanically diamond ground"
"73629b1b-98b2-40f5-8a00-dc8b35d6a09b","","checkpoint-status","not-started","","","TRUE","TRUE","Site QA","Floor Finishes","WING A","A.41 BED","Subfloor, Floor Preparation, Adhesive","Floor preparation product installed in accordance with manufacturer's instructions"
"10108dc3-88fd-55de-9e5e-a5b4fd4cfd0f","","checkpoint-status","not-started","","","TRUE","TRUE","Site QA","Floor Finishes","WING A","A.41 BED","Subfloor, Floor Preparation, Adhesive","Floor transitions installed as per instructions from builder"
"cc7ee9f1-54e0-4973-bfee-8e2765eb0308","","checkpoint-status","not-started","","","TRUE","TRUE","Site QA","Floor Finishes","WING A","A.41 BED","Subfloor, Floor Preparation, Adhesive","Waterproof tested for falls, and water test completed by waterproofers"
"95f749bc-7218-5170-b3c8-2fc5cbd13aae","","checkpoint-status","not-started","","","TRUE","TRUE","Site QA","Floor Finishes","WING A","A.41 BED","Subfloor, Floor Preparation, Adhesive","Correct adhesive used"
"0a342d39-3830-5b41-8a96-71d8fd6ff5bd","","checkpoint-group","not-started","","","FALSE","FALSE","Site QA","Floor Finishes","WING A","A.41 BED","Carpet / Vinyl"
"0db7eac5-0c92-5487-8b6e-d4d511d1c533","","checkpoint-status","not-started","","","TRUE","TRUE","Site QA","Floor Finishes","WING A","A.41 BED","Carpet / Vinyl","Confirm area of work is accessible & acceptable to commence (If not comment below)"
"8ae4195b-76f4-5e83-863b-5f13f932e367","","checkpoint-status","not-started","","","TRUE","TRUE","Site QA","Floor Finishes","WING A","A.41 BED","Carpet / Vinyl","Vinyl installed as per plan"
"b8e70208-ab44-5f1d-a530-ef359b098ece","","checkpoint-status","not-started","","","TRUE","TRUE","Site QA","Floor Finishes","WING A","A.41 BED","Carpet / Vinyl","Carpet installed as per plan"
"464822e3-cddb-5c21-8856-c3c3c6b7396c","","checkpoint-status","not-started","","","TRUE","TRUE","Site QA","Floor Finishes","WING A","A.41 BED","Carpet / Vinyl","Joints sealed with heat welded seams and mitres as per AS 1884-2012"
"7f3fa658-3e69-5a55-af40-abc25137acda","","checkpoint-status","not-started","","","TRUE","TRUE","Site QA","Floor Finishes","WING A","A.41 BED","Carpet / Vinyl","Vinyl skirt and coving used as per finishes markup - 150mm height"
"250d4622-47ff-5f6f-9f86-3ce8c6b47b8c","","checkpoint-status","not-started","","","TRUE","TRUE","Site QA","Floor Finishes","WING A","A.41 BED","Carpet / Vinyl","Installer Sign Off: Carpet / Vinyl installed as per manufacturer's instructions"
"7a87c7e2-c83e-5a92-8241-584fa7826c75","","checkpoint-status","not-started","","","TRUE","TRUE","Site QA","Floor Finishes","WING A","A.41 BED","Carpet / Vinyl","Add-Floors Sign Off"
"dd2b9dee-49d7-56a4-b667-7716f3e82955","","checkpoint-status","not-started","","","TRUE","TRUE","Site QA","Floor Finishes","WING A","A.41 BED","Carpet / Vinyl","Foreman installation sign off"
"bda55d0c-8395-5e56-a79c-d99ffefd2ed6","","checkpoint-group","not-started","","","FALSE","FALSE","Site QA","Floor Finishes","WING A","A.41 BED","Wall Finish"
"9ac71ad4-119e-5f51-b56b-c2de5a5507f1","","checkpoint-status","not-started","","","TRUE","TRUE","Site QA","Floor Finishes","WING A","A.41 BED","Wall Finish","Wall Finish installed as per plan"
"b4e89b80-859d-5699-8066-b569dcec2ec5","","checkpoint-group","not-started","","","FALSE","FALSE","Site QA","Floor Finishes","WING A","A.41 BED","Protection and Handover"
"5424b105-5b17-5494-9525-b5860cbe987d","","checkpoint-status","not-started","","","TRUE","TRUE","Site QA","Floor Finishes","WING A","A.41 BED","Protection and Handover","Installation complete, checked and reviewed - as per specification"
"3a6c9df1-19da-5e95-afbf-005f1033ad2c","","checkpoint-status","not-started","","","TRUE","TRUE","Site QA","Floor Finishes","WING A","A.41 BED","Protection and Handover","Floor protected with bubbleweave floor protection or polyweave"
"f0cbb33c-245f-5b15-beff-f52438ee6f7a","","checkpoint-status","not-started","","","TRUE","TRUE","Site QA","Floor Finishes","WING A","A.41 BED","Protection and Handover","Installer Sign Off: Protection installed as per manufacturer's instructions"
"adc8b05e-ff42-45cf-be5e-5622cc4d7e43","","checklist-sectioned","not-started","5a8a68d1221a9e608c282940756e19ac2c3c1dd54ffd7888cef6f74664a05c9a","checklist","FALSE","FALSE","Site QA","Floor Finishes","WING A","A.41A ENSUITE"
"c7dbbd54-f8e1-5d40-9cc4-b0f141f8cf36","","checkpoint-group","not-started","","","FALSE","FALSE","Site QA","Floor Finishes","WING A","A.41A ENSUITE","Subfloor, Floor Preparation, Adhesive"
"0eb46c03-71e3-5a54-806e-d81cb1990670","","checkpoint-status","not-started","","","TRUE","TRUE","Site QA","Floor Finishes","WING A","A.41A ENSUITE","Subfloor, Floor Preparation, Adhesive","Confirm area of work is accessible & acceptable to commence (If not comment below)"
"00ea7898-36b9-5992-a7ad-ff6384f1635d","","checkpoint-status","not-started","","","TRUE","TRUE","Site QA","Floor Finishes","WING A","A.41A ENSUITE","Subfloor, Floor Preparation, Adhesive","Subfloor mechanically diamond ground"
"f3dd1485-e21a-4c26-bc30-29c3516c54d6","","checkpoint-status","not-started","","","TRUE","TRUE","Site QA","Floor Finishes","WING A","A.41A ENSUITE","Subfloor, Floor Preparation, Adhesive","Floor preparation product installed in accordance with manufacturer's instructions"
"01036413-fedb-5ccb-8128-103e63cf0381","","checkpoint-status","not-started","","","TRUE","TRUE","Site QA","Floor Finishes","WING A","A.41A ENSUITE","Subfloor, Floor Preparation, Adhesive","Floor transitions installed as per instructions from builder"
"4f2a5892-259f-4963-8b89-99ba7e952625","","checkpoint-status","not-started","","","TRUE","TRUE","Site QA","Floor Finishes","WING A","A.41A ENSUITE","Subfloor, Floor Preparation, Adhesive","Waterproof tested for falls, and water test completed by waterproofers"
"b8739828-9845-5225-a3c0-fcecbea99081","","checkpoint-status","not-started","","","TRUE","TRUE","Site QA","Floor Finishes","WING A","A.41A ENSUITE","Subfloor, Floor Preparation, Adhesive","Correct adhesive used"
"f8403d7f-0632-5b5f-9f66-7e078f1d23a6","","checkpoint-group","not-started","","","FALSE","FALSE","Site QA","Floor Finishes","WING A","A.41A ENSUITE","Carpet / Vinyl"
"d268170d-e49e-5871-9156-4b1968c1e887","","checkpoint-status","not-started","","","TRUE","TRUE","Site QA","Floor Finishes","WING A","A.41A ENSUITE","Carpet / Vinyl","Confirm area of work is accessible & acceptable to commence (If not comment below)"
"b4e33acf-8fe7-524b-b3db-5d353131cba2","","checkpoint-status","not-started","","","TRUE","TRUE","Site QA","Floor Finishes","WING A","A.41A ENSUITE","Carpet / Vinyl","Vinyl installed as per plan"
"e932990b-66df-586e-88f8-7b098ff87174","","checkpoint-status","not-started","","","TRUE","TRUE","Site QA","Floor Finishes","WING A","A.41A ENSUITE","Carpet / Vinyl","Carpet installed as per plan"
"bd4a34b2-acc7-5dbc-a406-aa269834d96f","","checkpoint-status","not-started","","","TRUE","TRUE","Site QA","Floor Finishes","WING A","A.41A ENSUITE","Carpet / Vinyl","Joints sealed with heat welded seams and mitres as per AS 1884-2012"
"46794015-842c-58dd-b6bb-fad0f41e9b80","","checkpoint-status","not-started","","","TRUE","TRUE","Site QA","Floor Finishes","WING A","A.41A ENSUITE","Carpet / Vinyl","Vinyl skirt and coving used as per finishes markup - 150mm height"
"819addd7-1a15-52e1-a8f3-c13d61b6532a","","checkpoint-status","not-started","","","TRUE","TRUE","Site QA","Floor Finishes","WING A","A.41A ENSUITE","Carpet / Vinyl","Installer Sign Off: Carpet / Vinyl installed as per manufacturer's instructions"
"ffc7c18b-75c3-582c-9806-10ec8e8a083f","","checkpoint-status","not-started","","","TRUE","TRUE","Site QA","Floor Finishes","WING A","A.41A ENSUITE","Carpet / Vinyl","Add-Floors Sign Off"
"f37b3922-3410-5521-8a85-39e22180570b","","checkpoint-status","not-started","","","TRUE","TRUE","Site QA","Floor Finishes","WING A","A.41A ENSUITE","Carpet / Vinyl","Foreman installation sign off"
"a96a708d-883b-5817-aaaf-c78939d3b405","","checkpoint-group","not-started","","","FALSE","FALSE","Site QA","Floor Finishes","WING A","A.41A ENSUITE","Wall Finish"
"ae4553e9-133c-504e-96b8-754522efc4b4","","checkpoint-status","not-started","","","TRUE","TRUE","Site QA","Floor Finishes","WING A","A.41A ENSUITE","Wall Finish","Wall Finish installed as per plan"
"6a5df867-45b8-525e-9901-0d839c0e67fa","","checkpoint-group","not-started","","","FALSE","FALSE","Site QA","Floor Finishes","WING A","A.41A ENSUITE","Protection and Handover"
"17a817c8-8145-59f1-a991-ce8271de7229","","checkpoint-status","not-started","","","TRUE","TRUE","Site QA","Floor Finishes","WING A","A.41A ENSUITE","Protection and Handover","Installation complete, checked and reviewed - as per specification"
"b563a9b3-beb6-5259-9656-4eec5968783d","","checkpoint-status","not-started","","","TRUE","TRUE","Site QA","Floor Finishes","WING A","A.41A ENSUITE","Protection and Handover","Floor protected with bubbleweave floor protection or polyweave"
"3f1fc130-c0d1-5bc0-a2d5-96bfc3004a85","","checkpoint-status","not-started","","","TRUE","TRUE","Site QA","Floor Finishes","WING A","A.41A ENSUITE","Protection and Handover","Installer Sign Off: Protection installed as per manufacturer's instructions"
"a68b4f90-ead6-48d9-9adf-b72afeca3969","","checklist-sectioned","not-started","5a8a68d1221a9e608c282940756e19ac2c3c1dd54ffd7888cef6f74664a05c9a","checklist","FALSE","FALSE","Site QA","Floor Finishes","WING A","A.42 BED"
"55037264-d0aa-52ed-b80a-37667bd00f3b","","checkpoint-group","not-started","","","FALSE","FALSE","Site QA","Floor Finishes","WING A","A.42 BED","Subfloor, Floor Preparation, Adhesive"
"e1e09061-3192-5d16-afb8-3fd2252710e0","","checkpoint-status","not-started","","","TRUE","TRUE","Site QA","Floor Finishes","WING A","A.42 BED","Subfloor, Floor Preparation, Adhesive","Confirm area of work is accessible & acceptable to commence (If not comment below)"
"949a689b-0835-5d5e-b026-47c77a7fa3a9","","checkpoint-status","not-started","","","TRUE","TRUE","Site QA","Floor Finishes","WING A","A.42 BED","Subfloor, Floor Preparation, Adhesive","Subfloor mechanically diamond ground"
"c145ef49-9fd1-4a7c-9bdd-f1d40ab72703","","checkpoint-status","not-started","","","TRUE","TRUE","Site QA","Floor Finishes","WING A","A.42 BED","Subfloor, Floor Preparation, Adhesive","Floor preparation product installed in accordance with manufacturer's instructions"
"53d6c985-b834-50cc-8193-3574799c3779","","checkpoint-status","not-started","","","TRUE","TRUE","Site QA","Floor Finishes","WING A","A.42 BED","Subfloor, Floor Preparation, Adhesive","Floor transitions installed as per instructions from builder"
"fe20c991-f136-43dd-a9a4-f877a4554f2c","","checkpoint-status","not-started","","","TRUE","TRUE","Site QA","Floor Finishes","WING A","A.42 BED","Subfloor, Floor Preparation, Adhesive","Waterproof tested for falls, and water test completed by waterproofers"
"6e3a0bc5-5aef-55a6-beb0-10f304a9224f","","checkpoint-status","not-started","","","TRUE","TRUE","Site QA","Floor Finishes","WING A","A.42 BED","Subfloor, Floor Preparation, Adhesive","Correct adhesive used"
"421c61fb-0923-5353-bf8e-b6d4a78eac73","","checkpoint-group","not-started","","","FALSE","FALSE","Site QA","Floor Finishes","WING A","A.42 BED","Carpet / Vinyl"
"1ba810db-e119-59b1-a2e6-ffaf50f81828","","checkpoint-status","not-started","","","TRUE","TRUE","Site QA","Floor Finishes","WING A","A.42 BED","Carpet / Vinyl","Confirm area of work is accessible & acceptable to commence (If not comment below)"
"c09ab8ff-f872-547f-9b2f-eea67e26a9a3","","checkpoint-status","not-started","","","TRUE","TRUE","Site QA","Floor Finishes","WING A","A.42 BED","Carpet / Vinyl","Vinyl installed as per plan"
"cf10bfb5-f55d-5f61-a75d-31343a8d79d0","","checkpoint-status","not-started","","","TRUE","TRUE","Site QA","Floor Finishes","WING A","A.42 BED","Carpet / Vinyl","Carpet installed as per plan"
"20caf9de-b369-5cda-b899-ba8302899af5","","checkpoint-status","not-started","","","TRUE","TRUE","Site QA","Floor Finishes","WING A","A.42 BED","Carpet / Vinyl","Joints sealed with heat welded seams and mitres as per AS 1884-2012"
"0a0cc530-a7df-54c7-903f-26d2c2114a97","","checkpoint-status","not-started","","","TRUE","TRUE","Site QA","Floor Finishes","WING A","A.42 BED","Carpet / Vinyl","Vinyl skirt and coving used as per finishes markup - 150mm height"
"6e3112b4-708c-5d7c-80cb-2f1a514ef9b1","","checkpoint-status","not-started","","","TRUE","TRUE","Site QA","Floor Finishes","WING A","A.42 BED","Carpet / Vinyl","Installer Sign Off: Carpet / Vinyl installed as per manufacturer's instructions"
"51172408-8820-5e53-915b-75633a277765","","checkpoint-status","not-started","","","TRUE","TRUE","Site QA","Floor Finishes","WING A","A.42 BED","Carpet / Vinyl","Add-Floors Sign Off"
"bbdcc209-ff8f-5756-a6df-8c76efac05cc","","checkpoint-status","not-started","","","TRUE","TRUE","Site QA","Floor Finishes","WING A","A.42 BED","Carpet / Vinyl","Foreman installation sign off"
"fcffec1d-6d0b-5461-aff5-5ba02db323b8","","checkpoint-group","not-started","","","FALSE","FALSE","Site QA","Floor Finishes","WING A","A.42 BED","Wall Finish"
"0e73c97a-c339-51da-bd80-ddc4687ca5cf","","checkpoint-status","not-started","","","TRUE","TRUE","Site QA","Floor Finishes","WING A","A.42 BED","Wall Finish","Wall Finish installed as per plan"
"04ee6ae0-6f63-599a-95cd-649f1730037d","","checkpoint-group","not-started","","","FALSE","FALSE","Site QA","Floor Finishes","WING A","A.42 BED","Protection and Handover"
"450e2a6c-94d6-5f63-b1d5-b108ef55d799","","checkpoint-status","not-started","","","TRUE","TRUE","Site QA","Floor Finishes","WING A","A.42 BED","Protection and Handover","Installation complete, checked and reviewed - as per specification"
"4edb5bae-aead-5c2f-b1a9-861025037cb1","","checkpoint-status","not-started","","","TRUE","TRUE","Site QA","Floor Finishes","WING A","A.42 BED","Protection and Handover","Floor protected with bubbleweave floor protection or polyweave"
"d582dedb-4254-5738-8e89-dad5ad3a1b26","","checkpoint-status","not-started","","","TRUE","TRUE","Site QA","Floor Finishes","WING A","A.42 BED","Protection and Handover","Installer Sign Off: Protection installed as per manufacturer's instructions"
"dfcc8547-6d4c-41aa-8de8-a48bd7a8b480","","checklist-sectioned","not-started","5a8a68d1221a9e608c282940756e19ac2c3c1dd54ffd7888cef6f74664a05c9a","checklist","FALSE","FALSE","Site QA","Floor Finishes","WING A","A.42A ENSUITE"
"f33c4fb3-63b7-5338-bac6-ffd56b516aac","","checkpoint-group","not-started","","","FALSE","FALSE","Site QA","Floor Finishes","WING A","A.42A ENSUITE","Subfloor, Floor Preparation, Adhesive"
"40b2430a-8f57-58be-bb37-6cd26e53200e","","checkpoint-status","not-started","","","TRUE","TRUE","Site QA","Floor Finishes","WING A","A.42A ENSUITE","Subfloor, Floor Preparation, Adhesive","Confirm area of work is accessible & acceptable to commence (If not comment below)"
"fb897ee1-c2b5-5177-b5ec-c34f61f738d8","","checkpoint-status","not-started","","","TRUE","TRUE","Site QA","Floor Finishes","WING A","A.42A ENSUITE","Subfloor, Floor Preparation, Adhesive","Subfloor mechanically diamond ground"
"d19a6ffc-1e21-414b-b43a-0cb638619d26","","checkpoint-status","not-started","","","TRUE","TRUE","Site QA","Floor Finishes","WING A","A.42A ENSUITE","Subfloor, Floor Preparation, Adhesive","Floor preparation product installed in accordance with manufacturer's instructions"
"7529e8fd-3cd6-5a3d-9e53-d12ae276cbc9","","checkpoint-status","not-started","","","TRUE","TRUE","Site QA","Floor Finishes","WING A","A.42A ENSUITE","Subfloor, Floor Preparation, Adhesive","Floor transitions installed as per instructions from builder"
"1cbadbf7-45b3-4174-8e59-0ea5b3a9c5ec","","checkpoint-status","not-started","","","TRUE","TRUE","Site QA","Floor Finishes","WING A","A.42A ENSUITE","Subfloor, Floor Preparation, Adhesive","Waterproof tested for falls, and water test completed by waterproofers"
"282e7c4b-a65c-5a3f-9294-279126f103cd","","checkpoint-status","not-started","","","TRUE","TRUE","Site QA","Floor Finishes","WING A","A.42A ENSUITE","Subfloor, Floor Preparation, Adhesive","Correct adhesive used"
"01cbd961-fa42-5af3-bd71-87758e49c20c","","checkpoint-group","not-started","","","FALSE","FALSE","Site QA","Floor Finishes","WING A","A.42A ENSUITE","Carpet / Vinyl"
"0a8eba5f-f4db-541d-8691-0b06b308428d","","checkpoint-status","not-started","","","TRUE","TRUE","Site QA","Floor Finishes","WING A","A.42A ENSUITE","Carpet / Vinyl","Confirm area of work is accessible & acceptable to commence (If not comment below)"
"9d20ba14-d914-59f4-a12b-217c069d3f4b","","checkpoint-status","not-started","","","TRUE","TRUE","Site QA","Floor Finishes","WING A","A.42A ENSUITE","Carpet / Vinyl","Vinyl installed as per plan"
"6af2af8a-0826-5f8a-8bb8-28f71dc05280","","checkpoint-status","not-started","","","TRUE","TRUE","Site QA","Floor Finishes","WING A","A.42A ENSUITE","Carpet / Vinyl","Carpet installed as per plan"
"a7454b05-43a3-5767-b2a7-0a64d4dda21e","","checkpoint-status","not-started","","","TRUE","TRUE","Site QA","Floor Finishes","WING A","A.42A ENSUITE","Carpet / Vinyl","Joints sealed with heat welded seams and mitres as per AS 1884-2012"
"693d4cc4-3ea2-545d-b673-7560242e1e94","","checkpoint-status","not-started","","","TRUE","TRUE","Site QA","Floor Finishes","WING A","A.42A ENSUITE","Carpet / Vinyl","Vinyl skirt and coving used as per finishes markup - 150mm height"
"a33cbf05-a3cb-5461-bd85-1a2689c65fe8","","checkpoint-status","not-started","","","TRUE","TRUE","Site QA","Floor Finishes","WING A","A.42A ENSUITE","Carpet / Vinyl","Installer Sign Off: Carpet / Vinyl installed as per manufacturer's instructions"
"a64f5568-b059-5cb2-81c0-dde2eb9f5269","","checkpoint-status","not-started","","","TRUE","TRUE","Site QA","Floor Finishes","WING A","A.42A ENSUITE","Carpet / Vinyl","Add-Floors Sign Off"
"8650e327-f2cd-52aa-820b-184084f74c79","","checkpoint-status","not-started","","","TRUE","TRUE","Site QA","Floor Finishes","WING A","A.42A ENSUITE","Carpet / Vinyl","Foreman installation sign off"
"a47f2499-cc5d-5449-9232-258571cf3b2b","","checkpoint-group","not-started","","","FALSE","FALSE","Site QA","Floor Finishes","WING A","A.42A ENSUITE","Wall Finish"
"3155c2d6-aceb-58fb-907e-865034eaba6c","","checkpoint-status","not-started","","","TRUE","TRUE","Site QA","Floor Finishes","WING A","A.42A ENSUITE","Wall Finish","Wall Finish installed as per plan"
"7f1bc7af-cc0f-5471-a20c-8a1ff624bdc1","","checkpoint-group","not-started","","","FALSE","FALSE","Site QA","Floor Finishes","WING A","A.42A ENSUITE","Protection and Handover"
"0b2f5c8d-1926-5433-a4db-4fdbe1517ce9","","checkpoint-status","not-started","","","TRUE","TRUE","Site QA","Floor Finishes","WING A","A.42A ENSUITE","Protection and Handover","Installation complete, checked and reviewed - as per specification"
"8362a637-c166-5b9c-b4a5-eb09f587bd71","","checkpoint-status","not-started","","","TRUE","TRUE","Site QA","Floor Finishes","WING A","A.42A ENSUITE","Protection and Handover","Floor protected with bubbleweave floor protection or polyweave"
"9359f903-7df5-51e4-bb76-aa1a74c29d48","","checkpoint-status","not-started","","","TRUE","TRUE","Site QA","Floor Finishes","WING A","A.42A ENSUITE","Protection and Handover","Installer Sign Off: Protection installed as per manufacturer's instructions"
"c6d9e265-8cf1-440d-9127-53878b116ea5","","checklist-sectioned","not-started","5a8a68d1221a9e608c282940756e19ac2c3c1dd54ffd7888cef6f74664a05c9a","checklist","FALSE","FALSE","Site QA","Floor Finishes","WING A","A.43 BED"
"57c23d7b-3a24-5964-a93a-93b4b812850d","","checkpoint-group","not-started","","","FALSE","FALSE","Site QA","Floor Finishes","WING A","A.43 BED","Subfloor, Floor Preparation, Adhesive"
"fd3c7388-78c1-5255-93b7-326ce7d13a45","","checkpoint-status","not-started","","","TRUE","TRUE","Site QA","Floor Finishes","WING A","A.43 BED","Subfloor, Floor Preparation, Adhesive","Confirm area of work is accessible & acceptable to commence (If not comment below)"
"05146222-6f37-55ec-9c0d-2d207a9bed80","","checkpoint-status","not-started","","","TRUE","TRUE","Site QA","Floor Finishes","WING A","A.43 BED","Subfloor, Floor Preparation, Adhesive","Subfloor mechanically diamond ground"
"bcbaa0cc-5650-4bc2-a8ae-59eccea7cf26","","checkpoint-status","not-started","","","TRUE","TRUE","Site QA","Floor Finishes","WING A","A.43 BED","Subfloor, Floor Preparation, Adhesive","Floor preparation product installed in accordance with manufacturer's instructions"
"6b6eb1c7-f6ea-5f1c-a4f6-831723227771","","checkpoint-status","not-started","","","TRUE","TRUE","Site QA","Floor Finishes","WING A","A.43 BED","Subfloor, Floor Preparation, Adhesive","Floor transitions installed as per instructions from builder"
"abd1233f-67d1-4341-963f-8ccaf2e8fbcb","","checkpoint-status","not-started","","","TRUE","TRUE","Site QA","Floor Finishes","WING A","A.43 BED","Subfloor, Floor Preparation, Adhesive","Waterproof tested for falls, and water test completed by waterproofers"
"96b4b190-36f0-5242-8ca4-87c317bd1cb8","","checkpoint-status","not-started","","","TRUE","TRUE","Site QA","Floor Finishes","WING A","A.43 BED","Subfloor, Floor Preparation, Adhesive","Correct adhesive used"
"c132273d-222e-533e-b485-5569bb28b51c","","checkpoint-group","not-started","","","FALSE","FALSE","Site QA","Floor Finishes","WING A","A.43 BED","Carpet / Vinyl"
"87a2bd40-f005-5bb1-b939-185caac15714","","checkpoint-status","not-started","","","TRUE","TRUE","Site QA","Floor Finishes","WING A","A.43 BED","Carpet / Vinyl","Confirm area of work is accessible & acceptable to commence (If not comment below)"
"96561e79-5028-5c4f-a2b0-b4738d6e9fbe","","checkpoint-status","not-started","","","TRUE","TRUE","Site QA","Floor Finishes","WING A","A.43 BED","Carpet / Vinyl","Vinyl installed as per plan"
"ca0abeb1-6ebe-507b-bd2f-b4c3a3fe65f9","","checkpoint-status","not-started","","","TRUE","TRUE","Site QA","Floor Finishes","WING A","A.43 BED","Carpet / Vinyl","Carpet installed as per plan"
"ef767482-3396-5fc7-8bce-79e2d975e48f","","checkpoint-status","not-started","","","TRUE","TRUE","Site QA","Floor Finishes","WING A","A.43 BED","Carpet / Vinyl","Joints sealed with heat welded seams and mitres as per AS 1884-2012"
"705138e0-91ad-5bec-8309-717acaaebfb6","","checkpoint-status","not-started","","","TRUE","TRUE","Site QA","Floor Finishes","WING A","A.43 BED","Carpet / Vinyl","Vinyl skirt and coving used as per finishes markup - 150mm height"
"199ca961-1608-5df2-907a-07fee979162b","","checkpoint-status","not-started","","","TRUE","TRUE","Site QA","Floor Finishes","WING A","A.43 BED","Carpet / Vinyl","Installer Sign Off: Carpet / Vinyl installed as per manufacturer's instructions"
"a7b51af2-c07f-518d-a689-c123dac1202d","","checkpoint-status","not-started","","","TRUE","TRUE","Site QA","Floor Finishes","WING A","A.43 BED","Carpet / Vinyl","Add-Floors Sign Off"
"8a9e4a7a-5cba-56d4-8365-36ee6137d183","","checkpoint-status","not-started","","","TRUE","TRUE","Site QA","Floor Finishes","WING A","A.43 BED","Carpet / Vinyl","Foreman installation sign off"
"b6ba1350-bb0f-5b91-b263-c85754c95ad5","","checkpoint-group","not-started","","","FALSE","FALSE","Site QA","Floor Finishes","WING A","A.43 BED","Wall Finish"
"be947e52-18fb-5977-ac36-f2903c3e1457","","checkpoint-status","not-started","","","TRUE","TRUE","Site QA","Floor Finishes","WING A","A.43 BED","Wall Finish","Wall Finish installed as per plan"
"0b9ab207-e53d-56ae-afcd-15fd830d3909","","checkpoint-group","not-started","","","FALSE","FALSE","Site QA","Floor Finishes","WING A","A.43 BED","Protection and Handover"
"087537e3-849b-5d8c-8f39-3557f032e6bd","","checkpoint-status","not-started","","","TRUE","TRUE","Site QA","Floor Finishes","WING A","A.43 BED","Protection and Handover","Installation complete, checked and reviewed - as per specification"
"16bf2ffc-cbc0-5b87-ae38-d247eeb1243d","","checkpoint-status","not-started","","","TRUE","TRUE","Site QA","Floor Finishes","WING A","A.43 BED","Protection and Handover","Floor protected with bubbleweave floor protection or polyweave"
"acdf3e27-1bc8-589d-aa1f-0d39bb932260","","checkpoint-status","not-started","","","TRUE","TRUE","Site QA","Floor Finishes","WING A","A.43 BED","Protection and Handover","Installer Sign Off: Protection installed as per manufacturer's instructions"
"7df4b73b-f99c-4753-a7b0-ac38240d471a","","checklist-sectioned","not-started","5a8a68d1221a9e608c282940756e19ac2c3c1dd54ffd7888cef6f74664a05c9a","checklist","FALSE","FALSE","Site QA","Floor Finishes","WING A","A.43A ENSUITE"
"ab6b0b98-bdb1-5623-b30c-7a5eadb7a3d7","","checkpoint-group","not-started","","","FALSE","FALSE","Site QA","Floor Finishes","WING A","A.43A ENSUITE","Subfloor, Floor Preparation, Adhesive"
"6a3b3100-12b2-57da-8342-156820a03a9a","","checkpoint-status","not-started","","","TRUE","TRUE","Site QA","Floor Finishes","WING A","A.43A ENSUITE","Subfloor, Floor Preparation, Adhesive","Confirm area of work is accessible & acceptable to commence (If not comment below)"
"4d53519b-174d-56b1-aee1-835ab9b504da","","checkpoint-status","not-started","","","TRUE","TRUE","Site QA","Floor Finishes","WING A","A.43A ENSUITE","Subfloor, Floor Preparation, Adhesive","Subfloor mechanically diamond ground"
"484f91e5-ead0-466f-8252-f846571bf80e","","checkpoint-status","not-started","","","TRUE","TRUE","Site QA","Floor Finishes","WING A","A.43A ENSUITE","Subfloor, Floor Preparation, Adhesive","Floor preparation product installed in accordance with manufacturer's instructions"
"a395acaa-3a67-5b11-99ef-8c01b810cfc3","","checkpoint-status","not-started","","","TRUE","TRUE","Site QA","Floor Finishes","WING A","A.43A ENSUITE","Subfloor, Floor Preparation, Adhesive","Floor transitions installed as per instructions from builder"
"a04525e9-75f9-461c-b135-920afe142dca","","checkpoint-status","not-started","","","TRUE","TRUE","Site QA","Floor Finishes","WING A","A.43A ENSUITE","Subfloor, Floor Preparation, Adhesive","Waterproof tested for falls, and water test completed by waterproofers"
"53a098ee-29f5-5830-9b03-88fbdfa297d1","","checkpoint-status","not-started","","","TRUE","TRUE","Site QA","Floor Finishes","WING A","A.43A ENSUITE","Subfloor, Floor Preparation, Adhesive","Correct adhesive used"
"3bb7d6df-a7c8-5a40-a3c5-8811d931e925","","checkpoint-group","not-started","","","FALSE","FALSE","Site QA","Floor Finishes","WING A","A.43A ENSUITE","Carpet / Vinyl"
"335e10b5-281d-54fe-8238-efe82b3f6f12","","checkpoint-status","not-started","","","TRUE","TRUE","Site QA","Floor Finishes","WING A","A.43A ENSUITE","Carpet / Vinyl","Confirm area of work is accessible & acceptable to commence (If not comment below)"
"5b1d5c3e-7af3-5096-a91c-94914e93422b","","checkpoint-status","not-started","","","TRUE","TRUE","Site QA","Floor Finishes","WING A","A.43A ENSUITE","Carpet / Vinyl","Vinyl installed as per plan"
"37f5c44d-7474-5d28-a635-3c0e3a1d30cb","","checkpoint-status","not-started","","","TRUE","TRUE","Site QA","Floor Finishes","WING A","A.43A ENSUITE","Carpet / Vinyl","Carpet installed as per plan"
"e7910798-603f-5be0-b5a6-708f227f52be","","checkpoint-status","not-started","","","TRUE","TRUE","Site QA","Floor Finishes","WING A","A.43A ENSUITE","Carpet / Vinyl","Joints sealed with heat welded seams and mitres as per AS 1884-2012"
"846092b6-84cc-581d-aee7-4b9a643924ce","","checkpoint-status","not-started","","","TRUE","TRUE","Site QA","Floor Finishes","WING A","A.43A ENSUITE","Carpet / Vinyl","Vinyl skirt and coving used as per finishes markup - 150mm height"
"5d4ee92e-8a2e-5b9a-97c7-72e5af0659d0","","checkpoint-status","not-started","","","TRUE","TRUE","Site QA","Floor Finishes","WING A","A.43A ENSUITE","Carpet / Vinyl","Installer Sign Off: Carpet / Vinyl installed as per manufacturer's instructions"
"e5990888-1328-5d32-9110-cc5a02f8fcbc","","checkpoint-status","not-started","","","TRUE","TRUE","Site QA","Floor Finishes","WING A","A.43A ENSUITE","Carpet / Vinyl","Add-Floors Sign Off"
"ca7db3e4-0632-53c5-b952-c0205c20f898","","checkpoint-status","not-started","","","TRUE","TRUE","Site QA","Floor Finishes","WING A","A.43A ENSUITE","Carpet / Vinyl","Foreman installation sign off"
"a1ead0da-d1a9-5484-83a1-d511f045a6cd","","checkpoint-group","not-started","","","FALSE","FALSE","Site QA","Floor Finishes","WING A","A.43A ENSUITE","Wall Finish"
"ab9c1864-ff03-59b3-94f0-dec017bd5c20","","checkpoint-status","not-started","","","TRUE","TRUE","Site QA","Floor Finishes","WING A","A.43A ENSUITE","Wall Finish","Wall Finish installed as per plan"
"4908d479-7bde-5dde-b51a-fb14b5a3dbae","","checkpoint-group","not-started","","","FALSE","FALSE","Site QA","Floor Finishes","WING A","A.43A ENSUITE","Protection and Handover"
"264ae32e-a180-57dc-baf1-ecc620c169e9","","checkpoint-status","not-started","","","TRUE","TRUE","Site QA","Floor Finishes","WING A","A.43A ENSUITE","Protection and Handover","Installation complete, checked and reviewed - as per specification"
"4acd9665-52fa-57e4-add8-39ac9783b377","","checkpoint-status","not-started","","","TRUE","TRUE","Site QA","Floor Finishes","WING A","A.43A ENSUITE","Protection and Handover","Floor protected with bubbleweave floor protection or polyweave"
"c52876a2-3dd9-5235-972f-091ec55b2b8e","","checkpoint-status","not-started","","","TRUE","TRUE","Site QA","Floor Finishes","WING A","A.43A ENSUITE","Protection and Handover","Installer Sign Off: Protection installed as per manufacturer's instructions"
"227d60a6-6acc-460f-85c7-697e72e9f790","","checklist-sectioned","not-started","5a8a68d1221a9e608c282940756e19ac2c3c1dd54ffd7888cef6f74664a05c9a","checklist","FALSE","FALSE","Site QA","Floor Finishes","WING A","A.44 CORRIDOR"
"3b4902e8-7090-508d-97b9-78c2269f69d8","","checkpoint-group","not-started","","","FALSE","FALSE","Site QA","Floor Finishes","WING A","A.44 CORRIDOR","Subfloor, Floor Preparation, Adhesive"
"42d0e62b-0681-5ebb-939a-6d1a21f94325","","checkpoint-status","not-started","","","TRUE","TRUE","Site QA","Floor Finishes","WING A","A.44 CORRIDOR","Subfloor, Floor Preparation, Adhesive","Confirm area of work is accessible & acceptable to commence (If not comment below)"
"b670a766-62ce-5503-8f49-037ce8348a02","","checkpoint-status","not-started","","","TRUE","TRUE","Site QA","Floor Finishes","WING A","A.44 CORRIDOR","Subfloor, Floor Preparation, Adhesive","Subfloor mechanically diamond ground"
"740066a8-64ce-458e-9b8e-54e88e3146bd","","checkpoint-status","not-started","","","TRUE","TRUE","Site QA","Floor Finishes","WING A","A.44 CORRIDOR","Subfloor, Floor Preparation, Adhesive","Floor preparation product installed in accordance with manufacturer's instructions"
"d12de14a-6415-561c-9cc1-d1af18ede0be","","checkpoint-status","not-started","","","TRUE","TRUE","Site QA","Floor Finishes","WING A","A.44 CORRIDOR","Subfloor, Floor Preparation, Adhesive","Floor transitions installed as per instructions from builder"
"518d7a44-fdcd-4f6f-80a9-1dfc1ee73b06","","checkpoint-status","not-started","","","TRUE","TRUE","Site QA","Floor Finishes","WING A","A.44 CORRIDOR","Subfloor, Floor Preparation, Adhesive","Waterproof tested for falls, and water test completed by waterproofers"
"608990d5-7e31-5799-aa0b-8a3859328c4d","","checkpoint-status","not-started","","","TRUE","TRUE","Site QA","Floor Finishes","WING A","A.44 CORRIDOR","Subfloor, Floor Preparation, Adhesive","Correct adhesive used"
"dcc7929c-24de-5a14-b758-ca6d46f200d0","","checkpoint-group","not-started","","","FALSE","FALSE","Site QA","Floor Finishes","WING A","A.44 CORRIDOR","Carpet / Vinyl"
"150d8cec-5ef2-5a42-83d5-0926b475a3b2","","checkpoint-status","not-started","","","TRUE","TRUE","Site QA","Floor Finishes","WING A","A.44 CORRIDOR","Carpet / Vinyl","Confirm area of work is accessible & acceptable to commence (If not comment below)"
"37f57679-21ad-551a-b0be-12b60ddaeaa0","","checkpoint-status","not-started","","","TRUE","TRUE","Site QA","Floor Finishes","WING A","A.44 CORRIDOR","Carpet / Vinyl","Vinyl installed as per plan"
"87f64af3-2960-553c-a1aa-9e1909c39de1","","checkpoint-status","not-started","","","TRUE","TRUE","Site QA","Floor Finishes","WING A","A.44 CORRIDOR","Carpet / Vinyl","Carpet installed as per plan"
"4951b1ea-9b40-53ad-8ca9-f9588ad7fcf8","","checkpoint-status","not-started","","","TRUE","TRUE","Site QA","Floor Finishes","WING A","A.44 CORRIDOR","Carpet / Vinyl","Joints sealed with heat welded seams and mitres as per AS 1884-2012"
"7d21eec6-2c0e-5580-add6-86f81f88a059","","checkpoint-status","not-started","","","TRUE","TRUE","Site QA","Floor Finishes","WING A","A.44 CORRIDOR","Carpet / Vinyl","Vinyl skirt and coving used as per finishes markup - 150mm height"
"2383fd3e-82af-547e-be23-2186c010cf85","","checkpoint-status","not-started","","","TRUE","TRUE","Site QA","Floor Finishes","WING A","A.44 CORRIDOR","Carpet / Vinyl","Installer Sign Off: Carpet / Vinyl installed as per manufacturer's instructions"
"8c0a682a-437f-5d7e-b363-ea46b6ea7ce7","","checkpoint-status","not-started","","","TRUE","TRUE","Site QA","Floor Finishes","WING A","A.44 CORRIDOR","Carpet / Vinyl","Add-Floors Sign Off"
"7bee2506-c2df-5f28-9492-c60c2a8380d3","","checkpoint-status","not-started","","","TRUE","TRUE","Site QA","Floor Finishes","WING A","A.44 CORRIDOR","Carpet / Vinyl","Foreman installation sign off"
"c05168fe-b1f0-51ae-8500-3901f7b567b8","","checkpoint-group","not-started","","","FALSE","FALSE","Site QA","Floor Finishes","WING A","A.44 CORRIDOR","Wall Finish"
"83a3f5ec-eb3c-5df8-86c1-2c734863b798","","checkpoint-status","not-started","","","TRUE","TRUE","Site QA","Floor Finishes","WING A","A.44 CORRIDOR","Wall Finish","Wall Finish installed as per plan"
"33890f44-98cb-5127-a765-d2949e797066","","checkpoint-group","not-started","","","FALSE","FALSE","Site QA","Floor Finishes","WING A","A.44 CORRIDOR","Protection and Handover"
"b1e45f22-47a4-589d-a7e8-6826f08b7d72","","checkpoint-status","not-started","","","TRUE","TRUE","Site QA","Floor Finishes","WING A","A.44 CORRIDOR","Protection and Handover","Installation complete, checked and reviewed - as per specification"
"956096ef-8f09-5f39-a57e-a177f738cae8","","checkpoint-status","not-started","","","TRUE","TRUE","Site QA","Floor Finishes","WING A","A.44 CORRIDOR","Protection and Handover","Floor protected with bubbleweave floor protection or polyweave"
"3af330e6-bd48-514f-9172-be84a449d3d1","","checkpoint-status","not-started","","","TRUE","TRUE","Site QA","Floor Finishes","WING A","A.44 CORRIDOR","Protection and Handover","Installer Sign Off: Protection installed as per manufacturer's instructions"
"1bb83b99-ec38-4ddd-ba18-63674f1d5ce3","","checklist-sectioned","not-started","5a8a68d1221a9e608c282940756e19ac2c3c1dd54ffd7888cef6f74664a05c9a","checklist","FALSE","FALSE","Site QA","Floor Finishes","WING A","A.47 BED"
"c65f35e8-9d4b-5cd7-bac4-5b1e60f8cf03","","checkpoint-group","not-started","","","FALSE","FALSE","Site QA","Floor Finishes","WING A","A.47 BED","Subfloor, Floor Preparation, Adhesive"
"d60c4b33-b5bd-51fd-b0f9-c1541b6d397a","","checkpoint-status","not-started","","","TRUE","TRUE","Site QA","Floor Finishes","WING A","A.47 BED","Subfloor, Floor Preparation, Adhesive","Confirm area of work is accessible & acceptable to commence (If not comment below)"
"595c367c-93be-5f92-b2b8-803db9483adb","","checkpoint-status","not-started","","","TRUE","TRUE","Site QA","Floor Finishes","WING A","A.47 BED","Subfloor, Floor Preparation, Adhesive","Subfloor mechanically diamond ground"
"8c6dcfa9-df98-4873-9bda-adf71b2aca1c","","checkpoint-status","not-started","","","TRUE","TRUE","Site QA","Floor Finishes","WING A","A.47 BED","Subfloor, Floor Preparation, Adhesive","Floor preparation product installed in accordance with manufacturer's instructions"
"b320deb6-9b45-5252-8fac-319befbeef91","","checkpoint-status","not-started","","","TRUE","TRUE","Site QA","Floor Finishes","WING A","A.47 BED","Subfloor, Floor Preparation, Adhesive","Floor transitions installed as per instructions from builder"
"ba129736-06c1-46c8-bb9e-974b30d99c1d","","checkpoint-status","not-started","","","TRUE","TRUE","Site QA","Floor Finishes","WING A","A.47 BED","Subfloor, Floor Preparation, Adhesive","Waterproof tested for falls, and water test completed by waterproofers"
"635bf720-9015-5aea-aff8-2a5e2104cfac","","checkpoint-status","not-started","","","TRUE","TRUE","Site QA","Floor Finishes","WING A","A.47 BED","Subfloor, Floor Preparation, Adhesive","Correct adhesive used"
"ea42b2e2-723c-5018-a8a6-29a52771d261","","checkpoint-group","not-started","","","FALSE","FALSE","Site QA","Floor Finishes","WING A","A.47 BED","Carpet / Vinyl"
"4083ef3c-74d7-5947-a2e2-b2491e3bd60a","","checkpoint-status","not-started","","","TRUE","TRUE","Site QA","Floor Finishes","WING A","A.47 BED","Carpet / Vinyl","Confirm area of work is accessible & acceptable to commence (If not comment below)"
"f0192c74-0195-5fd2-baf2-3843b5d3219f","","checkpoint-status","not-started","","","TRUE","TRUE","Site QA","Floor Finishes","WING A","A.47 BED","Carpet / Vinyl","Vinyl installed as per plan"
"93870a99-4ed7-5559-bf34-58826b52fa62","","checkpoint-status","not-started","","","TRUE","TRUE","Site QA","Floor Finishes","WING A","A.47 BED","Carpet / Vinyl","Carpet installed as per plan"
"3badaf85-f050-51f7-b7a9-db5bcf03fe0f","","checkpoint-status","not-started","","","TRUE","TRUE","Site QA","Floor Finishes","WING A","A.47 BED","Carpet / Vinyl","Joints sealed with heat welded seams and mitres as per AS 1884-2012"
"cb5c0e32-f376-5b7c-97d0-f75107c89167","","checkpoint-status","not-started","","","TRUE","TRUE","Site QA","Floor Finishes","WING A","A.47 BED","Carpet / Vinyl","Vinyl skirt and coving used as per finishes markup - 150mm height"
"cd239bec-6de0-5d1f-a90a-abd0224bc70a","","checkpoint-status","not-started","","","TRUE","TRUE","Site QA","Floor Finishes","WING A","A.47 BED","Carpet / Vinyl","Installer Sign Off: Carpet / Vinyl installed as per manufacturer's instructions"
"77270798-2eeb-5e3d-8d1c-fd0cbef28a02","","checkpoint-status","not-started","","","TRUE","TRUE","Site QA","Floor Finishes","WING A","A.47 BED","Carpet / Vinyl","Add-Floors Sign Off"
"8e883da3-20a2-5650-bf12-1a63dd96481d","","checkpoint-status","not-started","","","TRUE","TRUE","Site QA","Floor Finishes","WING A","A.47 BED","Carpet / Vinyl","Foreman installation sign off"
"b5740f0f-0531-5700-87e6-64920a15af3f","","checkpoint-group","not-started","","","FALSE","FALSE","Site QA","Floor Finishes","WING A","A.47 BED","Wall Finish"
"b6492213-9991-565c-b482-8aae10c928c8","","checkpoint-status","not-started","","","TRUE","TRUE","Site QA","Floor Finishes","WING A","A.47 BED","Wall Finish","Wall Finish installed as per plan"
"2345efaf-af28-5a47-bf32-a1319b509686","","checkpoint-group","not-started","","","FALSE","FALSE","Site QA","Floor Finishes","WING A","A.47 BED","Protection and Handover"
"b777efc8-01cb-5b0c-a485-45684be9d4de","","checkpoint-status","not-started","","","TRUE","TRUE","Site QA","Floor Finishes","WING A","A.47 BED","Protection and Handover","Installation complete, checked and reviewed - as per specification"
"b88d0c5a-8589-5261-b795-a7ea42b6283f","","checkpoint-status","not-started","","","TRUE","TRUE","Site QA","Floor Finishes","WING A","A.47 BED","Protection and Handover","Floor protected with bubbleweave floor protection or polyweave"
"397c7011-b497-546a-95dc-fd3090f77b50","","checkpoint-status","not-started","","","TRUE","TRUE","Site QA","Floor Finishes","WING A","A.47 BED","Protection and Handover","Installer Sign Off: Protection installed as per manufacturer's instructions"
"d8b1e92d-2006-42ac-941e-58b4b79ca1cc","","checklist-sectioned","not-started","5a8a68d1221a9e608c282940756e19ac2c3c1dd54ffd7888cef6f74664a05c9a","checklist","FALSE","FALSE","Site QA","Floor Finishes","WING A","A.48 BED"
"9bd02497-3202-5b53-8d9f-2e596cdb86c3","","checkpoint-group","not-started","","","FALSE","FALSE","Site QA","Floor Finishes","WING A","A.48 BED","Subfloor, Floor Preparation, Adhesive"
"23557684-dec6-55c3-9ba2-003d8c7d7408","","checkpoint-status","not-started","","","TRUE","TRUE","Site QA","Floor Finishes","WING A","A.48 BED","Subfloor, Floor Preparation, Adhesive","Confirm area of work is accessible & acceptable to commence (If not comment below)"
"a5cf16e5-ea74-50ba-bcdf-720920cefaa6","","checkpoint-status","not-started","","","TRUE","TRUE","Site QA","Floor Finishes","WING A","A.48 BED","Subfloor, Floor Preparation, Adhesive","Subfloor mechanically diamond ground"
"621e8828-f63c-4361-a72f-3e3da0b2193c","","checkpoint-status","not-started","","","TRUE","TRUE","Site QA","Floor Finishes","WING A","A.48 BED","Subfloor, Floor Preparation, Adhesive","Floor preparation product installed in accordance with manufacturer's instructions"
"9a4cad94-2fad-594d-8545-d3831b94b006","","checkpoint-status","not-started","","","TRUE","TRUE","Site QA","Floor Finishes","WING A","A.48 BED","Subfloor, Floor Preparation, Adhesive","Floor transitions installed as per instructions from builder"
"ef4777fb-43e0-42c1-a208-7310e48f2af5","","checkpoint-status","not-started","","","TRUE","TRUE","Site QA","Floor Finishes","WING A","A.48 BED","Subfloor, Floor Preparation, Adhesive","Waterproof tested for falls, and water test completed by waterproofers"
"3730b7a5-a87e-5ac8-9363-cccc039d4d44","","checkpoint-status","not-started","","","TRUE","TRUE","Site QA","Floor Finishes","WING A","A.48 BED","Subfloor, Floor Preparation, Adhesive","Correct adhesive used"
"edeefd2a-83b8-5c73-9ef9-97df4d30869f","","checkpoint-group","not-started","","","FALSE","FALSE","Site QA","Floor Finishes","WING A","A.48 BED","Carpet / Vinyl"
"cb428780-6f28-5254-8ecb-0bc5b3116af0","","checkpoint-status","not-started","","","TRUE","TRUE","Site QA","Floor Finishes","WING A","A.48 BED","Carpet / Vinyl","Confirm area of work is accessible & acceptable to commence (If not comment below)"
"1a7ee6e1-1824-5f55-b02e-0eba25cc267e","","checkpoint-status","not-started","","","TRUE","TRUE","Site QA","Floor Finishes","WING A","A.48 BED","Carpet / Vinyl","Vinyl installed as per plan"
"da339385-dcee-5afa-8fc3-d52a23b84d54","","checkpoint-status","not-started","","","TRUE","TRUE","Site QA","Floor Finishes","WING A","A.48 BED","Carpet / Vinyl","Carpet installed as per plan"
"9ffbaf2c-c12d-5b2f-92e3-2213fbdbcc84","","checkpoint-status","not-started","","","TRUE","TRUE","Site QA","Floor Finishes","WING A","A.48 BED","Carpet / Vinyl","Joints sealed with heat welded seams and mitres as per AS 1884-2012"
"32b416ea-a656-5413-b7fd-c9d35f3e2815","","checkpoint-status","not-started","","","TRUE","TRUE","Site QA","Floor Finishes","WING A","A.48 BED","Carpet / Vinyl","Vinyl skirt and coving used as per finishes markup - 150mm height"
"fa11f925-1acf-5993-8b8d-3228a9fb18ff","","checkpoint-status","not-started","","","TRUE","TRUE","Site QA","Floor Finishes","WING A","A.48 BED","Carpet / Vinyl","Installer Sign Off: Carpet / Vinyl installed as per manufacturer's instructions"
"26e51e10-6132-5105-aea9-8528e3961999","","checkpoint-status","not-started","","","TRUE","TRUE","Site QA","Floor Finishes","WING A","A.48 BED","Carpet / Vinyl","Add-Floors Sign Off"
"db96dd14-ba24-5e1b-ae01-17501726e2e6","","checkpoint-status","not-started","","","TRUE","TRUE","Site QA","Floor Finishes","WING A","A.48 BED","Carpet / Vinyl","Foreman installation sign off"
"51331412-4cba-5abb-9056-ed910fd9006e","","checkpoint-group","not-started","","","FALSE","FALSE","Site QA","Floor Finishes","WING A","A.48 BED","Wall Finish"
"b516f4e6-1c5a-55c4-b334-56dba9df8aa4","","checkpoint-status","not-started","","","TRUE","TRUE","Site QA","Floor Finishes","WING A","A.48 BED","Wall Finish","Wall Finish installed as per plan"
"04efe18b-66c8-5fee-97af-2c328545ca16","","checkpoint-group","not-started","","","FALSE","FALSE","Site QA","Floor Finishes","WING A","A.48 BED","Protection and Handover"
"deacc4bb-a829-53d5-ab08-34eeef0872ef","","checkpoint-status","not-started","","","TRUE","TRUE","Site QA","Floor Finishes","WING A","A.48 BED","Protection and Handover","Installation complete, checked and reviewed - as per specification"
"1e41b7b3-8a95-5a63-a26b-42644edfae9b","","checkpoint-status","not-started","","","TRUE","TRUE","Site QA","Floor Finishes","WING A","A.48 BED","Protection and Handover","Floor protected with bubbleweave floor protection or polyweave"
"21b9b0e6-7d50-5875-95da-50312634c58b","","checkpoint-status","not-started","","","TRUE","TRUE","Site QA","Floor Finishes","WING A","A.48 BED","Protection and Handover","Installer Sign Off: Protection installed as per manufacturer's instructions"
"4160f203-8537-4e11-81a9-a12b9afc5c7a","","checklist-sectioned","not-started","5a8a68d1221a9e608c282940756e19ac2c3c1dd54ffd7888cef6f74664a05c9a","checklist","FALSE","FALSE","Site QA","Floor Finishes","WING A","A.48A ENSUITE"
"ff541e79-1b58-5c6e-a778-255980d8e9a0","","checkpoint-group","not-started","","","FALSE","FALSE","Site QA","Floor Finishes","WING A","A.48A ENSUITE","Subfloor, Floor Preparation, Adhesive"
"6a3cf37d-de1d-5fd4-8b98-290af8491745","","checkpoint-status","not-started","","","TRUE","TRUE","Site QA","Floor Finishes","WING A","A.48A ENSUITE","Subfloor, Floor Preparation, Adhesive","Confirm area of work is accessible & acceptable to commence (If not comment below)"
"bea29c2c-dbb2-52b6-8f26-42560d9fb098","","checkpoint-status","not-started","","","TRUE","TRUE","Site QA","Floor Finishes","WING A","A.48A ENSUITE","Subfloor, Floor Preparation, Adhesive","Subfloor mechanically diamond ground"
"e42a5962-ecb3-4c46-a967-0d51e29b697c","","checkpoint-status","not-started","","","TRUE","TRUE","Site QA","Floor Finishes","WING A","A.48A ENSUITE","Subfloor, Floor Preparation, Adhesive","Floor preparation product installed in accordance with manufacturer's instructions"
"f2d18364-5e8d-55e7-9bdf-d27816c6fe04","","checkpoint-status","not-started","","","TRUE","TRUE","Site QA","Floor Finishes","WING A","A.48A ENSUITE","Subfloor, Floor Preparation, Adhesive","Floor transitions installed as per instructions from builder"
"eb5a145e-5e2e-4d38-a6ba-96055710dfbb","","checkpoint-status","not-started","","","TRUE","TRUE","Site QA","Floor Finishes","WING A","A.48A ENSUITE","Subfloor, Floor Preparation, Adhesive","Waterproof tested for falls, and water test completed by waterproofers"
"0fddcb4f-3d78-5031-b23a-1c0b4da88a88","","checkpoint-status","not-started","","","TRUE","TRUE","Site QA","Floor Finishes","WING A","A.48A ENSUITE","Subfloor, Floor Preparation, Adhesive","Correct adhesive used"
"359f23dd-ebc8-5dd3-88d3-f01f4a904dbb","","checkpoint-group","not-started","","","FALSE","FALSE","Site QA","Floor Finishes","WING A","A.48A ENSUITE","Carpet / Vinyl"
"9c1a1603-e696-56b4-8036-de0aecc021ba","","checkpoint-status","not-started","","","TRUE","TRUE","Site QA","Floor Finishes","WING A","A.48A ENSUITE","Carpet / Vinyl","Confirm area of work is accessible & acceptable to commence (If not comment below)"
"fed602de-84f1-546b-90dd-625c567d83d8","","checkpoint-status","not-started","","","TRUE","TRUE","Site QA","Floor Finishes","WING A","A.48A ENSUITE","Carpet / Vinyl","Vinyl installed as per plan"
"b018b49d-98b1-528a-b9c9-575fcd590a8f","","checkpoint-status","not-started","","","TRUE","TRUE","Site QA","Floor Finishes","WING A","A.48A ENSUITE","Carpet / Vinyl","Carpet installed as per plan"
"b5a33ed1-d1c4-5545-8586-1e62ffca296b","","checkpoint-status","not-started","","","TRUE","TRUE","Site QA","Floor Finishes","WING A","A.48A ENSUITE","Carpet / Vinyl","Joints sealed with heat welded seams and mitres as per AS 1884-2012"
"7a785f10-4326-501d-962e-35571786d0bf","","checkpoint-status","not-started","","","TRUE","TRUE","Site QA","Floor Finishes","WING A","A.48A ENSUITE","Carpet / Vinyl","Vinyl skirt and coving used as per finishes markup - 150mm height"
"66473d12-e600-50c0-8c1a-788d5846441d","","checkpoint-status","not-started","","","TRUE","TRUE","Site QA","Floor Finishes","WING A","A.48A ENSUITE","Carpet / Vinyl","Installer Sign Off: Carpet / Vinyl installed as per manufacturer's instructions"
"f7b7d662-a8c1-5715-8d11-b15a0059313f","","checkpoint-status","not-started","","","TRUE","TRUE","Site QA","Floor Finishes","WING A","A.48A ENSUITE","Carpet / Vinyl","Add-Floors Sign Off"
"0eace223-2ca9-55af-a1da-b7181793cf8a","","checkpoint-status","not-started","","","TRUE","TRUE","Site QA","Floor Finishes","WING A","A.48A ENSUITE","Carpet / Vinyl","Foreman installation sign off"
"0511c560-e86c-5387-9b09-609f4d0d113d","","checkpoint-group","not-started","","","FALSE","FALSE","Site QA","Floor Finishes","WING A","A.48A ENSUITE","Wall Finish"
"e99fc68f-491b-5476-bfeb-3071b9cc6c5d","","checkpoint-status","not-started","","","TRUE","TRUE","Site QA","Floor Finishes","WING A","A.48A ENSUITE","Wall Finish","Wall Finish installed as per plan"
"b4d92867-8048-5eb0-a8c1-34012c753823","","checkpoint-group","not-started","","","FALSE","FALSE","Site QA","Floor Finishes","WING A","A.48A ENSUITE","Protection and Handover"
"8587eff9-376f-561c-90d9-92e1e6441e4b","","checkpoint-status","not-started","","","TRUE","TRUE","Site QA","Floor Finishes","WING A","A.48A ENSUITE","Protection and Handover","Installation complete, checked and reviewed - as per specification"
"041e53c5-7798-5bee-b53f-b59b0f67092f","","checkpoint-status","not-started","","","TRUE","TRUE","Site QA","Floor Finishes","WING A","A.48A ENSUITE","Protection and Handover","Floor protected with bubbleweave floor protection or polyweave"
"0619e98f-503a-51d7-a311-bae0e3e5f810","","checkpoint-status","not-started","","","TRUE","TRUE","Site QA","Floor Finishes","WING A","A.48A ENSUITE","Protection and Handover","Installer Sign Off: Protection installed as per manufacturer's instructions"
"82f5507e-ac7f-4234-9caf-e47e291218dc","","checklist-sectioned","not-started","5a8a68d1221a9e608c282940756e19ac2c3c1dd54ffd7888cef6f74664a05c9a","checklist","FALSE","FALSE","Site QA","Floor Finishes","WING A","A.49 BED"
"4334c4ca-bce0-5068-b445-b8abf57c90d8","","checkpoint-group","not-started","","","FALSE","FALSE","Site QA","Floor Finishes","WING A","A.49 BED","Subfloor, Floor Preparation, Adhesive"
"b94472bd-025e-5165-b62a-47c0016913f9","","checkpoint-status","not-started","","","TRUE","TRUE","Site QA","Floor Finishes","WING A","A.49 BED","Subfloor, Floor Preparation, Adhesive","Confirm area of work is accessible & acceptable to commence (If not comment below)"
"b6bf5539-535c-5c5e-8c5d-360efeb1e712","","checkpoint-status","not-started","","","TRUE","TRUE","Site QA","Floor Finishes","WING A","A.49 BED","Subfloor, Floor Preparation, Adhesive","Subfloor mechanically diamond ground"
"dbaee633-734c-407b-9ad0-acc982c90e7e","","checkpoint-status","not-started","","","TRUE","TRUE","Site QA","Floor Finishes","WING A","A.49 BED","Subfloor, Floor Preparation, Adhesive","Floor preparation product installed in accordance with manufacturer's instructions"
"78bfa3c3-c55d-5779-80ff-c57c5f3d309e","","checkpoint-status","not-started","","","TRUE","TRUE","Site QA","Floor Finishes","WING A","A.49 BED","Subfloor, Floor Preparation, Adhesive","Floor transitions installed as per instructions from builder"
"fba80501-253a-4910-a3cc-f04c49addb5a","","checkpoint-status","not-started","","","TRUE","TRUE","Site QA","Floor Finishes","WING A","A.49 BED","Subfloor, Floor Preparation, Adhesive","Waterproof tested for falls, and water test completed by waterproofers"
"3304fa62-dd1e-5881-930a-fd84194ab1d5","","checkpoint-status","not-started","","","TRUE","TRUE","Site QA","Floor Finishes","WING A","A.49 BED","Subfloor, Floor Preparation, Adhesive","Correct adhesive used"
"ff8d65ff-9cfe-55f7-9ec3-2e0c4453c2db","","checkpoint-group","not-started","","","FALSE","FALSE","Site QA","Floor Finishes","WING A","A.49 BED","Carpet / Vinyl"
"99cdb802-fc8a-561b-8167-94629ca6c570","","checkpoint-status","not-started","","","TRUE","TRUE","Site QA","Floor Finishes","WING A","A.49 BED","Carpet / Vinyl","Confirm area of work is accessible & acceptable to commence (If not comment below)"
"73fba2c1-b056-5b12-9232-b7768478e157","","checkpoint-status","not-started","","","TRUE","TRUE","Site QA","Floor Finishes","WING A","A.49 BED","Carpet / Vinyl","Vinyl installed as per plan"
"1dc456fe-1b45-5054-9925-4c1e8a22c3ad","","checkpoint-status","not-started","","","TRUE","TRUE","Site QA","Floor Finishes","WING A","A.49 BED","Carpet / Vinyl","Carpet installed as per plan"
"db717783-fc1f-552e-89d3-adbdb46bdb34","","checkpoint-status","not-started","","","TRUE","TRUE","Site QA","Floor Finishes","WING A","A.49 BED","Carpet / Vinyl","Joints sealed with heat welded seams and mitres as per AS 1884-2012"
"3b9a3d64-e877-5b01-951c-2cd904c03599","","checkpoint-status","not-started","","","TRUE","TRUE","Site QA","Floor Finishes","WING A","A.49 BED","Carpet / Vinyl","Vinyl skirt and coving used as per finishes markup - 150mm height"
"59d434f1-25bc-56d3-99f3-f8209053a2b5","","checkpoint-status","not-started","","","TRUE","TRUE","Site QA","Floor Finishes","WING A","A.49 BED","Carpet / Vinyl","Installer Sign Off: Carpet / Vinyl installed as per manufacturer's instructions"
"9bf42752-2c64-567a-b412-ed6f65a54252","","checkpoint-status","not-started","","","TRUE","TRUE","Site QA","Floor Finishes","WING A","A.49 BED","Carpet / Vinyl","Add-Floors Sign Off"
"0397ee94-989c-5fd6-9adf-5e9929203e82","","checkpoint-status","not-started","","","TRUE","TRUE","Site QA","Floor Finishes","WING A","A.49 BED","Carpet / Vinyl","Foreman installation sign off"
"08c77c18-0eb1-5928-b5ed-74b98a1887a2","","checkpoint-group","not-started","","","FALSE","FALSE","Site QA","Floor Finishes","WING A","A.49 BED","Wall Finish"
"bdb4aa11-56e0-53e7-a88f-7eadea9d88c6","","checkpoint-status","not-started","","","TRUE","TRUE","Site QA","Floor Finishes","WING A","A.49 BED","Wall Finish","Wall Finish installed as per plan"
"dae55456-7adc-5c49-a344-ab5ddd5fc83f","","checkpoint-group","not-started","","","FALSE","FALSE","Site QA","Floor Finishes","WING A","A.49 BED","Protection and Handover"
"34c16786-c1d5-538c-93fa-b3e7736353cd","","checkpoint-status","not-started","","","TRUE","TRUE","Site QA","Floor Finishes","WING A","A.49 BED","Protection and Handover","Installation complete, checked and reviewed - as per specification"
"e6ac7206-210e-5655-b707-db7e6d20e33e","","checkpoint-status","not-started","","","TRUE","TRUE","Site QA","Floor Finishes","WING A","A.49 BED","Protection and Handover","Floor protected with bubbleweave floor protection or polyweave"
"1728e7e5-acac-5f42-b916-25e2b7731486","","checkpoint-status","not-started","","","TRUE","TRUE","Site QA","Floor Finishes","WING A","A.49 BED","Protection and Handover","Installer Sign Off: Protection installed as per manufacturer's instructions"
"73daa9f4-4255-464b-a3f0-b644160840fd","","checklist-sectioned","not-started","5a8a68d1221a9e608c282940756e19ac2c3c1dd54ffd7888cef6f74664a05c9a","checklist","FALSE","FALSE","Site QA","Floor Finishes","WING A","A.49A ENSUITE"
"9396c233-51e9-5c0b-918b-7d1478bfd33d","","checkpoint-group","not-started","","","FALSE","FALSE","Site QA","Floor Finishes","WING A","A.49A ENSUITE","Subfloor, Floor Preparation, Adhesive"
"17ee8cc6-bd5a-5f9a-b858-0b1aa4fdfc07","","checkpoint-status","not-started","","","TRUE","TRUE","Site QA","Floor Finishes","WING A","A.49A ENSUITE","Subfloor, Floor Preparation, Adhesive","Confirm area of work is accessible & acceptable to commence (If not comment below)"
"47ea879e-e1c4-50b5-8ab2-3557a94c06ca","","checkpoint-status","not-started","","","TRUE","TRUE","Site QA","Floor Finishes","WING A","A.49A ENSUITE","Subfloor, Floor Preparation, Adhesive","Subfloor mechanically diamond ground"
"8a923d7f-803c-4220-8088-97a645eb3fa8","","checkpoint-status","not-started","","","TRUE","TRUE","Site QA","Floor Finishes","WING A","A.49A ENSUITE","Subfloor, Floor Preparation, Adhesive","Floor preparation product installed in accordance with manufacturer's instructions"
"b8304cd8-1b96-5616-ab0c-ff487c282ee7","","checkpoint-status","not-started","","","TRUE","TRUE","Site QA","Floor Finishes","WING A","A.49A ENSUITE","Subfloor, Floor Preparation, Adhesive","Floor transitions installed as per instructions from builder"
"0e75d132-6042-4529-b44e-81cb28ca9e14","","checkpoint-status","not-started","","","TRUE","TRUE","Site QA","Floor Finishes","WING A","A.49A ENSUITE","Subfloor, Floor Preparation, Adhesive","Waterproof tested for falls, and water test completed by waterproofers"
"1c4a6dd6-bde3-5275-bb63-4d3ef32979e1","","checkpoint-status","not-started","","","TRUE","TRUE","Site QA","Floor Finishes","WING A","A.49A ENSUITE","Subfloor, Floor Preparation, Adhesive","Correct adhesive used"
"2fddfd5a-b785-590b-a559-a2d5552e12f2","","checkpoint-group","not-started","","","FALSE","FALSE","Site QA","Floor Finishes","WING A","A.49A ENSUITE","Carpet / Vinyl"
"c25d0a9b-0b60-5860-91a6-874320975acd","","checkpoint-status","not-started","","","TRUE","TRUE","Site QA","Floor Finishes","WING A","A.49A ENSUITE","Carpet / Vinyl","Confirm area of work is accessible & acceptable to commence (If not comment below)"
"bdff99cc-47fd-559b-9719-e60c5e7a84d3","","checkpoint-status","not-started","","","TRUE","TRUE","Site QA","Floor Finishes","WING A","A.49A ENSUITE","Carpet / Vinyl","Vinyl installed as per plan"
"526c90ab-c12d-5435-92cf-ec52953d690a","","checkpoint-status","not-started","","","TRUE","TRUE","Site QA","Floor Finishes","WING A","A.49A ENSUITE","Carpet / Vinyl","Carpet installed as per plan"
"d827528a-d591-5bc2-a727-c851fd0d39e8","","checkpoint-status","not-started","","","TRUE","TRUE","Site QA","Floor Finishes","WING A","A.49A ENSUITE","Carpet / Vinyl","Joints sealed with heat welded seams and mitres as per AS 1884-2012"
"4f3d856e-8931-5b80-93a5-e54a650c3ca8","","checkpoint-status","not-started","","","TRUE","TRUE","Site QA","Floor Finishes","WING A","A.49A ENSUITE","Carpet / Vinyl","Vinyl skirt and coving used as per finishes markup - 150mm height"
"77b27214-a613-584f-b8bf-a3677b5caf41","","checkpoint-status","not-started","","","TRUE","TRUE","Site QA","Floor Finishes","WING A","A.49A ENSUITE","Carpet / Vinyl","Installer Sign Off: Carpet / Vinyl installed as per manufacturer's instructions"
"3ccb51ce-4e0c-5ef2-9dce-d5434bf6c484","","checkpoint-status","not-started","","","TRUE","TRUE","Site QA","Floor Finishes","WING A","A.49A ENSUITE","Carpet / Vinyl","Add-Floors Sign Off"
"ed0656e7-fc48-5a9c-be69-3e5c6c81bf23","","checkpoint-status","not-started","","","TRUE","TRUE","Site QA","Floor Finishes","WING A","A.49A ENSUITE","Carpet / Vinyl","Foreman installation sign off"
"0cef5ba1-8c82-5c69-acbc-037e6d529997","","checkpoint-group","not-started","","","FALSE","FALSE","Site QA","Floor Finishes","WING A","A.49A ENSUITE","Wall Finish"
"e3f74bb4-b2f1-5805-b4e2-afd08af17580","","checkpoint-status","not-started","","","TRUE","TRUE","Site QA","Floor Finishes","WING A","A.49A ENSUITE","Wall Finish","Wall Finish installed as per plan"
"ee62f8f1-f166-5d70-8a71-2e05c0f827e3","","checkpoint-group","not-started","","","FALSE","FALSE","Site QA","Floor Finishes","WING A","A.49A ENSUITE","Protection and Handover"
"f2bafe15-177f-5044-a960-71aa65c8557f","","checkpoint-status","not-started","","","TRUE","TRUE","Site QA","Floor Finishes","WING A","A.49A ENSUITE","Protection and Handover","Installation complete, checked and reviewed - as per specification"
"28a4f4cc-85a5-5443-a517-dcf1b8a96d51","","checkpoint-status","not-started","","","TRUE","TRUE","Site QA","Floor Finishes","WING A","A.49A ENSUITE","Protection and Handover","Floor protected with bubbleweave floor protection or polyweave"
"d95368b4-403a-53c4-b2fd-3cccbd7cf1df","","checkpoint-status","not-started","","","TRUE","TRUE","Site QA","Floor Finishes","WING A","A.49A ENSUITE","Protection and Handover","Installer Sign Off: Protection installed as per manufacturer's instructions"
"98d3b4b6-5ff9-42a4-b913-568fb3b0c901","","checklist-sectioned","not-started","5a8a68d1221a9e608c282940756e19ac2c3c1dd54ffd7888cef6f74664a05c9a","checklist","FALSE","FALSE","Site QA","Floor Finishes","WING A","A.50 BED"
"f5f82458-50e3-5b0c-b6e0-82a2ea76cbf0","","checkpoint-group","not-started","","","FALSE","FALSE","Site QA","Floor Finishes","WING A","A.50 BED","Subfloor, Floor Preparation, Adhesive"
"661af9f6-b390-5ae0-b208-bbe96660ae11","","checkpoint-status","not-started","","","TRUE","TRUE","Site QA","Floor Finishes","WING A","A.50 BED","Subfloor, Floor Preparation, Adhesive","Confirm area of work is accessible & acceptable to commence (If not comment below)"
"a6bb5ec6-6229-517e-b9c0-10ca37e226c7","","checkpoint-status","not-started","","","TRUE","TRUE","Site QA","Floor Finishes","WING A","A.50 BED","Subfloor, Floor Preparation, Adhesive","Subfloor mechanically diamond ground"
"dbacf539-97aa-4a47-b400-7b6cd2dcebba","","checkpoint-status","not-started","","","TRUE","TRUE","Site QA","Floor Finishes","WING A","A.50 BED","Subfloor, Floor Preparation, Adhesive","Floor preparation product installed in accordance with manufacturer's instructions"
"4758ca0f-eb0d-55a1-8b2e-ae3f586e92ed","","checkpoint-status","not-started","","","TRUE","TRUE","Site QA","Floor Finishes","WING A","A.50 BED","Subfloor, Floor Preparation, Adhesive","Floor transitions installed as per instructions from builder"
"3557d3d7-edfe-4bdb-a297-4f947ecf5efb","","checkpoint-status","not-started","","","TRUE","TRUE","Site QA","Floor Finishes","WING A","A.50 BED","Subfloor, Floor Preparation, Adhesive","Waterproof tested for falls, and water test completed by waterproofers"
"49a4507a-2c60-56fc-a9e1-44ee1a8240d4","","checkpoint-status","not-started","","","TRUE","TRUE","Site QA","Floor Finishes","WING A","A.50 BED","Subfloor, Floor Preparation, Adhesive","Correct adhesive used"
"e35447ee-323c-5c57-9d69-069607cb80f1","","checkpoint-group","not-started","","","FALSE","FALSE","Site QA","Floor Finishes","WING A","A.50 BED","Carpet / Vinyl"
"4926c5d8-e546-53e2-a293-46e0147efdc5","","checkpoint-status","not-started","","","TRUE","TRUE","Site QA","Floor Finishes","WING A","A.50 BED","Carpet / Vinyl","Confirm area of work is accessible & acceptable to commence (If not comment below)"
"ef468310-c321-5d78-b7e4-1ee9e739983a","","checkpoint-status","not-started","","","TRUE","TRUE","Site QA","Floor Finishes","WING A","A.50 BED","Carpet / Vinyl","Vinyl installed as per plan"
"c7a817fe-b955-54a1-a439-673affb62228","","checkpoint-status","not-started","","","TRUE","TRUE","Site QA","Floor Finishes","WING A","A.50 BED","Carpet / Vinyl","Carpet installed as per plan"
"4a49ec35-3cd1-5a5d-8f51-111138c5840e","","checkpoint-status","not-started","","","TRUE","TRUE","Site QA","Floor Finishes","WING A","A.50 BED","Carpet / Vinyl","Joints sealed with heat welded seams and mitres as per AS 1884-2012"
"a1d2716a-ffc5-54e3-aae4-e37acab480ce","","checkpoint-status","not-started","","","TRUE","TRUE","Site QA","Floor Finishes","WING A","A.50 BED","Carpet / Vinyl","Vinyl skirt and coving used as per finishes markup - 150mm height"
"609d712d-d7b8-5233-b8b4-99299ed137c3","","checkpoint-status","not-started","","","TRUE","TRUE","Site QA","Floor Finishes","WING A","A.50 BED","Carpet / Vinyl","Installer Sign Off: Carpet / Vinyl installed as per manufacturer's instructions"
"c9b06cdb-e4ee-55c1-b0a9-59781ca67865","","checkpoint-status","not-started","","","TRUE","TRUE","Site QA","Floor Finishes","WING A","A.50 BED","Carpet / Vinyl","Add-Floors Sign Off"
"9ee97906-fb2e-5dba-98fb-98764b9ae58e","","checkpoint-status","not-started","","","TRUE","TRUE","Site QA","Floor Finishes","WING A","A.50 BED","Carpet / Vinyl","Foreman installation sign off"
"507d3f4a-52b3-53b0-84fa-be9932a3009e","","checkpoint-group","not-started","","","FALSE","FALSE","Site QA","Floor Finishes","WING A","A.50 BED","Wall Finish"
"5796c1be-913d-5ac7-9e19-36aa90afcf1f","","checkpoint-status","not-started","","","TRUE","TRUE","Site QA","Floor Finishes","WING A","A.50 BED","Wall Finish","Wall Finish installed as per plan"
"4ac43bf1-ebb5-5bc4-b9be-d2f32df9d3fa","","checkpoint-group","not-started","","","FALSE","FALSE","Site QA","Floor Finishes","WING A","A.50 BED","Protection and Handover"
"fb9b3ec6-fee7-5913-a28f-6f423f9169a0","","checkpoint-status","not-started","","","TRUE","TRUE","Site QA","Floor Finishes","WING A","A.50 BED","Protection and Handover","Installation complete, checked and reviewed - as per specification"
"1a306c86-0eb9-5a06-a369-898298b819d0","","checkpoint-status","not-started","","","TRUE","TRUE","Site QA","Floor Finishes","WING A","A.50 BED","Protection and Handover","Floor protected with bubbleweave floor protection or polyweave"
"90391043-c89d-5161-82f9-246bfe52364a","","checkpoint-status","not-started","","","TRUE","TRUE","Site QA","Floor Finishes","WING A","A.50 BED","Protection and Handover","Installer Sign Off: Protection installed as per manufacturer's instructions"
"f9899735-7cfd-4e29-9081-9c56b5cba927","","checklist-sectioned","not-started","5a8a68d1221a9e608c282940756e19ac2c3c1dd54ffd7888cef6f74664a05c9a","checklist","FALSE","FALSE","Site QA","Floor Finishes","WING A","A.50A ENSUITE"
"11bbeeb4-d30c-5d7f-8c93-1bb14b9dd09a","","checkpoint-group","not-started","","","FALSE","FALSE","Site QA","Floor Finishes","WING A","A.50A ENSUITE","Subfloor, Floor Preparation, Adhesive"
"4dd8c58f-ef1f-5f43-87b3-fc79ca595746","","checkpoint-status","not-started","","","TRUE","TRUE","Site QA","Floor Finishes","WING A","A.50A ENSUITE","Subfloor, Floor Preparation, Adhesive","Confirm area of work is accessible & acceptable to commence (If not comment below)"
"50883abe-99b3-573b-960b-319c4ff631c5","","checkpoint-status","not-started","","","TRUE","TRUE","Site QA","Floor Finishes","WING A","A.50A ENSUITE","Subfloor, Floor Preparation, Adhesive","Subfloor mechanically diamond ground"
"84148957-4d43-407f-bc10-b1389693041e","","checkpoint-status","not-started","","","TRUE","TRUE","Site QA","Floor Finishes","WING A","A.50A ENSUITE","Subfloor, Floor Preparation, Adhesive","Floor preparation product installed in accordance with manufacturer's instructions"
"acc90f54-2ccc-5692-b90f-4c5b737743f9","","checkpoint-status","not-started","","","TRUE","TRUE","Site QA","Floor Finishes","WING A","A.50A ENSUITE","Subfloor, Floor Preparation, Adhesive","Floor transitions installed as per instructions from builder"
"de8df09b-6de2-41d1-be58-6fc84b677bb0","","checkpoint-status","not-started","","","TRUE","TRUE","Site QA","Floor Finishes","WING A","A.50A ENSUITE","Subfloor, Floor Preparation, Adhesive","Waterproof tested for falls, and water test completed by waterproofers"
"b96a83ad-e788-5295-92ec-cde81cefbff9","","checkpoint-status","not-started","","","TRUE","TRUE","Site QA","Floor Finishes","WING A","A.50A ENSUITE","Subfloor, Floor Preparation, Adhesive","Correct adhesive used"
"3f842c9f-f284-5603-8f64-21c4161a12fd","","checkpoint-group","not-started","","","FALSE","FALSE","Site QA","Floor Finishes","WING A","A.50A ENSUITE","Carpet / Vinyl"
"0f36f462-b827-5f14-bd34-000ea2578944","","checkpoint-status","not-started","","","TRUE","TRUE","Site QA","Floor Finishes","WING A","A.50A ENSUITE","Carpet / Vinyl","Confirm area of work is accessible & acceptable to commence (If not comment below)"
"bec692c7-75da-52b4-8133-63dba2cd3ca1","","checkpoint-status","not-started","","","TRUE","TRUE","Site QA","Floor Finishes","WING A","A.50A ENSUITE","Carpet / Vinyl","Vinyl installed as per plan"
"cfc6a9d0-19fc-5ebd-a866-cd29a7f6c9e0","","checkpoint-status","not-started","","","TRUE","TRUE","Site QA","Floor Finishes","WING A","A.50A ENSUITE","Carpet / Vinyl","Carpet installed as per plan"
"1f483b55-2668-57f5-9a17-150c8637cd74","","checkpoint-status","not-started","","","TRUE","TRUE","Site QA","Floor Finishes","WING A","A.50A ENSUITE","Carpet / Vinyl","Joints sealed with heat welded seams and mitres as per AS 1884-2012"
"309637c9-aa75-5f58-9843-f590c55ff7cf","","checkpoint-status","not-started","","","TRUE","TRUE","Site QA","Floor Finishes","WING A","A.50A ENSUITE","Carpet / Vinyl","Vinyl skirt and coving used as per finishes markup - 150mm height"
"db9e0196-cbbb-5191-902e-c174df8c3262","","checkpoint-status","not-started","","","TRUE","TRUE","Site QA","Floor Finishes","WING A","A.50A ENSUITE","Carpet / Vinyl","Installer Sign Off: Carpet / Vinyl installed as per manufacturer's instructions"
"edcf791c-6e3c-57ab-b339-030c67c431e0","","checkpoint-status","not-started","","","TRUE","TRUE","Site QA","Floor Finishes","WING A","A.50A ENSUITE","Carpet / Vinyl","Add-Floors Sign Off"
"0912347e-55c1-52cb-be25-1d48e5a93d3a","","checkpoint-status","not-started","","","TRUE","TRUE","Site QA","Floor Finishes","WING A","A.50A ENSUITE","Carpet / Vinyl","Foreman installation sign off"
"6786ad93-5ed5-5a63-b38c-0a1ddad29650","","checkpoint-group","not-started","","","FALSE","FALSE","Site QA","Floor Finishes","WING A","A.50A ENSUITE","Wall Finish"
"5407f3f2-8ada-558c-89dc-2ebbcdd05bfb","","checkpoint-status","not-started","","","TRUE","TRUE","Site QA","Floor Finishes","WING A","A.50A ENSUITE","Wall Finish","Wall Finish installed as per plan"
"31b98077-e4a3-547e-a514-20b3f87723e3","","checkpoint-group","not-started","","","FALSE","FALSE","Site QA","Floor Finishes","WING A","A.50A ENSUITE","Protection and Handover"
"b004ed5a-e375-5224-b0b4-cb402c5846b2","","checkpoint-status","not-started","","","TRUE","TRUE","Site QA","Floor Finishes","WING A","A.50A ENSUITE","Protection and Handover","Installation complete, checked and reviewed - as per specification"
"407f7f03-bc5d-59d8-8ad6-86671a56f798","","checkpoint-status","not-started","","","TRUE","TRUE","Site QA","Floor Finishes","WING A","A.50A ENSUITE","Protection and Handover","Floor protected with bubbleweave floor protection or polyweave"
"3eea4934-7acb-508c-96d1-246c64df381b","","checkpoint-status","not-started","","","TRUE","TRUE","Site QA","Floor Finishes","WING A","A.50A ENSUITE","Protection and Handover","Installer Sign Off: Protection installed as per manufacturer's instructions"
"f8107645-42f6-424c-a7d2-8fb80b687fc0","","checklist-sectioned","not-started","5a8a68d1221a9e608c282940756e19ac2c3c1dd54ffd7888cef6f74664a05c9a","checklist","FALSE","FALSE","Site QA","Floor Finishes","WING A","A.51 BED"
"9ae79662-8cd9-5681-bfa1-8be088d8eda6","","checkpoint-group","not-started","","","FALSE","FALSE","Site QA","Floor Finishes","WING A","A.51 BED","Subfloor, Floor Preparation, Adhesive"
"5cc05a34-e48c-5780-8128-d590f586f688","","checkpoint-status","not-started","","","TRUE","TRUE","Site QA","Floor Finishes","WING A","A.51 BED","Subfloor, Floor Preparation, Adhesive","Confirm area of work is accessible & acceptable to commence (If not comment below)"
"90fbdfc6-e3fb-58c6-8e8f-a5d13af9e00a","","checkpoint-status","not-started","","","TRUE","TRUE","Site QA","Floor Finishes","WING A","A.51 BED","Subfloor, Floor Preparation, Adhesive","Subfloor mechanically diamond ground"
"cf9d7638-25b5-41d0-a73b-93b0081a0599","","checkpoint-status","not-started","","","TRUE","TRUE","Site QA","Floor Finishes","WING A","A.51 BED","Subfloor, Floor Preparation, Adhesive","Floor preparation product installed in accordance with manufacturer's instructions"
"8eb67411-cb75-5dbd-8412-4c9da9431c14","","checkpoint-status","not-started","","","TRUE","TRUE","Site QA","Floor Finishes","WING A","A.51 BED","Subfloor, Floor Preparation, Adhesive","Floor transitions installed as per instructions from builder"
"0da3ca1a-5c49-4511-9ea1-b82ec48d1645","","checkpoint-status","not-started","","","TRUE","TRUE","Site QA","Floor Finishes","WING A","A.51 BED","Subfloor, Floor Preparation, Adhesive","Waterproof tested for falls, and water test completed by waterproofers"
"53ca2c38-e92b-585c-b006-7b86754d8610","","checkpoint-status","not-started","","","TRUE","TRUE","Site QA","Floor Finishes","WING A","A.51 BED","Subfloor, Floor Preparation, Adhesive","Correct adhesive used"
"b492471c-76ef-5680-a3a7-041a896c80af","","checkpoint-group","not-started","","","FALSE","FALSE","Site QA","Floor Finishes","WING A","A.51 BED","Carpet / Vinyl"
"21a6088f-ae8c-5bef-8fd1-9f8bcb41711b","","checkpoint-status","not-started","","","TRUE","TRUE","Site QA","Floor Finishes","WING A","A.51 BED","Carpet / Vinyl","Confirm area of work is accessible & acceptable to commence (If not comment below)"
"03a09ca4-951f-5e4f-ab53-842179180522","","checkpoint-status","not-started","","","TRUE","TRUE","Site QA","Floor Finishes","WING A","A.51 BED","Carpet / Vinyl","Vinyl installed as per plan"
"0501e1a1-c2b9-545c-9be5-26cbeec3b44f","","checkpoint-status","not-started","","","TRUE","TRUE","Site QA","Floor Finishes","WING A","A.51 BED","Carpet / Vinyl","Carpet installed as per plan"
"63e86a2b-7c06-54ea-8bcb-db45bbbb47bc","","checkpoint-status","not-started","","","TRUE","TRUE","Site QA","Floor Finishes","WING A","A.51 BED","Carpet / Vinyl","Joints sealed with heat welded seams and mitres as per AS 1884-2012"
"261abcd7-297a-567d-8296-c096b043a2a4","","checkpoint-status","not-started","","","TRUE","TRUE","Site QA","Floor Finishes","WING A","A.51 BED","Carpet / Vinyl","Vinyl skirt and coving used as per finishes markup - 150mm height"
"531d14e9-eb9c-52a4-846c-21b112f08010","","checkpoint-status","not-started","","","TRUE","TRUE","Site QA","Floor Finishes","WING A","A.51 BED","Carpet / Vinyl","Installer Sign Off: Carpet / Vinyl installed as per manufacturer's instructions"
"78734798-b218-5b6f-b136-8573c9e5ff1f","","checkpoint-status","not-started","","","TRUE","TRUE","Site QA","Floor Finishes","WING A","A.51 BED","Carpet / Vinyl","Add-Floors Sign Off"
"207ef3e2-c55b-529a-906c-6e3f5a374695","","checkpoint-status","not-started","","","TRUE","TRUE","Site QA","Floor Finishes","WING A","A.51 BED","Carpet / Vinyl","Foreman installation sign off"
"07687ce6-d74a-5c59-a2dc-0fab47540ebd","","checkpoint-group","not-started","","","FALSE","FALSE","Site QA","Floor Finishes","WING A","A.51 BED","Wall Finish"
"d1c7f894-9fce-583b-b2a9-5ec5206ba897","","checkpoint-status","not-started","","","TRUE","TRUE","Site QA","Floor Finishes","WING A","A.51 BED","Wall Finish","Wall Finish installed as per plan"
"1d4a1da9-d59d-569b-8d51-fcb03cae322a","","checkpoint-group","not-started","","","FALSE","FALSE","Site QA","Floor Finishes","WING A","A.51 BED","Protection and Handover"
"f41fd99a-576a-5223-b1c9-ac8b151c0353","","checkpoint-status","not-started","","","TRUE","TRUE","Site QA","Floor Finishes","WING A","A.51 BED","Protection and Handover","Installation complete, checked and reviewed - as per specification"
"1aab3d59-36ce-505a-a01b-fc377841e4f9","","checkpoint-status","not-started","","","TRUE","TRUE","Site QA","Floor Finishes","WING A","A.51 BED","Protection and Handover","Floor protected with bubbleweave floor protection or polyweave"
"8e68eeb3-b221-5982-985c-3bbb0f057105","","checkpoint-status","not-started","","","TRUE","TRUE","Site QA","Floor Finishes","WING A","A.51 BED","Protection and Handover","Installer Sign Off: Protection installed as per manufacturer's instructions"
"03247d1a-4239-45fd-b17e-8fc93e4a33ed","","checklist-sectioned","not-started","5a8a68d1221a9e608c282940756e19ac2c3c1dd54ffd7888cef6f74664a05c9a","checklist","FALSE","FALSE","Site QA","Floor Finishes","WING A","A.51A ENSUITE"
"06e30e8b-2ac4-562f-a4b7-c93b815bbb4c","","checkpoint-group","not-started","","","FALSE","FALSE","Site QA","Floor Finishes","WING A","A.51A ENSUITE","Subfloor, Floor Preparation, Adhesive"
"5b8c63d8-2b49-53a9-9b27-21b5491766f9","","checkpoint-status","not-started","","","TRUE","TRUE","Site QA","Floor Finishes","WING A","A.51A ENSUITE","Subfloor, Floor Preparation, Adhesive","Confirm area of work is accessible & acceptable to commence (If not comment below)"
"3db576b9-d02c-5cd9-8b52-7a61c06f4c70","","checkpoint-status","not-started","","","TRUE","TRUE","Site QA","Floor Finishes","WING A","A.51A ENSUITE","Subfloor, Floor Preparation, Adhesive","Subfloor mechanically diamond ground"
"883b187e-d23e-44ed-8da5-ac23c01008cb","","checkpoint-status","not-started","","","TRUE","TRUE","Site QA","Floor Finishes","WING A","A.51A ENSUITE","Subfloor, Floor Preparation, Adhesive","Floor preparation product installed in accordance with manufacturer's instructions"
"aefd13e7-0287-5f4b-878b-e2f4325069f3","","checkpoint-status","not-started","","","TRUE","TRUE","Site QA","Floor Finishes","WING A","A.51A ENSUITE","Subfloor, Floor Preparation, Adhesive","Floor transitions installed as per instructions from builder"
"cd957a55-b2ff-4bab-8eb6-c2b8e3cab4c3","","checkpoint-status","not-started","","","TRUE","TRUE","Site QA","Floor Finishes","WING A","A.51A ENSUITE","Subfloor, Floor Preparation, Adhesive","Waterproof tested for falls, and water test completed by waterproofers"
"99571ba2-0dc0-5c13-a072-4ef26dc33404","","checkpoint-status","not-started","","","TRUE","TRUE","Site QA","Floor Finishes","WING A","A.51A ENSUITE","Subfloor, Floor Preparation, Adhesive","Correct adhesive used"
"be57a5dc-097c-54e6-8e73-8e90d7a53b2b","","checkpoint-group","not-started","","","FALSE","FALSE","Site QA","Floor Finishes","WING A","A.51A ENSUITE","Carpet / Vinyl"
"406785c3-9222-512c-8ff4-da9e5dfd7ad6","","checkpoint-status","not-started","","","TRUE","TRUE","Site QA","Floor Finishes","WING A","A.51A ENSUITE","Carpet / Vinyl","Confirm area of work is accessible & acceptable to commence (If not comment below)"
"9cc73a43-d773-5ea1-89e1-ae095019b376","","checkpoint-status","not-started","","","TRUE","TRUE","Site QA","Floor Finishes","WING A","A.51A ENSUITE","Carpet / Vinyl","Vinyl installed as per plan"
"e2f049cb-05be-5dcf-866c-687e9915e02e","","checkpoint-status","not-started","","","TRUE","TRUE","Site QA","Floor Finishes","WING A","A.51A ENSUITE","Carpet / Vinyl","Carpet installed as per plan"
"984d3495-61c4-5845-8dbd-afdb141206d5","","checkpoint-status","not-started","","","TRUE","TRUE","Site QA","Floor Finishes","WING A","A.51A ENSUITE","Carpet / Vinyl","Joints sealed with heat welded seams and mitres as per AS 1884-2012"
"59252ecd-c0b1-5fb6-9227-5985d4fb2523","","checkpoint-status","not-started","","","TRUE","TRUE","Site QA","Floor Finishes","WING A","A.51A ENSUITE","Carpet / Vinyl","Vinyl skirt and coving used as per finishes markup - 150mm height"
"f6619874-e5fc-5916-bc04-dd6f41e6211f","","checkpoint-status","not-started","","","TRUE","TRUE","Site QA","Floor Finishes","WING A","A.51A ENSUITE","Carpet / Vinyl","Installer Sign Off: Carpet / Vinyl installed as per manufacturer's instructions"
"3c225d90-c374-547c-ac90-f999b797061d","","checkpoint-status","not-started","","","TRUE","TRUE","Site QA","Floor Finishes","WING A","A.51A ENSUITE","Carpet / Vinyl","Add-Floors Sign Off"
"01d57ee6-a3d1-59a9-9e44-ee0a03348bf8","","checkpoint-status","not-started","","","TRUE","TRUE","Site QA","Floor Finishes","WING A","A.51A ENSUITE","Carpet / Vinyl","Foreman installation sign off"
"4773d805-e304-5644-b62e-bc841ff4629b","","checkpoint-group","not-started","","","FALSE","FALSE","Site QA","Floor Finishes","WING A","A.51A ENSUITE","Wall Finish"
"1bfefb1e-c42d-5ae5-9971-6606f3a719f5","","checkpoint-status","not-started","","","TRUE","TRUE","Site QA","Floor Finishes","WING A","A.51A ENSUITE","Wall Finish","Wall Finish installed as per plan"
"248e63a0-d2ea-5b6b-9970-93f5b94515a7","","checkpoint-group","not-started","","","FALSE","FALSE","Site QA","Floor Finishes","WING A","A.51A ENSUITE","Protection and Handover"
"efb3802b-6b92-5d7a-b860-a38377e562f9","","checkpoint-status","not-started","","","TRUE","TRUE","Site QA","Floor Finishes","WING A","A.51A ENSUITE","Protection and Handover","Installation complete, checked and reviewed - as per specification"
"bf859e72-477b-5389-8570-9e5506214f22","","checkpoint-status","not-started","","","TRUE","TRUE","Site QA","Floor Finishes","WING A","A.51A ENSUITE","Protection and Handover","Floor protected with bubbleweave floor protection or polyweave"
"ad72ad54-da44-5933-af81-d4c071fa26fc","","checkpoint-status","not-started","","","TRUE","TRUE","Site QA","Floor Finishes","WING A","A.51A ENSUITE","Protection and Handover","Installer Sign Off: Protection installed as per manufacturer's instructions"
"cb6eda1e-38ec-4505-b48f-1d28d9928697","","checklist-sectioned","not-started","5a8a68d1221a9e608c282940756e19ac2c3c1dd54ffd7888cef6f74664a05c9a","checklist","FALSE","FALSE","Site QA","Floor Finishes","WING A","A.52 BED"
"41a537ba-d7ab-5d69-92b7-8737cf4effe1","","checkpoint-group","not-started","","","FALSE","FALSE","Site QA","Floor Finishes","WING A","A.52 BED","Subfloor, Floor Preparation, Adhesive"
"a168bbf2-8313-5430-b3ca-cb961d7db65c","","checkpoint-status","not-started","","","TRUE","TRUE","Site QA","Floor Finishes","WING A","A.52 BED","Subfloor, Floor Preparation, Adhesive","Confirm area of work is accessible & acceptable to commence (If not comment below)"
"73ad29ec-db71-5b15-a408-ddafa927d1f4","","checkpoint-status","not-started","","","TRUE","TRUE","Site QA","Floor Finishes","WING A","A.52 BED","Subfloor, Floor Preparation, Adhesive","Subfloor mechanically diamond ground"
"97a2beed-e993-4b76-89b3-7f6e71427376","","checkpoint-status","not-started","","","TRUE","TRUE","Site QA","Floor Finishes","WING A","A.52 BED","Subfloor, Floor Preparation, Adhesive","Floor preparation product installed in accordance with manufacturer's instructions"
"74ece712-0ae1-54c2-aedd-3e67c1fad2a4","","checkpoint-status","not-started","","","TRUE","TRUE","Site QA","Floor Finishes","WING A","A.52 BED","Subfloor, Floor Preparation, Adhesive","Floor transitions installed as per instructions from builder"
"65432bd6-a383-4090-8c0f-98b11fc1d28e","","checkpoint-status","not-started","","","TRUE","TRUE","Site QA","Floor Finishes","WING A","A.52 BED","Subfloor, Floor Preparation, Adhesive","Waterproof tested for falls, and water test completed by waterproofers"
"2d21228d-f505-575a-a519-acd0e1aecc5b","","checkpoint-status","not-started","","","TRUE","TRUE","Site QA","Floor Finishes","WING A","A.52 BED","Subfloor, Floor Preparation, Adhesive","Correct adhesive used"
"c9c36013-b969-5696-a957-c822fe743a1b","","checkpoint-group","not-started","","","FALSE","FALSE","Site QA","Floor Finishes","WING A","A.52 BED","Carpet / Vinyl"
"fc777fa7-acfd-55ab-ad5d-60e824598586","","checkpoint-status","not-started","","","TRUE","TRUE","Site QA","Floor Finishes","WING A","A.52 BED","Carpet / Vinyl","Confirm area of work is accessible & acceptable to commence (If not comment below)"
"07ebf61a-04c8-57e9-b4b4-1880b0623f09","","checkpoint-status","not-started","","","TRUE","TRUE","Site QA","Floor Finishes","WING A","A.52 BED","Carpet / Vinyl","Vinyl installed as per plan"
"f6f78ca6-87f6-51a6-b7a3-bd300a245ab8","","checkpoint-status","not-started","","","TRUE","TRUE","Site QA","Floor Finishes","WING A","A.52 BED","Carpet / Vinyl","Carpet installed as per plan"
"9a2a5c20-dc2f-55c0-8a7a-3152667441fa","","checkpoint-status","not-started","","","TRUE","TRUE","Site QA","Floor Finishes","WING A","A.52 BED","Carpet / Vinyl","Joints sealed with heat welded seams and mitres as per AS 1884-2012"
"b9ca872f-8696-558e-953c-308289cf5655","","checkpoint-status","not-started","","","TRUE","TRUE","Site QA","Floor Finishes","WING A","A.52 BED","Carpet / Vinyl","Vinyl skirt and coving used as per finishes markup - 150mm height"
"e5d2d3f3-347b-5cfd-a8f7-24064e145fa9","","checkpoint-status","not-started","","","TRUE","TRUE","Site QA","Floor Finishes","WING A","A.52 BED","Carpet / Vinyl","Installer Sign Off: Carpet / Vinyl installed as per manufacturer's instructions"
"9809cbcb-d3be-52a5-aefc-d8929183e18d","","checkpoint-status","not-started","","","TRUE","TRUE","Site QA","Floor Finishes","WING A","A.52 BED","Carpet / Vinyl","Add-Floors Sign Off"
"2d003590-0bd4-51f7-b5ae-5ffd1856f155","","checkpoint-status","not-started","","","TRUE","TRUE","Site QA","Floor Finishes","WING A","A.52 BED","Carpet / Vinyl","Foreman installation sign off"
"3141aa84-b0e4-5e48-9df5-4153596abd1f","","checkpoint-group","not-started","","","FALSE","FALSE","Site QA","Floor Finishes","WING A","A.52 BED","Wall Finish"
"b4ced0b6-9323-5897-9a1e-411fcac8a8a1","","checkpoint-status","not-started","","","TRUE","TRUE","Site QA","Floor Finishes","WING A","A.52 BED","Wall Finish","Wall Finish installed as per plan"
"ad2bdaa4-b504-558c-806c-ee10d6c7c95d","","checkpoint-group","not-started","","","FALSE","FALSE","Site QA","Floor Finishes","WING A","A.52 BED","Protection and Handover"
"44efbcff-e0c0-5f11-b110-d0d6103b748b","","checkpoint-status","not-started","","","TRUE","TRUE","Site QA","Floor Finishes","WING A","A.52 BED","Protection and Handover","Installation complete, checked and reviewed - as per specification"
"a05c57f0-de00-5f23-8e47-bc254f2d4a94","","checkpoint-status","not-started","","","TRUE","TRUE","Site QA","Floor Finishes","WING A","A.52 BED","Protection and Handover","Floor protected with bubbleweave floor protection or polyweave"
"4517571d-9e1d-5304-844f-2faee209a1f3","","checkpoint-status","not-started","","","TRUE","TRUE","Site QA","Floor Finishes","WING A","A.52 BED","Protection and Handover","Installer Sign Off: Protection installed as per manufacturer's instructions"
"73372644-b5ac-4789-8eda-f0196cc25b21","","checklist-sectioned","not-started","5a8a68d1221a9e608c282940756e19ac2c3c1dd54ffd7888cef6f74664a05c9a","checklist","FALSE","FALSE","Site QA","Floor Finishes","WING A","A.52A ENSUITE"
"d923869c-a9ab-5238-b5f9-0311863eba8e","","checkpoint-group","not-started","","","FALSE","FALSE","Site QA","Floor Finishes","WING A","A.52A ENSUITE","Subfloor, Floor Preparation, Adhesive"
"f7a4888b-6a99-50ac-8014-f69da9084204","","checkpoint-status","not-started","","","TRUE","TRUE","Site QA","Floor Finishes","WING A","A.52A ENSUITE","Subfloor, Floor Preparation, Adhesive","Confirm area of work is accessible & acceptable to commence (If not comment below)"
"9b3dd361-2955-55ef-a145-52acf4545692","","checkpoint-status","not-started","","","TRUE","TRUE","Site QA","Floor Finishes","WING A","A.52A ENSUITE","Subfloor, Floor Preparation, Adhesive","Subfloor mechanically diamond ground"
"5c972b67-9dca-4d8f-9591-27f6f15f5eba","","checkpoint-status","not-started","","","TRUE","TRUE","Site QA","Floor Finishes","WING A","A.52A ENSUITE","Subfloor, Floor Preparation, Adhesive","Floor preparation product installed in accordance with manufacturer's instructions"
"592d27d5-51d2-5ef1-909f-2abb4798bc23","","checkpoint-status","not-started","","","TRUE","TRUE","Site QA","Floor Finishes","WING A","A.52A ENSUITE","Subfloor, Floor Preparation, Adhesive","Floor transitions installed as per instructions from builder"
"9d118f3a-7164-44a1-b7dd-b4b1d55110f5","","checkpoint-status","not-started","","","TRUE","TRUE","Site QA","Floor Finishes","WING A","A.52A ENSUITE","Subfloor, Floor Preparation, Adhesive","Waterproof tested for falls, and water test completed by waterproofers"
"37e77bbb-d29d-55fd-989e-b5dcc518e50a","","checkpoint-status","not-started","","","TRUE","TRUE","Site QA","Floor Finishes","WING A","A.52A ENSUITE","Subfloor, Floor Preparation, Adhesive","Correct adhesive used"
"d8c11a6f-6798-5e7e-a4c5-7c3b0addb6be","","checkpoint-group","not-started","","","FALSE","FALSE","Site QA","Floor Finishes","WING A","A.52A ENSUITE","Carpet / Vinyl"
"ca4c1a15-176c-5d19-bae3-9d9173bae9b6","","checkpoint-status","not-started","","","TRUE","TRUE","Site QA","Floor Finishes","WING A","A.52A ENSUITE","Carpet / Vinyl","Confirm area of work is accessible & acceptable to commence (If not comment below)"
"a79b61cf-fc59-5f41-b4c4-e9b97c562ac8","","checkpoint-status","not-started","","","TRUE","TRUE","Site QA","Floor Finishes","WING A","A.52A ENSUITE","Carpet / Vinyl","Vinyl installed as per plan"
"e3fefb9a-691b-5c82-b965-8ef17e61a978","","checkpoint-status","not-started","","","TRUE","TRUE","Site QA","Floor Finishes","WING A","A.52A ENSUITE","Carpet / Vinyl","Carpet installed as per plan"
"89dd6a50-169e-58f8-86e8-d5736cb8f2bc","","checkpoint-status","not-started","","","TRUE","TRUE","Site QA","Floor Finishes","WING A","A.52A ENSUITE","Carpet / Vinyl","Joints sealed with heat welded seams and mitres as per AS 1884-2012"
"64ee8f7a-a166-51a2-adf4-4db54e064273","","checkpoint-status","not-started","","","TRUE","TRUE","Site QA","Floor Finishes","WING A","A.52A ENSUITE","Carpet / Vinyl","Vinyl skirt and coving used as per finishes markup - 150mm height"
"a4fd50c5-b62c-550e-a4fa-c95ed4f0cf54","","checkpoint-status","not-started","","","TRUE","TRUE","Site QA","Floor Finishes","WING A","A.52A ENSUITE","Carpet / Vinyl","Installer Sign Off: Carpet / Vinyl installed as per manufacturer's instructions"
"bb035ffa-e403-579b-bd9b-8a77250f07ef","","checkpoint-status","not-started","","","TRUE","TRUE","Site QA","Floor Finishes","WING A","A.52A ENSUITE","Carpet / Vinyl","Add-Floors Sign Off"
"a751ee6e-fd6a-59a4-9fc1-40e7faa3eec0","","checkpoint-status","not-started","","","TRUE","TRUE","Site QA","Floor Finishes","WING A","A.52A ENSUITE","Carpet / Vinyl","Foreman installation sign off"
"96879ab9-ae17-5803-a158-1eb127289339","","checkpoint-group","not-started","","","FALSE","FALSE","Site QA","Floor Finishes","WING A","A.52A ENSUITE","Wall Finish"
"a02534fc-084e-5775-bd18-6408b29a0545","","checkpoint-status","not-started","","","TRUE","TRUE","Site QA","Floor Finishes","WING A","A.52A ENSUITE","Wall Finish","Wall Finish installed as per plan"
"14e58167-411a-5213-bcbe-62bb8bb85ab8","","checkpoint-group","not-started","","","FALSE","FALSE","Site QA","Floor Finishes","WING A","A.52A ENSUITE","Protection and Handover"
"5a1b176b-1eb8-5809-b77a-0a6dec1fe510","","checkpoint-status","not-started","","","TRUE","TRUE","Site QA","Floor Finishes","WING A","A.52A ENSUITE","Protection and Handover","Installation complete, checked and reviewed - as per specification"
"d3910dc5-ad02-53c8-91d0-38217debc5c9","","checkpoint-status","not-started","","","TRUE","TRUE","Site QA","Floor Finishes","WING A","A.52A ENSUITE","Protection and Handover","Floor protected with bubbleweave floor protection or polyweave"
"bde2e205-0dbd-5d9e-afda-b9db4fcc3995","","checkpoint-status","not-started","","","TRUE","TRUE","Site QA","Floor Finishes","WING A","A.52A ENSUITE","Protection and Handover","Installer Sign Off: Protection installed as per manufacturer's instructions"
"763a7695-91a0-4906-affc-c92ba5dcabc0","","checklist-sectioned","not-started","5a8a68d1221a9e608c282940756e19ac2c3c1dd54ffd7888cef6f74664a05c9a","checklist","FALSE","FALSE","Site QA","Floor Finishes","WING A","A.53A ENSUITE"
"09d786d9-e952-5558-9ebb-365ada285fef","","checkpoint-group","not-started","","","FALSE","FALSE","Site QA","Floor Finishes","WING A","A.53A ENSUITE","Subfloor, Floor Preparation, Adhesive"
"e733ec99-2a4f-5899-bb86-cd81ab8847c1","","checkpoint-status","not-started","","","TRUE","TRUE","Site QA","Floor Finishes","WING A","A.53A ENSUITE","Subfloor, Floor Preparation, Adhesive","Confirm area of work is accessible & acceptable to commence (If not comment below)"
"22290a33-f056-5785-9457-0ba315f53505","","checkpoint-status","not-started","","","TRUE","TRUE","Site QA","Floor Finishes","WING A","A.53A ENSUITE","Subfloor, Floor Preparation, Adhesive","Subfloor mechanically diamond ground"
"8511ca70-8aa3-4658-8097-4b10e12e9af3","","checkpoint-status","not-started","","","TRUE","TRUE","Site QA","Floor Finishes","WING A","A.53A ENSUITE","Subfloor, Floor Preparation, Adhesive","Floor preparation product installed in accordance with manufacturer's instructions"
"60329082-b287-505b-8166-fccfc0754698","","checkpoint-status","not-started","","","TRUE","TRUE","Site QA","Floor Finishes","WING A","A.53A ENSUITE","Subfloor, Floor Preparation, Adhesive","Floor transitions installed as per instructions from builder"
"44a98a1f-f08b-4bde-8262-b25a05a8af21","","checkpoint-status","not-started","","","TRUE","TRUE","Site QA","Floor Finishes","WING A","A.53A ENSUITE","Subfloor, Floor Preparation, Adhesive","Waterproof tested for falls, and water test completed by waterproofers"
"63407e7f-05a4-5798-878d-ff4071bf64b9","","checkpoint-status","not-started","","","TRUE","TRUE","Site QA","Floor Finishes","WING A","A.53A ENSUITE","Subfloor, Floor Preparation, Adhesive","Correct adhesive used"
"9a37ff5d-24cc-5cab-b79f-96d2c6b3e82d","","checkpoint-group","not-started","","","FALSE","FALSE","Site QA","Floor Finishes","WING A","A.53A ENSUITE","Carpet / Vinyl"
"13e2777e-75a6-5416-aed5-e71b962dc694","","checkpoint-status","not-started","","","TRUE","TRUE","Site QA","Floor Finishes","WING A","A.53A ENSUITE","Carpet / Vinyl","Confirm area of work is accessible & acceptable to commence (If not comment below)"
"d3a4a0c8-b271-5a9b-92d2-af92613d208e","","checkpoint-status","not-started","","","TRUE","TRUE","Site QA","Floor Finishes","WING A","A.53A ENSUITE","Carpet / Vinyl","Vinyl installed as per plan"
"50555c04-3b03-5f88-aaf6-9cf5f257e0ae","","checkpoint-status","not-started","","","TRUE","TRUE","Site QA","Floor Finishes","WING A","A.53A ENSUITE","Carpet / Vinyl","Carpet installed as per plan"
"114be98d-e169-50d8-91a5-bb07f035508f","","checkpoint-status","not-started","","","TRUE","TRUE","Site QA","Floor Finishes","WING A","A.53A ENSUITE","Carpet / Vinyl","Joints sealed with heat welded seams and mitres as per AS 1884-2012"
"903b1dbd-f83a-5272-8eae-4c96edcdddf4","","checkpoint-status","not-started","","","TRUE","TRUE","Site QA","Floor Finishes","WING A","A.53A ENSUITE","Carpet / Vinyl","Vinyl skirt and coving used as per finishes markup - 150mm height"
"02bfc8f7-2e66-560c-8a07-06b9b163b2b8","","checkpoint-status","not-started","","","TRUE","TRUE","Site QA","Floor Finishes","WING A","A.53A ENSUITE","Carpet / Vinyl","Installer Sign Off: Carpet / Vinyl installed as per manufacturer's instructions"
"89653022-9c5e-56fb-ac0f-86afb69870c6","","checkpoint-status","not-started","","","TRUE","TRUE","Site QA","Floor Finishes","WING A","A.53A ENSUITE","Carpet / Vinyl","Add-Floors Sign Off"
"9997ef92-3b8c-54d3-9dd4-8d98acfa03d3","","checkpoint-status","not-started","","","TRUE","TRUE","Site QA","Floor Finishes","WING A","A.53A ENSUITE","Carpet / Vinyl","Foreman installation sign off"
"8026441d-d420-5b93-ba7f-0236e64953cd","","checkpoint-group","not-started","","","FALSE","FALSE","Site QA","Floor Finishes","WING A","A.53A ENSUITE","Wall Finish"
"c3e75a35-73a7-539d-a968-f7fbcc815fa5","","checkpoint-status","not-started","","","TRUE","TRUE","Site QA","Floor Finishes","WING A","A.53A ENSUITE","Wall Finish","Wall Finish installed as per plan"
"6a47f0da-26c7-56dd-b63d-15c2d544617f","","checkpoint-group","not-started","","","FALSE","FALSE","Site QA","Floor Finishes","WING A","A.53A ENSUITE","Protection and Handover"
"82fbec23-7f4c-57e1-a645-2da570410582","","checkpoint-status","not-started","","","TRUE","TRUE","Site QA","Floor Finishes","WING A","A.53A ENSUITE","Protection and Handover","Installation complete, checked and reviewed - as per specification"
"5b2252df-9944-51ce-ba1d-314f717df27e","","checkpoint-status","not-started","","","TRUE","TRUE","Site QA","Floor Finishes","WING A","A.53A ENSUITE","Protection and Handover","Floor protected with bubbleweave floor protection or polyweave"
"3ba211c8-5764-519f-9c9f-98a2b5a3fcac","","checkpoint-status","not-started","","","TRUE","TRUE","Site QA","Floor Finishes","WING A","A.53A ENSUITE","Protection and Handover","Installer Sign Off: Protection installed as per manufacturer's instructions"
"cf656b4f-f77f-4ac3-83f8-afc420cd6d9a","","checklist-sectioned","not-started","5a8a68d1221a9e608c282940756e19ac2c3c1dd54ffd7888cef6f74664a05c9a","checklist","FALSE","FALSE","Site QA","Floor Finishes","WING A","A.54 BED"
"28cff2aa-2c50-550e-994b-5d7f0a3990db","","checkpoint-group","not-started","","","FALSE","FALSE","Site QA","Floor Finishes","WING A","A.54 BED","Subfloor, Floor Preparation, Adhesive"
"17b79709-ca4c-52a0-a9fb-70303a0ced15","","checkpoint-status","not-started","","","TRUE","TRUE","Site QA","Floor Finishes","WING A","A.54 BED","Subfloor, Floor Preparation, Adhesive","Confirm area of work is accessible & acceptable to commence (If not comment below)"
"5ca194b6-6137-5b6e-9250-667e2cf404cc","","checkpoint-status","not-started","","","TRUE","TRUE","Site QA","Floor Finishes","WING A","A.54 BED","Subfloor, Floor Preparation, Adhesive","Subfloor mechanically diamond ground"
"9cb03d54-5b28-4bfb-b3fb-b345087cd9c8","","checkpoint-status","not-started","","","TRUE","TRUE","Site QA","Floor Finishes","WING A","A.54 BED","Subfloor, Floor Preparation, Adhesive","Floor preparation product installed in accordance with manufacturer's instructions"
"5ab366fa-501b-5633-8b0c-c1284ab81616","","checkpoint-status","not-started","","","TRUE","TRUE","Site QA","Floor Finishes","WING A","A.54 BED","Subfloor, Floor Preparation, Adhesive","Floor transitions installed as per instructions from builder"
"9409c7f9-b11c-470e-a1c4-066a54fd7ade","","checkpoint-status","not-started","","","TRUE","TRUE","Site QA","Floor Finishes","WING A","A.54 BED","Subfloor, Floor Preparation, Adhesive","Waterproof tested for falls, and water test completed by waterproofers"
"83a1e550-3587-5913-9d88-b9803b193a28","","checkpoint-status","not-started","","","TRUE","TRUE","Site QA","Floor Finishes","WING A","A.54 BED","Subfloor, Floor Preparation, Adhesive","Correct adhesive used"
"124db50f-f819-52d6-bb63-1021888892e7","","checkpoint-group","not-started","","","FALSE","FALSE","Site QA","Floor Finishes","WING A","A.54 BED","Carpet / Vinyl"
"83154089-f961-5889-a2d0-5805f8889f78","","checkpoint-status","not-started","","","TRUE","TRUE","Site QA","Floor Finishes","WING A","A.54 BED","Carpet / Vinyl","Confirm area of work is accessible & acceptable to commence (If not comment below)"
"f1f5e0b7-758f-52b8-97ce-b65c9c84d55c","","checkpoint-status","not-started","","","TRUE","TRUE","Site QA","Floor Finishes","WING A","A.54 BED","Carpet / Vinyl","Vinyl installed as per plan"
"f001e3f9-2688-5c1d-b4b9-cc14d0e2fe99","","checkpoint-status","not-started","","","TRUE","TRUE","Site QA","Floor Finishes","WING A","A.54 BED","Carpet / Vinyl","Carpet installed as per plan"
"b2722b8e-875f-553c-a92c-9d20ba3d0a31","","checkpoint-status","not-started","","","TRUE","TRUE","Site QA","Floor Finishes","WING A","A.54 BED","Carpet / Vinyl","Joints sealed with heat welded seams and mitres as per AS 1884-2012"
"4f3f8545-105b-5f89-bc36-c408e7a07984","","checkpoint-status","not-started","","","TRUE","TRUE","Site QA","Floor Finishes","WING A","A.54 BED","Carpet / Vinyl","Vinyl skirt and coving used as per finishes markup - 150mm height"
"d8992076-649f-545e-8e80-09b9661183c3","","checkpoint-status","not-started","","","TRUE","TRUE","Site QA","Floor Finishes","WING A","A.54 BED","Carpet / Vinyl","Installer Sign Off: Carpet / Vinyl installed as per manufacturer's instructions"
"b7990b4e-090e-54ab-8a9a-f8b970e1a086","","checkpoint-status","not-started","","","TRUE","TRUE","Site QA","Floor Finishes","WING A","A.54 BED","Carpet / Vinyl","Add-Floors Sign Off"
"6fd7589b-e1de-551a-971f-dabaeecd0093","","checkpoint-status","not-started","","","TRUE","TRUE","Site QA","Floor Finishes","WING A","A.54 BED","Carpet / Vinyl","Foreman installation sign off"
"8df64131-ac89-58df-925f-89342bfb83d7","","checkpoint-group","not-started","","","FALSE","FALSE","Site QA","Floor Finishes","WING A","A.54 BED","Wall Finish"
"97645391-c35b-5495-85de-f535b1d7c6ae","","checkpoint-status","not-started","","","TRUE","TRUE","Site QA","Floor Finishes","WING A","A.54 BED","Wall Finish","Wall Finish installed as per plan"
"e2eaac68-c304-56cd-a32e-4a8548541576","","checkpoint-group","not-started","","","FALSE","FALSE","Site QA","Floor Finishes","WING A","A.54 BED","Protection and Handover"
"5c99713c-8edf-5587-b91b-ebb9572a559e","","checkpoint-status","not-started","","","TRUE","TRUE","Site QA","Floor Finishes","WING A","A.54 BED","Protection and Handover","Installation complete, checked and reviewed - as per specification"
"b43342d1-b83c-5f97-be2c-26055d7eb06c","","checkpoint-status","not-started","","","TRUE","TRUE","Site QA","Floor Finishes","WING A","A.54 BED","Protection and Handover","Floor protected with bubbleweave floor protection or polyweave"
"b2a67f7e-a419-5abb-8059-9f00b61ef30a","","checkpoint-status","not-started","","","TRUE","TRUE","Site QA","Floor Finishes","WING A","A.54 BED","Protection and Handover","Installer Sign Off: Protection installed as per manufacturer's instructions"
"342370c6-6025-4a3e-ae44-3c39193344ae","","checklist-sectioned","not-started","5a8a68d1221a9e608c282940756e19ac2c3c1dd54ffd7888cef6f74664a05c9a","checklist","FALSE","FALSE","Site QA","Floor Finishes","WING A","A.54A ENSUITE"
"d8f31890-d286-5f74-ae6b-97ffbedb4941","","checkpoint-group","not-started","","","FALSE","FALSE","Site QA","Floor Finishes","WING A","A.54A ENSUITE","Subfloor, Floor Preparation, Adhesive"
"31897fe5-4736-5663-ad2b-7be32bfd73b2","","checkpoint-status","not-started","","","TRUE","TRUE","Site QA","Floor Finishes","WING A","A.54A ENSUITE","Subfloor, Floor Preparation, Adhesive","Confirm area of work is accessible & acceptable to commence (If not comment below)"
"65cf58e2-aca3-50ab-a048-3c55d3c3caf2","","checkpoint-status","not-started","","","TRUE","TRUE","Site QA","Floor Finishes","WING A","A.54A ENSUITE","Subfloor, Floor Preparation, Adhesive","Subfloor mechanically diamond ground"
"8610be32-fa2c-4099-ba3e-3326f686efb5","","checkpoint-status","not-started","","","TRUE","TRUE","Site QA","Floor Finishes","WING A","A.54A ENSUITE","Subfloor, Floor Preparation, Adhesive","Floor preparation product installed in accordance with manufacturer's instructions"
"5ea9363e-8299-5c4e-b91e-874759f002bf","","checkpoint-status","not-started","","","TRUE","TRUE","Site QA","Floor Finishes","WING A","A.54A ENSUITE","Subfloor, Floor Preparation, Adhesive","Floor transitions installed as per instructions from builder"
"e24252c3-20a4-4df4-9358-8fef931ba629","","checkpoint-status","not-started","","","TRUE","TRUE","Site QA","Floor Finishes","WING A","A.54A ENSUITE","Subfloor, Floor Preparation, Adhesive","Waterproof tested for falls, and water test completed by waterproofers"
"6659b0a0-e741-5545-a3e9-c8655c48df3b","","checkpoint-status","not-started","","","TRUE","TRUE","Site QA","Floor Finishes","WING A","A.54A ENSUITE","Subfloor, Floor Preparation, Adhesive","Correct adhesive used"
"cdf5d577-c195-59c4-bbfd-75f4277b6338","","checkpoint-group","not-started","","","FALSE","FALSE","Site QA","Floor Finishes","WING A","A.54A ENSUITE","Carpet / Vinyl"
"41a87f44-e735-5141-8b0c-4f0e85717400","","checkpoint-status","not-started","","","TRUE","TRUE","Site QA","Floor Finishes","WING A","A.54A ENSUITE","Carpet / Vinyl","Confirm area of work is accessible & acceptable to commence (If not comment below)"
"d88d06fc-46e6-568d-a0f9-fec794c57d40","","checkpoint-status","not-started","","","TRUE","TRUE","Site QA","Floor Finishes","WING A","A.54A ENSUITE","Carpet / Vinyl","Vinyl installed as per plan"
"dc6609dc-8f6d-5511-9d0f-28545b8a3495","","checkpoint-status","not-started","","","TRUE","TRUE","Site QA","Floor Finishes","WING A","A.54A ENSUITE","Carpet / Vinyl","Carpet installed as per plan"
"817673a3-1099-5924-8925-9498dc82946c","","checkpoint-status","not-started","","","TRUE","TRUE","Site QA","Floor Finishes","WING A","A.54A ENSUITE","Carpet / Vinyl","Joints sealed with heat welded seams and mitres as per AS 1884-2012"
"dfedfc6f-312d-5e5b-8ecc-1e013ae6b5ad","","checkpoint-status","not-started","","","TRUE","TRUE","Site QA","Floor Finishes","WING A","A.54A ENSUITE","Carpet / Vinyl","Vinyl skirt and coving used as per finishes markup - 150mm height"
"655a2285-a3cf-5335-964c-809129b44927","","checkpoint-status","not-started","","","TRUE","TRUE","Site QA","Floor Finishes","WING A","A.54A ENSUITE","Carpet / Vinyl","Installer Sign Off: Carpet / Vinyl installed as per manufacturer's instructions"
"b4ec4cff-b288-5c61-911c-e81012548a93","","checkpoint-status","not-started","","","TRUE","TRUE","Site QA","Floor Finishes","WING A","A.54A ENSUITE","Carpet / Vinyl","Add-Floors Sign Off"
"3035615c-0c63-5ace-89db-01792f44f07a","","checkpoint-status","not-started","","","TRUE","TRUE","Site QA","Floor Finishes","WING A","A.54A ENSUITE","Carpet / Vinyl","Foreman installation sign off"
"86a5490d-f989-5550-a7c4-eb14584804f9","","checkpoint-group","not-started","","","FALSE","FALSE","Site QA","Floor Finishes","WING A","A.54A ENSUITE","Wall Finish"
"c131f5c2-8eca-5dab-b6bf-1e68673c884e","","checkpoint-status","not-started","","","TRUE","TRUE","Site QA","Floor Finishes","WING A","A.54A ENSUITE","Wall Finish","Wall Finish installed as per plan"
"66f08251-ce4c-51da-ad34-f684f83898a0","","checkpoint-group","not-started","","","FALSE","FALSE","Site QA","Floor Finishes","WING A","A.54A ENSUITE","Protection and Handover"
"42fb8325-4d12-559b-bed1-96514bf01dce","","checkpoint-status","not-started","","","TRUE","TRUE","Site QA","Floor Finishes","WING A","A.54A ENSUITE","Protection and Handover","Installation complete, checked and reviewed - as per specification"
"9c55f947-2212-5ba9-964c-1d2f2f407f41","","checkpoint-status","not-started","","","TRUE","TRUE","Site QA","Floor Finishes","WING A","A.54A ENSUITE","Protection and Handover","Floor protected with bubbleweave floor protection or polyweave"
"88b4b2e5-aed4-5d05-9e6f-cbe7c6c226ea","","checkpoint-status","not-started","","","TRUE","TRUE","Site QA","Floor Finishes","WING A","A.54A ENSUITE","Protection and Handover","Installer Sign Off: Protection installed as per manufacturer's instructions"
"a798ea77-9a14-4997-877f-c4cd3271cd3b","","checklist-sectioned","not-started","5a8a68d1221a9e608c282940756e19ac2c3c1dd54ffd7888cef6f74664a05c9a","checklist","FALSE","FALSE","Site QA","Floor Finishes","WING A","A.55 BED"
"b7d21a23-11a0-59b7-8a38-c5beacf59db9","","checkpoint-group","not-started","","","FALSE","FALSE","Site QA","Floor Finishes","WING A","A.55 BED","Subfloor, Floor Preparation, Adhesive"
"a58091f1-d39e-54f7-b221-b0c5b1b25900","","checkpoint-status","not-started","","","TRUE","TRUE","Site QA","Floor Finishes","WING A","A.55 BED","Subfloor, Floor Preparation, Adhesive","Confirm area of work is accessible & acceptable to commence (If not comment below)"
"1572e87b-f8fe-560f-b5b8-c75f95c32a75","","checkpoint-status","not-started","","","TRUE","TRUE","Site QA","Floor Finishes","WING A","A.55 BED","Subfloor, Floor Preparation, Adhesive","Subfloor mechanically diamond ground"
"33c81630-d567-4de0-90fc-6ef8e2c76e7c","","checkpoint-status","not-started","","","TRUE","TRUE","Site QA","Floor Finishes","WING A","A.55 BED","Subfloor, Floor Preparation, Adhesive","Floor preparation product installed in accordance with manufacturer's instructions"
"b5aa80ab-362e-502b-beac-278422c648b1","","checkpoint-status","not-started","","","TRUE","TRUE","Site QA","Floor Finishes","WING A","A.55 BED","Subfloor, Floor Preparation, Adhesive","Floor transitions installed as per instructions from builder"
"a525a3e3-b5d8-4423-97a8-73ed23c101f9","","checkpoint-status","not-started","","","TRUE","TRUE","Site QA","Floor Finishes","WING A","A.55 BED","Subfloor, Floor Preparation, Adhesive","Waterproof tested for falls, and water test completed by waterproofers"
"d39b1424-c81b-5c8a-b3e5-c716fbb6eff8","","checkpoint-status","not-started","","","TRUE","TRUE","Site QA","Floor Finishes","WING A","A.55 BED","Subfloor, Floor Preparation, Adhesive","Correct adhesive used"
"c68b1b03-97ba-5bd5-a32a-da9c322dbcac","","checkpoint-group","not-started","","","FALSE","FALSE","Site QA","Floor Finishes","WING A","A.55 BED","Carpet / Vinyl"
"fc824d93-d4b4-57a5-a784-861fe044c9d6","","checkpoint-status","not-started","","","TRUE","TRUE","Site QA","Floor Finishes","WING A","A.55 BED","Carpet / Vinyl","Confirm area of work is accessible & acceptable to commence (If not comment below)"
"a67cfcb2-477b-597a-961a-275bcc4b97bb","","checkpoint-status","not-started","","","TRUE","TRUE","Site QA","Floor Finishes","WING A","A.55 BED","Carpet / Vinyl","Vinyl installed as per plan"
"2babb0bd-22e4-56b0-8bfc-ab95e7fd0a3e","","checkpoint-status","not-started","","","TRUE","TRUE","Site QA","Floor Finishes","WING A","A.55 BED","Carpet / Vinyl","Carpet installed as per plan"
"bc836fa4-0bfa-5fd1-a249-c68476057793","","checkpoint-status","not-started","","","TRUE","TRUE","Site QA","Floor Finishes","WING A","A.55 BED","Carpet / Vinyl","Joints sealed with heat welded seams and mitres as per AS 1884-2012"
"f575aff1-21e9-527a-a902-edcbb9818a71","","checkpoint-status","not-started","","","TRUE","TRUE","Site QA","Floor Finishes","WING A","A.55 BED","Carpet / Vinyl","Vinyl skirt and coving used as per finishes markup - 150mm height"
"2f82545a-588d-5613-94a8-d6908d080ada","","checkpoint-status","not-started","","","TRUE","TRUE","Site QA","Floor Finishes","WING A","A.55 BED","Carpet / Vinyl","Installer Sign Off: Carpet / Vinyl installed as per manufacturer's instructions"
"6a67e156-e603-5e91-80d9-b708ddcd4690","","checkpoint-status","not-started","","","TRUE","TRUE","Site QA","Floor Finishes","WING A","A.55 BED","Carpet / Vinyl","Add-Floors Sign Off"
"383c5837-2a7e-5dae-8639-68b8e089d166","","checkpoint-status","not-started","","","TRUE","TRUE","Site QA","Floor Finishes","WING A","A.55 BED","Carpet / Vinyl","Foreman installation sign off"
"1f9069d1-7fd8-5d6e-96bb-c5a9826075e4","","checkpoint-group","not-started","","","FALSE","FALSE","Site QA","Floor Finishes","WING A","A.55 BED","Wall Finish"
"6f94de6e-35f9-524c-941b-11a805c00092","","checkpoint-status","not-started","","","TRUE","TRUE","Site QA","Floor Finishes","WING A","A.55 BED","Wall Finish","Wall Finish installed as per plan"
"13ba48c2-f949-50a0-996c-415bfe1b7bef","","checkpoint-group","not-started","","","FALSE","FALSE","Site QA","Floor Finishes","WING A","A.55 BED","Protection and Handover"
"26a75a8b-c22b-52de-897a-816bfc46f890","","checkpoint-status","not-started","","","TRUE","TRUE","Site QA","Floor Finishes","WING A","A.55 BED","Protection and Handover","Installation complete, checked and reviewed - as per specification"
"b41b5f48-855d-5edb-a4b9-4e6f817607a7","","checkpoint-status","not-started","","","TRUE","TRUE","Site QA","Floor Finishes","WING A","A.55 BED","Protection and Handover","Floor protected with bubbleweave floor protection or polyweave"
"0326e617-f639-508d-ab0b-2537cfa31237","","checkpoint-status","not-started","","","TRUE","TRUE","Site QA","Floor Finishes","WING A","A.55 BED","Protection and Handover","Installer Sign Off: Protection installed as per manufacturer's instructions"
"57151918-2846-4f3f-8fe5-7fff9b8700c7","","checklist-sectioned","not-started","5a8a68d1221a9e608c282940756e19ac2c3c1dd54ffd7888cef6f74664a05c9a","checklist","FALSE","FALSE","Site QA","Floor Finishes","WING A","A.55.A ENSUITE"
"224da15f-41a1-557a-934b-01817c2172af","","checkpoint-group","not-started","","","FALSE","FALSE","Site QA","Floor Finishes","WING A","A.55.A ENSUITE","Subfloor, Floor Preparation, Adhesive"
"e7b67eeb-5006-5f55-85a8-f198604e6825","","checkpoint-status","not-started","","","TRUE","TRUE","Site QA","Floor Finishes","WING A","A.55.A ENSUITE","Subfloor, Floor Preparation, Adhesive","Confirm area of work is accessible & acceptable to commence (If not comment below)"
"8efd3a55-5447-57c2-8dda-8b022d7249e4","","checkpoint-status","not-started","","","TRUE","TRUE","Site QA","Floor Finishes","WING A","A.55.A ENSUITE","Subfloor, Floor Preparation, Adhesive","Subfloor mechanically diamond ground"
"908b65c2-2730-42b4-837f-a10d970afb42","","checkpoint-status","not-started","","","TRUE","TRUE","Site QA","Floor Finishes","WING A","A.55.A ENSUITE","Subfloor, Floor Preparation, Adhesive","Floor preparation product installed in accordance with manufacturer's instructions"
"12ac5e2a-deea-5486-a518-e7d0c64f7ca9","","checkpoint-status","not-started","","","TRUE","TRUE","Site QA","Floor Finishes","WING A","A.55.A ENSUITE","Subfloor, Floor Preparation, Adhesive","Floor transitions installed as per instructions from builder"
"53231453-9442-4e02-b000-f14290f39d7a","","checkpoint-status","not-started","","","TRUE","TRUE","Site QA","Floor Finishes","WING A","A.55.A ENSUITE","Subfloor, Floor Preparation, Adhesive","Waterproof tested for falls, and water test completed by waterproofers"
"7b6484c0-b317-5e1d-b8fc-eb76e6331f30","","checkpoint-status","not-started","","","TRUE","TRUE","Site QA","Floor Finishes","WING A","A.55.A ENSUITE","Subfloor, Floor Preparation, Adhesive","Correct adhesive used"
"9587551c-db77-5369-be12-5715faeb91a3","","checkpoint-group","not-started","","","FALSE","FALSE","Site QA","Floor Finishes","WING A","A.55.A ENSUITE","Carpet / Vinyl"
"087c0ca0-ba6f-584a-96f1-bd228d5ae67c","","checkpoint-status","not-started","","","TRUE","TRUE","Site QA","Floor Finishes","WING A","A.55.A ENSUITE","Carpet / Vinyl","Confirm area of work is accessible & acceptable to commence (If not comment below)"
"7bfd8a2a-6ad2-55ad-8684-c9a3b454d25b","","checkpoint-status","not-started","","","TRUE","TRUE","Site QA","Floor Finishes","WING A","A.55.A ENSUITE","Carpet / Vinyl","Vinyl installed as per plan"
"1a360220-7dd6-549d-9755-4a718d1db674","","checkpoint-status","not-started","","","TRUE","TRUE","Site QA","Floor Finishes","WING A","A.55.A ENSUITE","Carpet / Vinyl","Carpet installed as per plan"
"76b85655-87ee-5646-baea-a8a77205f364","","checkpoint-status","not-started","","","TRUE","TRUE","Site QA","Floor Finishes","WING A","A.55.A ENSUITE","Carpet / Vinyl","Joints sealed with heat welded seams and mitres as per AS 1884-2012"
"b9b5e9ea-61b3-5a5e-b9bd-5153fde92e89","","checkpoint-status","not-started","","","TRUE","TRUE","Site QA","Floor Finishes","WING A","A.55.A ENSUITE","Carpet / Vinyl","Vinyl skirt and coving used as per finishes markup - 150mm height"
"dc501d3c-6fb7-520f-970d-1bbf3a396c2a","","checkpoint-status","not-started","","","TRUE","TRUE","Site QA","Floor Finishes","WING A","A.55.A ENSUITE","Carpet / Vinyl","Installer Sign Off: Carpet / Vinyl installed as per manufacturer's instructions"
"ba108484-bff7-5b19-8cee-d350f960ad48","","checkpoint-status","not-started","","","TRUE","TRUE","Site QA","Floor Finishes","WING A","A.55.A ENSUITE","Carpet / Vinyl","Add-Floors Sign Off"
"e413943b-8505-5df2-b8ca-0e4065aff686","","checkpoint-status","not-started","","","TRUE","TRUE","Site QA","Floor Finishes","WING A","A.55.A ENSUITE","Carpet / Vinyl","Foreman installation sign off"
"ee93eb89-1113-5e80-9b49-b89e69a7f2c5","","checkpoint-group","not-started","","","FALSE","FALSE","Site QA","Floor Finishes","WING A","A.55.A ENSUITE","Wall Finish"
"bbfa69e3-8ea7-51b0-9c61-70bfc81f487a","","checkpoint-status","not-started","","","TRUE","TRUE","Site QA","Floor Finishes","WING A","A.55.A ENSUITE","Wall Finish","Wall Finish installed as per plan"
"1996b23c-c756-5e02-958f-65de38873398","","checkpoint-group","not-started","","","FALSE","FALSE","Site QA","Floor Finishes","WING A","A.55.A ENSUITE","Protection and Handover"
"97fb88f2-d28a-5dff-870b-9ac774d0c9d2","","checkpoint-status","not-started","","","TRUE","TRUE","Site QA","Floor Finishes","WING A","A.55.A ENSUITE","Protection and Handover","Installation complete, checked and reviewed - as per specification"
"d0bc8aae-557f-5457-8def-4445ba783af0","","checkpoint-status","not-started","","","TRUE","TRUE","Site QA","Floor Finishes","WING A","A.55.A ENSUITE","Protection and Handover","Floor protected with bubbleweave floor protection or polyweave"
"11495739-ac8c-50f7-a1d7-cb781ab8e5a9","","checkpoint-status","not-started","","","TRUE","TRUE","Site QA","Floor Finishes","WING A","A.55.A ENSUITE","Protection and Handover","Installer Sign Off: Protection installed as per manufacturer's instructions"
"10c90140-556a-42be-8058-4524291fc424","","checklist-sectioned","not-started","5a8a68d1221a9e608c282940756e19ac2c3c1dd54ffd7888cef6f74664a05c9a","checklist","FALSE","FALSE","Site QA","Floor Finishes","WING A","A.56 BED"
"8fbae08a-c4e7-5e45-9978-0642dcf22e05","","checkpoint-group","not-started","","","FALSE","FALSE","Site QA","Floor Finishes","WING A","A.56 BED","Subfloor, Floor Preparation, Adhesive"
"f903491f-5ba7-5f4b-bd5f-94a72deec989","","checkpoint-status","not-started","","","TRUE","TRUE","Site QA","Floor Finishes","WING A","A.56 BED","Subfloor, Floor Preparation, Adhesive","Confirm area of work is accessible & acceptable to commence (If not comment below)"
"c8597f9b-853a-59fb-8364-cf0e0a5ca0b8","","checkpoint-status","not-started","","","TRUE","TRUE","Site QA","Floor Finishes","WING A","A.56 BED","Subfloor, Floor Preparation, Adhesive","Subfloor mechanically diamond ground"
"6c54a07b-1b01-4766-af4e-4706ca831ac4","","checkpoint-status","not-started","","","TRUE","TRUE","Site QA","Floor Finishes","WING A","A.56 BED","Subfloor, Floor Preparation, Adhesive","Floor preparation product installed in accordance with manufacturer's instructions"
"1a7d7fec-dcf4-5862-9b64-a6c7d30397b1","","checkpoint-status","not-started","","","TRUE","TRUE","Site QA","Floor Finishes","WING A","A.56 BED","Subfloor, Floor Preparation, Adhesive","Floor transitions installed as per instructions from builder"
"3f928ebd-0db9-4a2f-ac66-4439eea6cc6f","","checkpoint-status","not-started","","","TRUE","TRUE","Site QA","Floor Finishes","WING A","A.56 BED","Subfloor, Floor Preparation, Adhesive","Waterproof tested for falls, and water test completed by waterproofers"
"183ccb78-5c2a-5bfd-b658-1844aab8c44d","","checkpoint-status","not-started","","","TRUE","TRUE","Site QA","Floor Finishes","WING A","A.56 BED","Subfloor, Floor Preparation, Adhesive","Correct adhesive used"
"094955ae-a32b-5844-95f5-80aeb209dac2","","checkpoint-group","not-started","","","FALSE","FALSE","Site QA","Floor Finishes","WING A","A.56 BED","Carpet / Vinyl"
"6caacc73-8b3e-5261-a658-078480333632","","checkpoint-status","not-started","","","TRUE","TRUE","Site QA","Floor Finishes","WING A","A.56 BED","Carpet / Vinyl","Confirm area of work is accessible & acceptable to commence (If not comment below)"
"137e7218-b241-52a7-9e35-8809464c82eb","","checkpoint-status","not-started","","","TRUE","TRUE","Site QA","Floor Finishes","WING A","A.56 BED","Carpet / Vinyl","Vinyl installed as per plan"
"0fa0c59a-7d8f-5edd-9f03-8ba694f1cb2b","","checkpoint-status","not-started","","","TRUE","TRUE","Site QA","Floor Finishes","WING A","A.56 BED","Carpet / Vinyl","Carpet installed as per plan"
"f754deec-f631-55c5-adef-78cc5eead209","","checkpoint-status","not-started","","","TRUE","TRUE","Site QA","Floor Finishes","WING A","A.56 BED","Carpet / Vinyl","Joints sealed with heat welded seams and mitres as per AS 1884-2012"
"8125645b-d7da-55b9-8081-04380f8832c7","","checkpoint-status","not-started","","","TRUE","TRUE","Site QA","Floor Finishes","WING A","A.56 BED","Carpet / Vinyl","Vinyl skirt and coving used as per finishes markup - 150mm height"
"ca4956b7-9e35-52c1-a167-5f80a1512098","","checkpoint-status","not-started","","","TRUE","TRUE","Site QA","Floor Finishes","WING A","A.56 BED","Carpet / Vinyl","Installer Sign Off: Carpet / Vinyl installed as per manufacturer's instructions"
"bf62e8a3-ccd8-5fef-8b69-329b6999a0ca","","checkpoint-status","not-started","","","TRUE","TRUE","Site QA","Floor Finishes","WING A","A.56 BED","Carpet / Vinyl","Add-Floors Sign Off"
"15d905e0-80e6-5129-960b-a4340740d1e9","","checkpoint-status","not-started","","","TRUE","TRUE","Site QA","Floor Finishes","WING A","A.56 BED","Carpet / Vinyl","Foreman installation sign off"
"2f090691-c9f9-586f-9200-41aa1f00a529","","checkpoint-group","not-started","","","FALSE","FALSE","Site QA","Floor Finishes","WING A","A.56 BED","Wall Finish"
"b5d8533c-165f-5d6d-aa1f-54ae56b05bfc","","checkpoint-status","not-started","","","TRUE","TRUE","Site QA","Floor Finishes","WING A","A.56 BED","Wall Finish","Wall Finish installed as per plan"
"a1d5b053-f497-5bb2-84bc-3a2b9900a369","","checkpoint-group","not-started","","","FALSE","FALSE","Site QA","Floor Finishes","WING A","A.56 BED","Protection and Handover"
"d5d0f28a-a55c-583a-816a-20427bfbb458","","checkpoint-status","not-started","","","TRUE","TRUE","Site QA","Floor Finishes","WING A","A.56 BED","Protection and Handover","Installation complete, checked and reviewed - as per specification"
"92858b67-a0eb-579d-8ade-d08aa7390ac7","","checkpoint-status","not-started","","","TRUE","TRUE","Site QA","Floor Finishes","WING A","A.56 BED","Protection and Handover","Floor protected with bubbleweave floor protection or polyweave"
"1684eb72-6980-59ee-aebf-276c7f5f2c43","","checkpoint-status","not-started","","","TRUE","TRUE","Site QA","Floor Finishes","WING A","A.56 BED","Protection and Handover","Installer Sign Off: Protection installed as per manufacturer's instructions"
"b76b18e5-872d-456c-80a1-07b431b34e34","","checklist-sectioned","not-started","5a8a68d1221a9e608c282940756e19ac2c3c1dd54ffd7888cef6f74664a05c9a","checklist","FALSE","FALSE","Site QA","Floor Finishes","WING A","A.56A ENSUITE"
"ccbf23bd-789d-5355-8745-cf4dc9e64cef","","checkpoint-group","not-started","","","FALSE","FALSE","Site QA","Floor Finishes","WING A","A.56A ENSUITE","Subfloor, Floor Preparation, Adhesive"
"592b847c-d48f-51a2-8b6f-e093d02dd2ab","","checkpoint-status","not-started","","","TRUE","TRUE","Site QA","Floor Finishes","WING A","A.56A ENSUITE","Subfloor, Floor Preparation, Adhesive","Confirm area of work is accessible & acceptable to commence (If not comment below)"
"9f84cdd2-bd3c-5ad2-a3f5-10ef2ec48a55","","checkpoint-status","not-started","","","TRUE","TRUE","Site QA","Floor Finishes","WING A","A.56A ENSUITE","Subfloor, Floor Preparation, Adhesive","Subfloor mechanically diamond ground"
"214ee383-79b1-4313-8624-62c189f94ab6","","checkpoint-status","not-started","","","TRUE","TRUE","Site QA","Floor Finishes","WING A","A.56A ENSUITE","Subfloor, Floor Preparation, Adhesive","Floor preparation product installed in accordance with manufacturer's instructions"
"d431343e-1f9e-59ca-84d7-3b4818468769","","checkpoint-status","not-started","","","TRUE","TRUE","Site QA","Floor Finishes","WING A","A.56A ENSUITE","Subfloor, Floor Preparation, Adhesive","Floor transitions installed as per instructions from builder"
"6ca36f08-5d20-4773-9dba-bb306d4c8c11","","checkpoint-status","not-started","","","TRUE","TRUE","Site QA","Floor Finishes","WING A","A.56A ENSUITE","Subfloor, Floor Preparation, Adhesive","Waterproof tested for falls, and water test completed by waterproofers"
"b811b030-a787-520c-bdd3-3c54f412fb90","","checkpoint-status","not-started","","","TRUE","TRUE","Site QA","Floor Finishes","WING A","A.56A ENSUITE","Subfloor, Floor Preparation, Adhesive","Correct adhesive used"
"e9c9fa26-6777-5357-bf39-775e42675314","","checkpoint-group","not-started","","","FALSE","FALSE","Site QA","Floor Finishes","WING A","A.56A ENSUITE","Carpet / Vinyl"
"4b1f4940-53d9-51b3-bec6-a1d6d015903f","","checkpoint-status","not-started","","","TRUE","TRUE","Site QA","Floor Finishes","WING A","A.56A ENSUITE","Carpet / Vinyl","Confirm area of work is accessible & acceptable to commence (If not comment below)"
"57a27528-40e8-5e40-b764-99ee61a9a3c6","","checkpoint-status","not-started","","","TRUE","TRUE","Site QA","Floor Finishes","WING A","A.56A ENSUITE","Carpet / Vinyl","Vinyl installed as per plan"
"fca51704-a07e-5f0f-a61c-f47cda4a1d74","","checkpoint-status","not-started","","","TRUE","TRUE","Site QA","Floor Finishes","WING A","A.56A ENSUITE","Carpet / Vinyl","Carpet installed as per plan"
"c635e87d-639b-549d-b0e4-98e18d9b5542","","checkpoint-status","not-started","","","TRUE","TRUE","Site QA","Floor Finishes","WING A","A.56A ENSUITE","Carpet / Vinyl","Joints sealed with heat welded seams and mitres as per AS 1884-2012"
"4684ed99-fbce-5917-b7b4-7f15795f7bbd","","checkpoint-status","not-started","","","TRUE","TRUE","Site QA","Floor Finishes","WING A","A.56A ENSUITE","Carpet / Vinyl","Vinyl skirt and coving used as per finishes markup - 150mm height"
"a8fd780f-eaa1-5d0e-a46c-c1cb0a264963","","checkpoint-status","not-started","","","TRUE","TRUE","Site QA","Floor Finishes","WING A","A.56A ENSUITE","Carpet / Vinyl","Installer Sign Off: Carpet / Vinyl installed as per manufacturer's instructions"
"fe7676e3-4bd9-52fc-a4d3-f6f036133df5","","checkpoint-status","not-started","","","TRUE","TRUE","Site QA","Floor Finishes","WING A","A.56A ENSUITE","Carpet / Vinyl","Add-Floors Sign Off"
"f87ec161-0a7a-54c3-8bab-6f631a002580","","checkpoint-status","not-started","","","TRUE","TRUE","Site QA","Floor Finishes","WING A","A.56A ENSUITE","Carpet / Vinyl","Foreman installation sign off"
"843f3297-95f6-5409-aa8f-d3cbe95332c9","","checkpoint-group","not-started","","","FALSE","FALSE","Site QA","Floor Finishes","WING A","A.56A ENSUITE","Wall Finish"
"c09e69fc-8be3-52a5-bc47-8f97d0df8bde","","checkpoint-status","not-started","","","TRUE","TRUE","Site QA","Floor Finishes","WING A","A.56A ENSUITE","Wall Finish","Wall Finish installed as per plan"
"94298038-5688-5ba3-b639-22644ed52c41","","checkpoint-group","not-started","","","FALSE","FALSE","Site QA","Floor Finishes","WING A","A.56A ENSUITE","Protection and Handover"
"6f89c392-cc98-5b3a-b8d1-cd517504b930","","checkpoint-status","not-started","","","TRUE","TRUE","Site QA","Floor Finishes","WING A","A.56A ENSUITE","Protection and Handover","Installation complete, checked and reviewed - as per specification"
"093a62b1-1aed-5f5d-aead-207937812a81","","checkpoint-status","not-started","","","TRUE","TRUE","Site QA","Floor Finishes","WING A","A.56A ENSUITE","Protection and Handover","Floor protected with bubbleweave floor protection or polyweave"
"a9a98c91-12e5-5e52-9f49-1def21f572e7","","checkpoint-status","not-started","","","TRUE","TRUE","Site QA","Floor Finishes","WING A","A.56A ENSUITE","Protection and Handover","Installer Sign Off: Protection installed as per manufacturer's instructions"
"26e91bc2-1ca3-4d59-9051-ce7929677375","","checklist-sectioned","not-started","5a8a68d1221a9e608c282940756e19ac2c3c1dd54ffd7888cef6f74664a05c9a","checklist","FALSE","FALSE","Site QA","Floor Finishes","WING A","A.57 BED"
"da2078d2-76ba-5333-9735-021952a83a5f","","checkpoint-group","not-started","","","FALSE","FALSE","Site QA","Floor Finishes","WING A","A.57 BED","Subfloor, Floor Preparation, Adhesive"
"78e7801e-0715-58d3-b58e-343db4bee620","","checkpoint-status","not-started","","","TRUE","TRUE","Site QA","Floor Finishes","WING A","A.57 BED","Subfloor, Floor Preparation, Adhesive","Confirm area of work is accessible & acceptable to commence (If not comment below)"
"1029e801-616c-5213-b628-67e2c262de0d","","checkpoint-status","not-started","","","TRUE","TRUE","Site QA","Floor Finishes","WING A","A.57 BED","Subfloor, Floor Preparation, Adhesive","Subfloor mechanically diamond ground"
"d1895d98-8ed4-4ecb-ab9b-32056138a09b","","checkpoint-status","not-started","","","TRUE","TRUE","Site QA","Floor Finishes","WING A","A.57 BED","Subfloor, Floor Preparation, Adhesive","Floor preparation product installed in accordance with manufacturer's instructions"
"ae98f6f1-17cc-5e84-b4cc-57c17c64a9a5","","checkpoint-status","not-started","","","TRUE","TRUE","Site QA","Floor Finishes","WING A","A.57 BED","Subfloor, Floor Preparation, Adhesive","Floor transitions installed as per instructions from builder"
"926087e9-0857-4219-8c1d-e0c910d5ab47","","checkpoint-status","not-started","","","TRUE","TRUE","Site QA","Floor Finishes","WING A","A.57 BED","Subfloor, Floor Preparation, Adhesive","Waterproof tested for falls, and water test completed by waterproofers"
"fca1bf55-53b4-500c-9f7c-ac974c7121c5","","checkpoint-status","not-started","","","TRUE","TRUE","Site QA","Floor Finishes","WING A","A.57 BED","Subfloor, Floor Preparation, Adhesive","Correct adhesive used"
"eb543bab-033d-5230-b29e-47eb4da92196","","checkpoint-group","not-started","","","FALSE","FALSE","Site QA","Floor Finishes","WING A","A.57 BED","Carpet / Vinyl"
"5c9bf52c-147e-5f13-8de7-7f71afe0f6ba","","checkpoint-status","not-started","","","TRUE","TRUE","Site QA","Floor Finishes","WING A","A.57 BED","Carpet / Vinyl","Confirm area of work is accessible & acceptable to commence (If not comment below)"
"665b4a4c-2125-561c-9dfe-8cef2e9806c3","","checkpoint-status","not-started","","","TRUE","TRUE","Site QA","Floor Finishes","WING A","A.57 BED","Carpet / Vinyl","Vinyl installed as per plan"
"f4e3c989-180f-550c-9cea-f63f6219dea5","","checkpoint-status","not-started","","","TRUE","TRUE","Site QA","Floor Finishes","WING A","A.57 BED","Carpet / Vinyl","Carpet installed as per plan"
"24748d72-03b0-5690-9702-a7bce6815e93","","checkpoint-status","not-started","","","TRUE","TRUE","Site QA","Floor Finishes","WING A","A.57 BED","Carpet / Vinyl","Joints sealed with heat welded seams and mitres as per AS 1884-2012"
"4ad16925-5f2f-59ac-9d7c-d30821c3c34a","","checkpoint-status","not-started","","","TRUE","TRUE","Site QA","Floor Finishes","WING A","A.57 BED","Carpet / Vinyl","Vinyl skirt and coving used as per finishes markup - 150mm height"
"e6d27ce8-5d41-559f-9d98-ecc5da2a1be7","","checkpoint-status","not-started","","","TRUE","TRUE","Site QA","Floor Finishes","WING A","A.57 BED","Carpet / Vinyl","Installer Sign Off: Carpet / Vinyl installed as per manufacturer's instructions"
"a6d53406-aedc-5432-a9f5-829401cb6a73","","checkpoint-status","not-started","","","TRUE","TRUE","Site QA","Floor Finishes","WING A","A.57 BED","Carpet / Vinyl","Add-Floors Sign Off"
"0c48908a-8aec-5444-b2e8-4bc287aced0d","","checkpoint-status","not-started","","","TRUE","TRUE","Site QA","Floor Finishes","WING A","A.57 BED","Carpet / Vinyl","Foreman installation sign off"
"ad7387fa-dd31-56e5-ae94-b25d29737872","","checkpoint-group","not-started","","","FALSE","FALSE","Site QA","Floor Finishes","WING A","A.57 BED","Wall Finish"
"89c0e7bc-5472-5d5e-96a5-39acd012764f","","checkpoint-status","not-started","","","TRUE","TRUE","Site QA","Floor Finishes","WING A","A.57 BED","Wall Finish","Wall Finish installed as per plan"
"60b75dfc-5a4d-5d61-8559-adc166b604e9","","checkpoint-group","not-started","","","FALSE","FALSE","Site QA","Floor Finishes","WING A","A.57 BED","Protection and Handover"
"f4115ba5-105a-53d6-b3fb-67ceafac67ef","","checkpoint-status","not-started","","","TRUE","TRUE","Site QA","Floor Finishes","WING A","A.57 BED","Protection and Handover","Installation complete, checked and reviewed - as per specification"
"2ca5a876-aa73-5f50-be63-707f01b3ad36","","checkpoint-status","not-started","","","TRUE","TRUE","Site QA","Floor Finishes","WING A","A.57 BED","Protection and Handover","Floor protected with bubbleweave floor protection or polyweave"
"8dfb05d4-8e00-51c8-848e-581cc9b02f48","","checkpoint-status","not-started","","","TRUE","TRUE","Site QA","Floor Finishes","WING A","A.57 BED","Protection and Handover","Installer Sign Off: Protection installed as per manufacturer's instructions"
"198b8690-2513-4162-961c-c1d959c9e794","","checklist-sectioned","not-started","5a8a68d1221a9e608c282940756e19ac2c3c1dd54ffd7888cef6f74664a05c9a","checklist","FALSE","FALSE","Site QA","Floor Finishes","WING A","A.57A ENSUITE"
"d5364ab7-3458-52c6-87c0-d0c7f1afa472","","checkpoint-group","not-started","","","FALSE","FALSE","Site QA","Floor Finishes","WING A","A.57A ENSUITE","Subfloor, Floor Preparation, Adhesive"
"4e6fc06d-ccfe-5a06-a153-f093efd15c03","","checkpoint-status","not-started","","","TRUE","TRUE","Site QA","Floor Finishes","WING A","A.57A ENSUITE","Subfloor, Floor Preparation, Adhesive","Confirm area of work is accessible & acceptable to commence (If not comment below)"
"a1c8c49f-ae78-5ba0-8ca4-25de7ea9d715","","checkpoint-status","not-started","","","TRUE","TRUE","Site QA","Floor Finishes","WING A","A.57A ENSUITE","Subfloor, Floor Preparation, Adhesive","Subfloor mechanically diamond ground"
"72baf570-d26a-4260-a530-f96c739b882e","","checkpoint-status","not-started","","","TRUE","TRUE","Site QA","Floor Finishes","WING A","A.57A ENSUITE","Subfloor, Floor Preparation, Adhesive","Floor preparation product installed in accordance with manufacturer's instructions"
"3ed326d7-46b6-525f-a31c-a122997f436c","","checkpoint-status","not-started","","","TRUE","TRUE","Site QA","Floor Finishes","WING A","A.57A ENSUITE","Subfloor, Floor Preparation, Adhesive","Floor transitions installed as per instructions from builder"
"6d381d9d-9cfe-4d1d-a623-1243d92c1c6b","","checkpoint-status","not-started","","","TRUE","TRUE","Site QA","Floor Finishes","WING A","A.57A ENSUITE","Subfloor, Floor Preparation, Adhesive","Waterproof tested for falls, and water test completed by waterproofers"
"4e5e7951-4024-5d07-86a4-0b4afac528e1","","checkpoint-status","not-started","","","TRUE","TRUE","Site QA","Floor Finishes","WING A","A.57A ENSUITE","Subfloor, Floor Preparation, Adhesive","Correct adhesive used"
"3359bda3-dac3-59bc-b4bc-6b93ce3b8f70","","checkpoint-group","not-started","","","FALSE","FALSE","Site QA","Floor Finishes","WING A","A.57A ENSUITE","Carpet / Vinyl"
"8be17fda-a6ad-51f2-8e9d-995e76c75c9e","","checkpoint-status","not-started","","","TRUE","TRUE","Site QA","Floor Finishes","WING A","A.57A ENSUITE","Carpet / Vinyl","Confirm area of work is accessible & acceptable to commence (If not comment below)"
"674a7e25-7ec1-5b71-a658-4ae1ecea0182","","checkpoint-status","not-started","","","TRUE","TRUE","Site QA","Floor Finishes","WING A","A.57A ENSUITE","Carpet / Vinyl","Vinyl installed as per plan"
"6007a950-7aee-58b9-a4d4-4c96d5cd95f3","","checkpoint-status","not-started","","","TRUE","TRUE","Site QA","Floor Finishes","WING A","A.57A ENSUITE","Carpet / Vinyl","Carpet installed as per plan"
"2033f4cb-b595-5ccd-a996-6e6bbfc9b656","","checkpoint-status","not-started","","","TRUE","TRUE","Site QA","Floor Finishes","WING A","A.57A ENSUITE","Carpet / Vinyl","Joints sealed with heat welded seams and mitres as per AS 1884-2012"
"917e6296-5a98-5a2d-8382-a934ffbba9a4","","checkpoint-status","not-started","","","TRUE","TRUE","Site QA","Floor Finishes","WING A","A.57A ENSUITE","Carpet / Vinyl","Vinyl skirt and coving used as per finishes markup - 150mm height"
"2ab18829-1c12-515a-8b35-e7bc30bb9bc0","","checkpoint-status","not-started","","","TRUE","TRUE","Site QA","Floor Finishes","WING A","A.57A ENSUITE","Carpet / Vinyl","Installer Sign Off: Carpet / Vinyl installed as per manufacturer's instructions"
"6020045b-2aba-51e1-9373-f3253873b089","","checkpoint-status","not-started","","","TRUE","TRUE","Site QA","Floor Finishes","WING A","A.57A ENSUITE","Carpet / Vinyl","Add-Floors Sign Off"
"2520bb39-e88c-50ed-935d-fb714421a680","","checkpoint-status","not-started","","","TRUE","TRUE","Site QA","Floor Finishes","WING A","A.57A ENSUITE","Carpet / Vinyl","Foreman installation sign off"
"96e381d5-647c-56f2-8a64-54905c293c28","","checkpoint-group","not-started","","","FALSE","FALSE","Site QA","Floor Finishes","WING A","A.57A ENSUITE","Wall Finish"
"2a350f5c-2415-5246-90db-bfabef045bdd","","checkpoint-status","not-started","","","TRUE","TRUE","Site QA","Floor Finishes","WING A","A.57A ENSUITE","Wall Finish","Wall Finish installed as per plan"
"9e07a146-0993-5113-bcac-f18fca8257f8","","checkpoint-group","not-started","","","FALSE","FALSE","Site QA","Floor Finishes","WING A","A.57A ENSUITE","Protection and Handover"
"a92ee6bb-ea8f-5c19-bb5e-f7dc8a3d2bdc","","checkpoint-status","not-started","","","TRUE","TRUE","Site QA","Floor Finishes","WING A","A.57A ENSUITE","Protection and Handover","Installation complete, checked and reviewed - as per specification"
"3e19853b-ff43-5e24-8460-cf14e7c9cbd1","","checkpoint-status","not-started","","","TRUE","TRUE","Site QA","Floor Finishes","WING A","A.57A ENSUITE","Protection and Handover","Floor protected with bubbleweave floor protection or polyweave"
"c56a5147-9ab9-54f0-b625-605057900ee4","","checkpoint-status","not-started","","","TRUE","TRUE","Site QA","Floor Finishes","WING A","A.57A ENSUITE","Protection and Handover","Installer Sign Off: Protection installed as per manufacturer's instructions"
"a7530853-1049-48bb-b544-791f7ecd3f05","","checklist-sectioned","not-started","5a8a68d1221a9e608c282940756e19ac2c3c1dd54ffd7888cef6f74664a05c9a","checklist","FALSE","FALSE","Site QA","Floor Finishes","WING A","A.58 BED"
"6ebb6591-7481-5706-bbb7-681f4d947938","","checkpoint-group","not-started","","","FALSE","FALSE","Site QA","Floor Finishes","WING A","A.58 BED","Subfloor, Floor Preparation, Adhesive"
"db3b5a5e-9e08-52a8-afb6-17cac6bb3bac","","checkpoint-status","not-started","","","TRUE","TRUE","Site QA","Floor Finishes","WING A","A.58 BED","Subfloor, Floor Preparation, Adhesive","Confirm area of work is accessible & acceptable to commence (If not comment below)"
"7e2c90cb-ca50-5df5-bda6-1c73927449dc","","checkpoint-status","not-started","","","TRUE","TRUE","Site QA","Floor Finishes","WING A","A.58 BED","Subfloor, Floor Preparation, Adhesive","Subfloor mechanically diamond ground"
"d51eb8e8-037d-4b0f-832b-56cba6f1058b","","checkpoint-status","not-started","","","TRUE","TRUE","Site QA","Floor Finishes","WING A","A.58 BED","Subfloor, Floor Preparation, Adhesive","Floor preparation product installed in accordance with manufacturer's instructions"
"ba7e4189-d4f2-52bf-81ae-21cd3bf49d96","","checkpoint-status","not-started","","","TRUE","TRUE","Site QA","Floor Finishes","WING A","A.58 BED","Subfloor, Floor Preparation, Adhesive","Floor transitions installed as per instructions from builder"
"69d560c0-2403-4e05-8ba1-9a64f62a96ed","","checkpoint-status","not-started","","","TRUE","TRUE","Site QA","Floor Finishes","WING A","A.58 BED","Subfloor, Floor Preparation, Adhesive","Waterproof tested for falls, and water test completed by waterproofers"
"3eda69da-4cd7-576d-a1f4-8c56b85fa076","","checkpoint-status","not-started","","","TRUE","TRUE","Site QA","Floor Finishes","WING A","A.58 BED","Subfloor, Floor Preparation, Adhesive","Correct adhesive used"
"f968e3b8-f3bc-54c2-80f2-53c78a0bd4c5","","checkpoint-group","not-started","","","FALSE","FALSE","Site QA","Floor Finishes","WING A","A.58 BED","Carpet / Vinyl"
"87fb2fe2-2642-5d34-a61f-4948b5ee3834","","checkpoint-status","not-started","","","TRUE","TRUE","Site QA","Floor Finishes","WING A","A.58 BED","Carpet / Vinyl","Confirm area of work is accessible & acceptable to commence (If not comment below)"
"fc4510c8-d0a8-534f-9349-a0725d688bd3","","checkpoint-status","not-started","","","TRUE","TRUE","Site QA","Floor Finishes","WING A","A.58 BED","Carpet / Vinyl","Vinyl installed as per plan"
"ed44899a-454e-54c5-b596-6ada6b7b7c5b","","checkpoint-status","not-started","","","TRUE","TRUE","Site QA","Floor Finishes","WING A","A.58 BED","Carpet / Vinyl","Carpet installed as per plan"
"138d24e3-0544-52fa-9c28-3acfd485aa21","","checkpoint-status","not-started","","","TRUE","TRUE","Site QA","Floor Finishes","WING A","A.58 BED","Carpet / Vinyl","Joints sealed with heat welded seams and mitres as per AS 1884-2012"
"945f44be-6a15-5855-b386-5d7becec4b2b","","checkpoint-status","not-started","","","TRUE","TRUE","Site QA","Floor Finishes","WING A","A.58 BED","Carpet / Vinyl","Vinyl skirt and coving used as per finishes markup - 150mm height"
"22c8e4be-f86f-54f6-a2e4-9f0dc48d3edf","","checkpoint-status","not-started","","","TRUE","TRUE","Site QA","Floor Finishes","WING A","A.58 BED","Carpet / Vinyl","Installer Sign Off: Carpet / Vinyl installed as per manufacturer's instructions"
"961dcc4c-c657-5e96-bd66-e6839c382147","","checkpoint-status","not-started","","","TRUE","TRUE","Site QA","Floor Finishes","WING A","A.58 BED","Carpet / Vinyl","Add-Floors Sign Off"
"c386d02f-851c-5523-b8a0-35ec8d12d03e","","checkpoint-status","not-started","","","TRUE","TRUE","Site QA","Floor Finishes","WING A","A.58 BED","Carpet / Vinyl","Foreman installation sign off"
"28e6da9e-60e1-5eca-84f7-d3f519facb8b","","checkpoint-group","not-started","","","FALSE","FALSE","Site QA","Floor Finishes","WING A","A.58 BED","Wall Finish"
"ef45095e-e49c-5d57-8569-4b6d616bfd1d","","checkpoint-status","not-started","","","TRUE","TRUE","Site QA","Floor Finishes","WING A","A.58 BED","Wall Finish","Wall Finish installed as per plan"
"a468ea37-ddde-5c9d-8d93-0ca72d424614","","checkpoint-group","not-started","","","FALSE","FALSE","Site QA","Floor Finishes","WING A","A.58 BED","Protection and Handover"
"48905420-f246-576b-afd0-1051fec97c79","","checkpoint-status","not-started","","","TRUE","TRUE","Site QA","Floor Finishes","WING A","A.58 BED","Protection and Handover","Installation complete, checked and reviewed - as per specification"
"89affc64-f2bd-5556-920b-d4113229f0d3","","checkpoint-status","not-started","","","TRUE","TRUE","Site QA","Floor Finishes","WING A","A.58 BED","Protection and Handover","Floor protected with bubbleweave floor protection or polyweave"
"ec4f9d31-cd1b-5c06-97b1-8c07a1e4fc8c","","checkpoint-status","not-started","","","TRUE","TRUE","Site QA","Floor Finishes","WING A","A.58 BED","Protection and Handover","Installer Sign Off: Protection installed as per manufacturer's instructions"
"527f3438-4655-4a08-910a-e1671b4160b1","","checklist-sectioned","not-started","5a8a68d1221a9e608c282940756e19ac2c3c1dd54ffd7888cef6f74664a05c9a","checklist","FALSE","FALSE","Site QA","Floor Finishes","WING A","A.58A ENSUITE"
"918f3409-b846-5e36-aa01-399e58a6993a","","checkpoint-group","not-started","","","FALSE","FALSE","Site QA","Floor Finishes","WING A","A.58A ENSUITE","Subfloor, Floor Preparation, Adhesive"
"6852a706-7852-58df-ae47-a7caa1c56309","","checkpoint-status","not-started","","","TRUE","TRUE","Site QA","Floor Finishes","WING A","A.58A ENSUITE","Subfloor, Floor Preparation, Adhesive","Confirm area of work is accessible & acceptable to commence (If not comment below)"
"87214e28-d69f-57cf-98c5-baae1a0da47b","","checkpoint-status","not-started","","","TRUE","TRUE","Site QA","Floor Finishes","WING A","A.58A ENSUITE","Subfloor, Floor Preparation, Adhesive","Subfloor mechanically diamond ground"
"0d1621ec-c60b-4d7f-b011-2591ae562211","","checkpoint-status","not-started","","","TRUE","TRUE","Site QA","Floor Finishes","WING A","A.58A ENSUITE","Subfloor, Floor Preparation, Adhesive","Floor preparation product installed in accordance with manufacturer's instructions"
"b1a4a79c-3cd6-5e23-95cf-5bc2a99534b4","","checkpoint-status","not-started","","","TRUE","TRUE","Site QA","Floor Finishes","WING A","A.58A ENSUITE","Subfloor, Floor Preparation, Adhesive","Floor transitions installed as per instructions from builder"
"e167f4c3-d48d-45f5-8673-cfd3a901b689","","checkpoint-status","not-started","","","TRUE","TRUE","Site QA","Floor Finishes","WING A","A.58A ENSUITE","Subfloor, Floor Preparation, Adhesive","Waterproof tested for falls, and water test completed by waterproofers"
"b07cd648-e471-593c-917c-05f3a3ce0910","","checkpoint-status","not-started","","","TRUE","TRUE","Site QA","Floor Finishes","WING A","A.58A ENSUITE","Subfloor, Floor Preparation, Adhesive","Correct adhesive used"
"256d24ab-3c49-5ebf-88ee-4aa3984f8687","","checkpoint-group","not-started","","","FALSE","FALSE","Site QA","Floor Finishes","WING A","A.58A ENSUITE","Carpet / Vinyl"
"34a1ff5d-3ba4-5266-8893-d016c153c10b","","checkpoint-status","not-started","","","TRUE","TRUE","Site QA","Floor Finishes","WING A","A.58A ENSUITE","Carpet / Vinyl","Confirm area of work is accessible & acceptable to commence (If not comment below)"
"50c05ff7-20a1-5d26-973f-0111b18b54be","","checkpoint-status","not-started","","","TRUE","TRUE","Site QA","Floor Finishes","WING A","A.58A ENSUITE","Carpet / Vinyl","Vinyl installed as per plan"
"064c13f7-6913-52a3-8877-da2ff53b41b8","","checkpoint-status","not-started","","","TRUE","TRUE","Site QA","Floor Finishes","WING A","A.58A ENSUITE","Carpet / Vinyl","Carpet installed as per plan"
"87019afb-b696-5f8b-a4b8-434532522219","","checkpoint-status","not-started","","","TRUE","TRUE","Site QA","Floor Finishes","WING A","A.58A ENSUITE","Carpet / Vinyl","Joints sealed with heat welded seams and mitres as per AS 1884-2012"
"beea3e36-e880-5a04-8e39-b0b49e01319e","","checkpoint-status","not-started","","","TRUE","TRUE","Site QA","Floor Finishes","WING A","A.58A ENSUITE","Carpet / Vinyl","Vinyl skirt and coving used as per finishes markup - 150mm height"
"1aff9f59-b103-524d-9cb1-1ec3e62f4ad5","","checkpoint-status","not-started","","","TRUE","TRUE","Site QA","Floor Finishes","WING A","A.58A ENSUITE","Carpet / Vinyl","Installer Sign Off: Carpet / Vinyl installed as per manufacturer's instructions"
"671b6456-ecc4-5336-917f-8099a65b71c1","","checkpoint-status","not-started","","","TRUE","TRUE","Site QA","Floor Finishes","WING A","A.58A ENSUITE","Carpet / Vinyl","Add-Floors Sign Off"
"e8bdf4df-00fe-5100-9a49-3a5c903973da","","checkpoint-status","not-started","","","TRUE","TRUE","Site QA","Floor Finishes","WING A","A.58A ENSUITE","Carpet / Vinyl","Foreman installation sign off"
"6e0e4054-34e7-512a-a143-c7c31bea0ce9","","checkpoint-group","not-started","","","FALSE","FALSE","Site QA","Floor Finishes","WING A","A.58A ENSUITE","Wall Finish"
"82a75dc8-851f-5019-ae8a-c007999558b3","","checkpoint-status","not-started","","","TRUE","TRUE","Site QA","Floor Finishes","WING A","A.58A ENSUITE","Wall Finish","Wall Finish installed as per plan"
"a154fcc1-a5ca-50db-a7af-338358926135","","checkpoint-group","not-started","","","FALSE","FALSE","Site QA","Floor Finishes","WING A","A.58A ENSUITE","Protection and Handover"
"ef637648-257a-5be4-ab89-1cb84ed8afb8","","checkpoint-status","not-started","","","TRUE","TRUE","Site QA","Floor Finishes","WING A","A.58A ENSUITE","Protection and Handover","Installation complete, checked and reviewed - as per specification"
"a2b0839e-5099-5313-958c-92aa14c5514e","","checkpoint-status","not-started","","","TRUE","TRUE","Site QA","Floor Finishes","WING A","A.58A ENSUITE","Protection and Handover","Floor protected with bubbleweave floor protection or polyweave"
"ce244dd6-6eb9-5bd1-9e33-bc6510063981","","checkpoint-status","not-started","","","TRUE","TRUE","Site QA","Floor Finishes","WING A","A.58A ENSUITE","Protection and Handover","Installer Sign Off: Protection installed as per manufacturer's instructions"
"65a998b0-38ee-4375-8e12-4f327f8773cf","","checklist-sectioned","not-started","5a8a68d1221a9e608c282940756e19ac2c3c1dd54ffd7888cef6f74664a05c9a","checklist","FALSE","FALSE","Site QA","Floor Finishes","WING A","A.59 BED"
"3a1f45c1-3f35-5af2-96e3-9e1aaea43300","","checkpoint-group","not-started","","","FALSE","FALSE","Site QA","Floor Finishes","WING A","A.59 BED","Subfloor, Floor Preparation, Adhesive"
"cdc0a7d2-1955-5b88-aee4-701240c0aa94","","checkpoint-status","not-started","","","TRUE","TRUE","Site QA","Floor Finishes","WING A","A.59 BED","Subfloor, Floor Preparation, Adhesive","Confirm area of work is accessible & acceptable to commence (If not comment below)"
"fb427136-777e-5cc4-94ed-bb8cbd07cbb9","","checkpoint-status","not-started","","","TRUE","TRUE","Site QA","Floor Finishes","WING A","A.59 BED","Subfloor, Floor Preparation, Adhesive","Subfloor mechanically diamond ground"
"a50f0652-dea6-4c73-9697-acd738ec5bb9","","checkpoint-status","not-started","","","TRUE","TRUE","Site QA","Floor Finishes","WING A","A.59 BED","Subfloor, Floor Preparation, Adhesive","Floor preparation product installed in accordance with manufacturer's instructions"
"a9847501-f990-5802-a453-865201e1e916","","checkpoint-status","not-started","","","TRUE","TRUE","Site QA","Floor Finishes","WING A","A.59 BED","Subfloor, Floor Preparation, Adhesive","Floor transitions installed as per instructions from builder"
"13e62f74-69fa-423c-959e-1dcb19c21980","","checkpoint-status","not-started","","","TRUE","TRUE","Site QA","Floor Finishes","WING A","A.59 BED","Subfloor, Floor Preparation, Adhesive","Waterproof tested for falls, and water test completed by waterproofers"
"562a027e-ec7d-5875-843b-bb6e24dd79b4","","checkpoint-status","not-started","","","TRUE","TRUE","Site QA","Floor Finishes","WING A","A.59 BED","Subfloor, Floor Preparation, Adhesive","Correct adhesive used"
"4f8bf080-6b0a-59aa-9a0f-338eab8b1cf0","","checkpoint-group","not-started","","","FALSE","FALSE","Site QA","Floor Finishes","WING A","A.59 BED","Carpet / Vinyl"
"d850dffb-c351-54ec-bbdf-6be9e64d8ee8","","checkpoint-status","not-started","","","TRUE","TRUE","Site QA","Floor Finishes","WING A","A.59 BED","Carpet / Vinyl","Confirm area of work is accessible & acceptable to commence (If not comment below)"
"4cab0cfc-790c-5c6f-90f7-add616061783","","checkpoint-status","not-started","","","TRUE","TRUE","Site QA","Floor Finishes","WING A","A.59 BED","Carpet / Vinyl","Vinyl installed as per plan"
"dfccd709-94ab-51ae-afc6-82c8fd6a39eb","","checkpoint-status","not-started","","","TRUE","TRUE","Site QA","Floor Finishes","WING A","A.59 BED","Carpet / Vinyl","Carpet installed as per plan"
"3d3f4f83-1e79-5b14-bcab-f4b9cc65fe86","","checkpoint-status","not-started","","","TRUE","TRUE","Site QA","Floor Finishes","WING A","A.59 BED","Carpet / Vinyl","Joints sealed with heat welded seams and mitres as per AS 1884-2012"
"2d5666ec-53df-58cf-91dd-7a2d59e42a60","","checkpoint-status","not-started","","","TRUE","TRUE","Site QA","Floor Finishes","WING A","A.59 BED","Carpet / Vinyl","Vinyl skirt and coving used as per finishes markup - 150mm height"
"fbd73bc4-e174-5adb-a4a9-b186fc4c0711","","checkpoint-status","not-started","","","TRUE","TRUE","Site QA","Floor Finishes","WING A","A.59 BED","Carpet / Vinyl","Installer Sign Off: Carpet / Vinyl installed as per manufacturer's instructions"
"605e2652-3a2c-583d-a7fc-790fca9c2ca5","","checkpoint-status","not-started","","","TRUE","TRUE","Site QA","Floor Finishes","WING A","A.59 BED","Carpet / Vinyl","Add-Floors Sign Off"
"6085a4c9-a5b8-5e12-8321-a8f63a91a2a2","","checkpoint-status","not-started","","","TRUE","TRUE","Site QA","Floor Finishes","WING A","A.59 BED","Carpet / Vinyl","Foreman installation sign off"
"cf120863-988c-51ec-b8de-5c5fedd5f0a9","","checkpoint-group","not-started","","","FALSE","FALSE","Site QA","Floor Finishes","WING A","A.59 BED","Wall Finish"
"5b5e7ea1-9e52-5ae6-8ac4-b82e80e0bf67","","checkpoint-status","not-started","","","TRUE","TRUE","Site QA","Floor Finishes","WING A","A.59 BED","Wall Finish","Wall Finish installed as per plan"
"cca45009-85b2-572a-8d62-253701b839a6","","checkpoint-group","not-started","","","FALSE","FALSE","Site QA","Floor Finishes","WING A","A.59 BED","Protection and Handover"
"f625e22f-242f-5d8b-944b-c1d69475c23d","","checkpoint-status","not-started","","","TRUE","TRUE","Site QA","Floor Finishes","WING A","A.59 BED","Protection and Handover","Installation complete, checked and reviewed - as per specification"
"d9144ce9-4852-5c12-a13e-f1ce42365e3d","","checkpoint-status","not-started","","","TRUE","TRUE","Site QA","Floor Finishes","WING A","A.59 BED","Protection and Handover","Floor protected with bubbleweave floor protection or polyweave"
"278a49f1-488a-5d8a-9a0a-1d6a022e2701","","checkpoint-status","not-started","","","TRUE","TRUE","Site QA","Floor Finishes","WING A","A.59 BED","Protection and Handover","Installer Sign Off: Protection installed as per manufacturer's instructions"
"b2f912cd-a29b-414a-9b2e-2039611a80ef","","checklist-sectioned","not-started","5a8a68d1221a9e608c282940756e19ac2c3c1dd54ffd7888cef6f74664a05c9a","checklist","FALSE","FALSE","Site QA","Floor Finishes","WING A","A.59A ENSUITE"
"96d40260-ade3-50e2-b86c-5e30b1cd0c85","","checkpoint-group","not-started","","","FALSE","FALSE","Site QA","Floor Finishes","WING A","A.59A ENSUITE","Subfloor, Floor Preparation, Adhesive"
"623ed893-6623-5c7b-948a-3a3375969145","","checkpoint-status","not-started","","","TRUE","TRUE","Site QA","Floor Finishes","WING A","A.59A ENSUITE","Subfloor, Floor Preparation, Adhesive","Confirm area of work is accessible & acceptable to commence (If not comment below)"
"29249a63-49be-567c-87a0-92d69c7217c0","","checkpoint-status","not-started","","","TRUE","TRUE","Site QA","Floor Finishes","WING A","A.59A ENSUITE","Subfloor, Floor Preparation, Adhesive","Subfloor mechanically diamond ground"
"41719f01-1472-4d99-8ae1-8806aef0d3d0","","checkpoint-status","not-started","","","TRUE","TRUE","Site QA","Floor Finishes","WING A","A.59A ENSUITE","Subfloor, Floor Preparation, Adhesive","Floor preparation product installed in accordance with manufacturer's instructions"
"6405e54a-5892-5ba3-a510-64df33528132","","checkpoint-status","not-started","","","TRUE","TRUE","Site QA","Floor Finishes","WING A","A.59A ENSUITE","Subfloor, Floor Preparation, Adhesive","Floor transitions installed as per instructions from builder"
"20109220-905e-4608-9a8e-a90b7949b268","","checkpoint-status","not-started","","","TRUE","TRUE","Site QA","Floor Finishes","WING A","A.59A ENSUITE","Subfloor, Floor Preparation, Adhesive","Waterproof tested for falls, and water test completed by waterproofers"
"1e8d3d3c-7eb6-5a44-bd2e-7ed0dd3d40d1","","checkpoint-status","not-started","","","TRUE","TRUE","Site QA","Floor Finishes","WING A","A.59A ENSUITE","Subfloor, Floor Preparation, Adhesive","Correct adhesive used"
"29bc0dd0-bdc5-5037-a972-54733b29271a","","checkpoint-group","not-started","","","FALSE","FALSE","Site QA","Floor Finishes","WING A","A.59A ENSUITE","Carpet / Vinyl"
"88bc9441-c4a7-5014-9886-6cdc3e1bfa0f","","checkpoint-status","not-started","","","TRUE","TRUE","Site QA","Floor Finishes","WING A","A.59A ENSUITE","Carpet / Vinyl","Confirm area of work is accessible & acceptable to commence (If not comment below)"
"95cf7eb1-6c20-5d27-8c42-a5cbdb380be9","","checkpoint-status","not-started","","","TRUE","TRUE","Site QA","Floor Finishes","WING A","A.59A ENSUITE","Carpet / Vinyl","Vinyl installed as per plan"
"b1970f7d-2338-5f79-b75f-fdfb90f42fd5","","checkpoint-status","not-started","","","TRUE","TRUE","Site QA","Floor Finishes","WING A","A.59A ENSUITE","Carpet / Vinyl","Carpet installed as per plan"
"7daceb64-bd07-56cf-888e-8d6c7a2df7ea","","checkpoint-status","not-started","","","TRUE","TRUE","Site QA","Floor Finishes","WING A","A.59A ENSUITE","Carpet / Vinyl","Joints sealed with heat welded seams and mitres as per AS 1884-2012"
"0652355f-d5db-5405-bb69-b4ab0bcd79db","","checkpoint-status","not-started","","","TRUE","TRUE","Site QA","Floor Finishes","WING A","A.59A ENSUITE","Carpet / Vinyl","Vinyl skirt and coving used as per finishes markup - 150mm height"
"3a932299-196c-59cb-8176-a46374f82366","","checkpoint-status","not-started","","","TRUE","TRUE","Site QA","Floor Finishes","WING A","A.59A ENSUITE","Carpet / Vinyl","Installer Sign Off: Carpet / Vinyl installed as per manufacturer's instructions"
"9347fd06-8fcc-54e2-a4f4-9616addd0a64","","checkpoint-status","not-started","","","TRUE","TRUE","Site QA","Floor Finishes","WING A","A.59A ENSUITE","Carpet / Vinyl","Add-Floors Sign Off"
"0e20f333-7a16-5463-a6db-71c98b11db9c","","checkpoint-status","not-started","","","TRUE","TRUE","Site QA","Floor Finishes","WING A","A.59A ENSUITE","Carpet / Vinyl","Foreman installation sign off"
"f3c29a47-09c5-51a0-b183-db19f68525c3","","checkpoint-group","not-started","","","FALSE","FALSE","Site QA","Floor Finishes","WING A","A.59A ENSUITE","Wall Finish"
"28286b72-cc63-5f3b-878b-0caf71e7787c","","checkpoint-status","not-started","","","TRUE","TRUE","Site QA","Floor Finishes","WING A","A.59A ENSUITE","Wall Finish","Wall Finish installed as per plan"
"6fd23268-5e93-56a1-8e80-1c7c0139a270","","checkpoint-group","not-started","","","FALSE","FALSE","Site QA","Floor Finishes","WING A","A.59A ENSUITE","Protection and Handover"
"9c47d6db-f9e9-598d-997e-4d5ca4b79165","","checkpoint-status","not-started","","","TRUE","TRUE","Site QA","Floor Finishes","WING A","A.59A ENSUITE","Protection and Handover","Installation complete, checked and reviewed - as per specification"
"d85c6ad1-1e19-597b-afbb-9d3cdfdd1f96","","checkpoint-status","not-started","","","TRUE","TRUE","Site QA","Floor Finishes","WING A","A.59A ENSUITE","Protection and Handover","Floor protected with bubbleweave floor protection or polyweave"
"6b251931-6b14-5a88-9e79-b24121afaa91","","checkpoint-status","not-started","","","TRUE","TRUE","Site QA","Floor Finishes","WING A","A.59A ENSUITE","Protection and Handover","Installer Sign Off: Protection installed as per manufacturer's instructions"
"0877d2b2-0663-448b-b9e7-f46d22d6880f","","checklist-sectioned","not-started","5a8a68d1221a9e608c282940756e19ac2c3c1dd54ffd7888cef6f74664a05c9a","checklist","FALSE","FALSE","Site QA","Floor Finishes","WING A","A.60 BED"
"93f39777-6393-5995-b62d-ef751204d85b","","checkpoint-group","not-started","","","FALSE","FALSE","Site QA","Floor Finishes","WING A","A.60 BED","Subfloor, Floor Preparation, Adhesive"
"39e6273a-5b7c-5eba-b496-24b430b6c1c9","","checkpoint-status","not-started","","","TRUE","TRUE","Site QA","Floor Finishes","WING A","A.60 BED","Subfloor, Floor Preparation, Adhesive","Confirm area of work is accessible & acceptable to commence (If not comment below)"
"a77cd2b2-5a3e-5570-aa4c-5d45cf5206b3","","checkpoint-status","not-started","","","TRUE","TRUE","Site QA","Floor Finishes","WING A","A.60 BED","Subfloor, Floor Preparation, Adhesive","Subfloor mechanically diamond ground"
"8e5d5d59-1c51-4b72-995e-0626da50038d","","checkpoint-status","not-started","","","TRUE","TRUE","Site QA","Floor Finishes","WING A","A.60 BED","Subfloor, Floor Preparation, Adhesive","Floor preparation product installed in accordance with manufacturer's instructions"
"59d6ef82-bbce-577c-ad1d-9ba9beae7638","","checkpoint-status","not-started","","","TRUE","TRUE","Site QA","Floor Finishes","WING A","A.60 BED","Subfloor, Floor Preparation, Adhesive","Floor transitions installed as per instructions from builder"
"360b6dff-725a-416f-b17a-21aba2b765a2","","checkpoint-status","not-started","","","TRUE","TRUE","Site QA","Floor Finishes","WING A","A.60 BED","Subfloor, Floor Preparation, Adhesive","Waterproof tested for falls, and water test completed by waterproofers"
"31e4f7f2-3bee-5b39-8b60-d0944af3dbce","","checkpoint-status","not-started","","","TRUE","TRUE","Site QA","Floor Finishes","WING A","A.60 BED","Subfloor, Floor Preparation, Adhesive","Correct adhesive used"
"f1112d59-00bb-5d51-87ca-510cac0c3a91","","checkpoint-group","not-started","","","FALSE","FALSE","Site QA","Floor Finishes","WING A","A.60 BED","Carpet / Vinyl"
"214da1ba-4464-544e-a83a-fe7d920b9d0c","","checkpoint-status","not-started","","","TRUE","TRUE","Site QA","Floor Finishes","WING A","A.60 BED","Carpet / Vinyl","Confirm area of work is accessible & acceptable to commence (If not comment below)"
"1326830e-2c4c-51cd-b31c-1753bcfdcc38","","checkpoint-status","not-started","","","TRUE","TRUE","Site QA","Floor Finishes","WING A","A.60 BED","Carpet / Vinyl","Vinyl installed as per plan"
"a97bf283-9dcd-504d-a1d0-710c313b2b90","","checkpoint-status","not-started","","","TRUE","TRUE","Site QA","Floor Finishes","WING A","A.60 BED","Carpet / Vinyl","Carpet installed as per plan"
"cb2ba0d7-99fd-578b-a78e-fd5c5c3f83a1","","checkpoint-status","not-started","","","TRUE","TRUE","Site QA","Floor Finishes","WING A","A.60 BED","Carpet / Vinyl","Joints sealed with heat welded seams and mitres as per AS 1884-2012"
"b672d84f-ed63-510d-bf18-30f8fe31d286","","checkpoint-status","not-started","","","TRUE","TRUE","Site QA","Floor Finishes","WING A","A.60 BED","Carpet / Vinyl","Vinyl skirt and coving used as per finishes markup - 150mm height"
"36ae59eb-e9ef-500d-a12f-5cbeff377c49","","checkpoint-status","not-started","","","TRUE","TRUE","Site QA","Floor Finishes","WING A","A.60 BED","Carpet / Vinyl","Installer Sign Off: Carpet / Vinyl installed as per manufacturer's instructions"
"3f49b6a7-9eac-52fc-bee7-598320bcfd07","","checkpoint-status","not-started","","","TRUE","TRUE","Site QA","Floor Finishes","WING A","A.60 BED","Carpet / Vinyl","Add-Floors Sign Off"
"6ad0a374-a17e-58ae-b649-5d0957943bc8","","checkpoint-status","not-started","","","TRUE","TRUE","Site QA","Floor Finishes","WING A","A.60 BED","Carpet / Vinyl","Foreman installation sign off"
"5a78d14c-42de-5fc4-b935-4c662bf2c4f4","","checkpoint-group","not-started","","","FALSE","FALSE","Site QA","Floor Finishes","WING A","A.60 BED","Wall Finish"
"4c9d6874-16f5-5d66-955d-b4aacc1ce18f","","checkpoint-status","not-started","","","TRUE","TRUE","Site QA","Floor Finishes","WING A","A.60 BED","Wall Finish","Wall Finish installed as per plan"
"e73a5c25-9917-5d55-900a-c36b19137ff1","","checkpoint-group","not-started","","","FALSE","FALSE","Site QA","Floor Finishes","WING A","A.60 BED","Protection and Handover"
"04e12342-26b7-578d-8197-b70b34cf3bd9","","checkpoint-status","not-started","","","TRUE","TRUE","Site QA","Floor Finishes","WING A","A.60 BED","Protection and Handover","Installation complete, checked and reviewed - as per specification"
"b1f962b7-cbe0-5147-9410-12ec09eaecc5","","checkpoint-status","not-started","","","TRUE","TRUE","Site QA","Floor Finishes","WING A","A.60 BED","Protection and Handover","Floor protected with bubbleweave floor protection or polyweave"
"e4db554b-9b0a-5108-940c-a82f77ca9838","","checkpoint-status","not-started","","","TRUE","TRUE","Site QA","Floor Finishes","WING A","A.60 BED","Protection and Handover","Installer Sign Off: Protection installed as per manufacturer's instructions"
"8a90e3a4-61b9-40ec-8afd-a168902e8136","","checklist-sectioned","not-started","5a8a68d1221a9e608c282940756e19ac2c3c1dd54ffd7888cef6f74664a05c9a","checklist","FALSE","FALSE","Site QA","Floor Finishes","WING A","A.60A ENSUITE"
"c8b257d1-b5cf-5694-a57a-6980b6ccdf65","","checkpoint-group","not-started","","","FALSE","FALSE","Site QA","Floor Finishes","WING A","A.60A ENSUITE","Subfloor, Floor Preparation, Adhesive"
"7b9ce301-4a32-52c7-848c-229e501bafdb","","checkpoint-status","not-started","","","TRUE","TRUE","Site QA","Floor Finishes","WING A","A.60A ENSUITE","Subfloor, Floor Preparation, Adhesive","Confirm area of work is accessible & acceptable to commence (If not comment below)"
"32d14d7c-f9be-5897-9924-2f63bba3047c","","checkpoint-status","not-started","","","TRUE","TRUE","Site QA","Floor Finishes","WING A","A.60A ENSUITE","Subfloor, Floor Preparation, Adhesive","Subfloor mechanically diamond ground"
"b1b2e27d-b38a-4b17-b148-e0fec03c5099","","checkpoint-status","not-started","","","TRUE","TRUE","Site QA","Floor Finishes","WING A","A.60A ENSUITE","Subfloor, Floor Preparation, Adhesive","Floor preparation product installed in accordance with manufacturer's instructions"
"bfebcab6-55ef-5695-ad94-b2aa407454b9","","checkpoint-status","not-started","","","TRUE","TRUE","Site QA","Floor Finishes","WING A","A.60A ENSUITE","Subfloor, Floor Preparation, Adhesive","Floor transitions installed as per instructions from builder"
"fafbd41b-f4e7-43c7-a45b-2afdf4601633","","checkpoint-status","not-started","","","TRUE","TRUE","Site QA","Floor Finishes","WING A","A.60A ENSUITE","Subfloor, Floor Preparation, Adhesive","Waterproof tested for falls, and water test completed by waterproofers"
"88927dcc-15ca-5f30-a574-aaced7a09e19","","checkpoint-status","not-started","","","TRUE","TRUE","Site QA","Floor Finishes","WING A","A.60A ENSUITE","Subfloor, Floor Preparation, Adhesive","Correct adhesive used"
"79f5dc01-8eae-5737-a769-45f87e4c4c2b","","checkpoint-group","not-started","","","FALSE","FALSE","Site QA","Floor Finishes","WING A","A.60A ENSUITE","Carpet / Vinyl"
"a4bb929f-ba66-5584-bace-14d9d4d52f3a","","checkpoint-status","not-started","","","TRUE","TRUE","Site QA","Floor Finishes","WING A","A.60A ENSUITE","Carpet / Vinyl","Confirm area of work is accessible & acceptable to commence (If not comment below)"
"e393ac80-0468-5aa8-8715-c0988bb7a63d","","checkpoint-status","not-started","","","TRUE","TRUE","Site QA","Floor Finishes","WING A","A.60A ENSUITE","Carpet / Vinyl","Vinyl installed as per plan"
"bd0a6f4c-22d1-55eb-8585-c2730720c8a3","","checkpoint-status","not-started","","","TRUE","TRUE","Site QA","Floor Finishes","WING A","A.60A ENSUITE","Carpet / Vinyl","Carpet installed as per plan"
"35876545-a95a-50e8-aae1-308f839cb192","","checkpoint-status","not-started","","","TRUE","TRUE","Site QA","Floor Finishes","WING A","A.60A ENSUITE","Carpet / Vinyl","Joints sealed with heat welded seams and mitres as per AS 1884-2012"
"6a1a8357-7d30-5ff1-a3e4-695dcbe696c1","","checkpoint-status","not-started","","","TRUE","TRUE","Site QA","Floor Finishes","WING A","A.60A ENSUITE","Carpet / Vinyl","Vinyl skirt and coving used as per finishes markup - 150mm height"
"253385f6-212b-5d40-99eb-e4864f983079","","checkpoint-status","not-started","","","TRUE","TRUE","Site QA","Floor Finishes","WING A","A.60A ENSUITE","Carpet / Vinyl","Installer Sign Off: Carpet / Vinyl installed as per manufacturer's instructions"
"921d44e2-03c4-5f98-884f-0939798b2730","","checkpoint-status","not-started","","","TRUE","TRUE","Site QA","Floor Finishes","WING A","A.60A ENSUITE","Carpet / Vinyl","Add-Floors Sign Off"
"d5c21891-5794-52fd-98c3-977ff77fa8ba","","checkpoint-status","not-started","","","TRUE","TRUE","Site QA","Floor Finishes","WING A","A.60A ENSUITE","Carpet / Vinyl","Foreman installation sign off"
"ecb1c848-d157-5bb7-a207-c5da0fc6bd0a","","checkpoint-group","not-started","","","FALSE","FALSE","Site QA","Floor Finishes","WING A","A.60A ENSUITE","Wall Finish"
"e156d391-1bf4-5e1b-ba68-e7896ba03662","","checkpoint-status","not-started","","","TRUE","TRUE","Site QA","Floor Finishes","WING A","A.60A ENSUITE","Wall Finish","Wall Finish installed as per plan"
"de2ad2db-b797-5c83-84f9-6057a6b31388","","checkpoint-group","not-started","","","FALSE","FALSE","Site QA","Floor Finishes","WING A","A.60A ENSUITE","Protection and Handover"
"088bc2a7-61f1-5fc0-ad37-aa4014be614b","","checkpoint-status","not-started","","","TRUE","TRUE","Site QA","Floor Finishes","WING A","A.60A ENSUITE","Protection and Handover","Installation complete, checked and reviewed - as per specification"
"8dd37097-c04a-586b-9a33-c1ca643e5e35","","checkpoint-status","not-started","","","TRUE","TRUE","Site QA","Floor Finishes","WING A","A.60A ENSUITE","Protection and Handover","Floor protected with bubbleweave floor protection or polyweave"
"1aae7cc1-6f2b-5f2f-9577-df1a89bb15a7","","checkpoint-status","not-started","","","TRUE","TRUE","Site QA","Floor Finishes","WING A","A.60A ENSUITE","Protection and Handover","Installer Sign Off: Protection installed as per manufacturer's instructions"
"5c2f7420-4918-46ef-a69f-9aaf53995d5c","","checklist-sectioned","not-started","5a8a68d1221a9e608c282940756e19ac2c3c1dd54ffd7888cef6f74664a05c9a","checklist","FALSE","FALSE","Site QA","Floor Finishes","WING A","A.61 ACCESS BED"
"afe1fc3f-7a49-5181-8b05-0d61d1ad537b","","checkpoint-group","not-started","","","FALSE","FALSE","Site QA","Floor Finishes","WING A","A.61 ACCESS BED","Subfloor, Floor Preparation, Adhesive"
"d4f54276-8a95-511c-b6c4-ffc078dea87b","","checkpoint-status","not-started","","","TRUE","TRUE","Site QA","Floor Finishes","WING A","A.61 ACCESS BED","Subfloor, Floor Preparation, Adhesive","Confirm area of work is accessible & acceptable to commence (If not comment below)"
"fa5f6adb-aecc-57a3-83bb-439401629a64","","checkpoint-status","not-started","","","TRUE","TRUE","Site QA","Floor Finishes","WING A","A.61 ACCESS BED","Subfloor, Floor Preparation, Adhesive","Subfloor mechanically diamond ground"
"ec3b563a-6187-4e4c-aabc-b75b05d4cf25","","checkpoint-status","not-started","","","TRUE","TRUE","Site QA","Floor Finishes","WING A","A.61 ACCESS BED","Subfloor, Floor Preparation, Adhesive","Floor preparation product installed in accordance with manufacturer's instructions"
"d3cc6c38-bd02-5fc4-86dc-8990897a6323","","checkpoint-status","not-started","","","TRUE","TRUE","Site QA","Floor Finishes","WING A","A.61 ACCESS BED","Subfloor, Floor Preparation, Adhesive","Floor transitions installed as per instructions from builder"
"ea1086d9-3cac-4d0b-a8a9-3cc3eaddbc6e","","checkpoint-status","not-started","","","TRUE","TRUE","Site QA","Floor Finishes","WING A","A.61 ACCESS BED","Subfloor, Floor Preparation, Adhesive","Waterproof tested for falls, and water test completed by waterproofers"
"12ea08cf-0d94-54f6-8fc2-7c9555c1dbc9","","checkpoint-status","not-started","","","TRUE","TRUE","Site QA","Floor Finishes","WING A","A.61 ACCESS BED","Subfloor, Floor Preparation, Adhesive","Correct adhesive used"
"60097f53-f74e-5686-8097-5a4cdb11c776","","checkpoint-group","not-started","","","FALSE","FALSE","Site QA","Floor Finishes","WING A","A.61 ACCESS BED","Carpet / Vinyl"
"859951f6-fc96-5dd7-9583-ac6941a65f4b","","checkpoint-status","not-started","","","TRUE","TRUE","Site QA","Floor Finishes","WING A","A.61 ACCESS BED","Carpet / Vinyl","Confirm area of work is accessible & acceptable to commence (If not comment below)"
"dbde259a-8221-5738-8a28-6b9dfa6f6bdf","","checkpoint-status","not-started","","","TRUE","TRUE","Site QA","Floor Finishes","WING A","A.61 ACCESS BED","Carpet / Vinyl","Vinyl installed as per plan"
"a293f777-a9f2-5af9-bd9e-3d41f926aacd","","checkpoint-status","not-started","","","TRUE","TRUE","Site QA","Floor Finishes","WING A","A.61 ACCESS BED","Carpet / Vinyl","Carpet installed as per plan"
"688223b7-3741-5bca-b4b3-a85452fac37d","","checkpoint-status","not-started","","","TRUE","TRUE","Site QA","Floor Finishes","WING A","A.61 ACCESS BED","Carpet / Vinyl","Joints sealed with heat welded seams and mitres as per AS 1884-2012"
"4bea742c-0c4e-5e05-9989-48c6eae1ecc6","","checkpoint-status","not-started","","","TRUE","TRUE","Site QA","Floor Finishes","WING A","A.61 ACCESS BED","Carpet / Vinyl","Vinyl skirt and coving used as per finishes markup - 150mm height"
"2b580d24-e19f-5f26-a0fb-1a2d3031b47a","","checkpoint-status","not-started","","","TRUE","TRUE","Site QA","Floor Finishes","WING A","A.61 ACCESS BED","Carpet / Vinyl","Installer Sign Off: Carpet / Vinyl installed as per manufacturer's instructions"
"80dbdd40-60dc-55d0-82c2-53b12338196d","","checkpoint-status","not-started","","","TRUE","TRUE","Site QA","Floor Finishes","WING A","A.61 ACCESS BED","Carpet / Vinyl","Add-Floors Sign Off"
"2159b1de-7e4e-5e08-a525-674bfcf47683","","checkpoint-status","not-started","","","TRUE","TRUE","Site QA","Floor Finishes","WING A","A.61 ACCESS BED","Carpet / Vinyl","Foreman installation sign off"
"52561d1d-4b7a-5e46-9f89-48e3408afa4d","","checkpoint-group","not-started","","","FALSE","FALSE","Site QA","Floor Finishes","WING A","A.61 ACCESS BED","Wall Finish"
"20473477-0509-5810-a9c8-3b061bfc72b8","","checkpoint-status","not-started","","","TRUE","TRUE","Site QA","Floor Finishes","WING A","A.61 ACCESS BED","Wall Finish","Wall Finish installed as per plan"
"083f1cd9-2065-5459-87f7-222f6f8c4334","","checkpoint-group","not-started","","","FALSE","FALSE","Site QA","Floor Finishes","WING A","A.61 ACCESS BED","Protection and Handover"
"b7eaaa45-437c-5669-9cd0-51def27cfaaf","","checkpoint-status","not-started","","","TRUE","TRUE","Site QA","Floor Finishes","WING A","A.61 ACCESS BED","Protection and Handover","Installation complete, checked and reviewed - as per specification"
"88adc3c5-6e18-5e6e-9b98-aea18da9a1d4","","checkpoint-status","not-started","","","TRUE","TRUE","Site QA","Floor Finishes","WING A","A.61 ACCESS BED","Protection and Handover","Floor protected with bubbleweave floor protection or polyweave"
"150f8a04-b6e2-55af-9cf1-0fbfd1ec9422","","checkpoint-status","not-started","","","TRUE","TRUE","Site QA","Floor Finishes","WING A","A.61 ACCESS BED","Protection and Handover","Installer Sign Off: Protection installed as per manufacturer's instructions"
"bc3e6278-60c6-43f4-8e8f-badda373e437","","checklist-sectioned","not-started","5a8a68d1221a9e608c282940756e19ac2c3c1dd54ffd7888cef6f74664a05c9a","checklist","FALSE","FALSE","Site QA","Floor Finishes","WING A","A.61A ENSUITE"
"e0166b49-999b-52b2-82d6-c017ea2aed4e","","checkpoint-group","not-started","","","FALSE","FALSE","Site QA","Floor Finishes","WING A","A.61A ENSUITE","Subfloor, Floor Preparation, Adhesive"
"8461b73a-8bc5-5c3a-8241-90d07bdad60b","","checkpoint-status","not-started","","","TRUE","TRUE","Site QA","Floor Finishes","WING A","A.61A ENSUITE","Subfloor, Floor Preparation, Adhesive","Confirm area of work is accessible & acceptable to commence (If not comment below)"
"594de038-f2f8-554f-ac03-a0e62152e636","","checkpoint-status","not-started","","","TRUE","TRUE","Site QA","Floor Finishes","WING A","A.61A ENSUITE","Subfloor, Floor Preparation, Adhesive","Subfloor mechanically diamond ground"
"2ba54108-f014-46b4-976d-59ea1f965304","","checkpoint-status","not-started","","","TRUE","TRUE","Site QA","Floor Finishes","WING A","A.61A ENSUITE","Subfloor, Floor Preparation, Adhesive","Floor preparation product installed in accordance with manufacturer's instructions"
"2b75fbbc-bda6-5701-b9ad-69b81a1de00c","","checkpoint-status","not-started","","","TRUE","TRUE","Site QA","Floor Finishes","WING A","A.61A ENSUITE","Subfloor, Floor Preparation, Adhesive","Floor transitions installed as per instructions from builder"
"8432ed07-56c3-4272-a52d-1747a3d6c8d4","","checkpoint-status","not-started","","","TRUE","TRUE","Site QA","Floor Finishes","WING A","A.61A ENSUITE","Subfloor, Floor Preparation, Adhesive","Waterproof tested for falls, and water test completed by waterproofers"
"3abac472-51c2-5328-983c-09eda371bb1b","","checkpoint-status","not-started","","","TRUE","TRUE","Site QA","Floor Finishes","WING A","A.61A ENSUITE","Subfloor, Floor Preparation, Adhesive","Correct adhesive used"
"f1f1c146-c631-58b1-a357-9fb1401a5d30","","checkpoint-group","not-started","","","FALSE","FALSE","Site QA","Floor Finishes","WING A","A.61A ENSUITE","Carpet / Vinyl"
"9f932bc8-1e6e-5ae8-bd4e-6bedd5c5df53","","checkpoint-status","not-started","","","TRUE","TRUE","Site QA","Floor Finishes","WING A","A.61A ENSUITE","Carpet / Vinyl","Confirm area of work is accessible & acceptable to commence (If not comment below)"
"876627bb-de47-5042-a533-93eeb223c141","","checkpoint-status","not-started","","","TRUE","TRUE","Site QA","Floor Finishes","WING A","A.61A ENSUITE","Carpet / Vinyl","Vinyl installed as per plan"
"8615c56a-c229-5a10-9a2e-528f29535afa","","checkpoint-status","not-started","","","TRUE","TRUE","Site QA","Floor Finishes","WING A","A.61A ENSUITE","Carpet / Vinyl","Carpet installed as per plan"
"a9ad904f-7f1e-5e54-96d3-bea5c2a5a4d1","","checkpoint-status","not-started","","","TRUE","TRUE","Site QA","Floor Finishes","WING A","A.61A ENSUITE","Carpet / Vinyl","Joints sealed with heat welded seams and mitres as per AS 1884-2012"
"0d6c80d2-0160-5173-864a-b4c6c5c243f8","","checkpoint-status","not-started","","","TRUE","TRUE","Site QA","Floor Finishes","WING A","A.61A ENSUITE","Carpet / Vinyl","Vinyl skirt and coving used as per finishes markup - 150mm height"
"19878c09-9fd7-5f17-9f21-daa7923bc748","","checkpoint-status","not-started","","","TRUE","TRUE","Site QA","Floor Finishes","WING A","A.61A ENSUITE","Carpet / Vinyl","Installer Sign Off: Carpet / Vinyl installed as per manufacturer's instructions"
"f73aa0d5-3961-564b-bb83-11fbba1fbb7a","","checkpoint-status","not-started","","","TRUE","TRUE","Site QA","Floor Finishes","WING A","A.61A ENSUITE","Carpet / Vinyl","Add-Floors Sign Off"
"b2604c34-f9f1-5d6b-ab23-ffec36142661","","checkpoint-status","not-started","","","TRUE","TRUE","Site QA","Floor Finishes","WING A","A.61A ENSUITE","Carpet / Vinyl","Foreman installation sign off"
"3179ea9a-de5d-5bac-8b82-a7da7c6320e1","","checkpoint-group","not-started","","","FALSE","FALSE","Site QA","Floor Finishes","WING A","A.61A ENSUITE","Wall Finish"
"4355efb8-ae93-527f-9965-6e9edaaae093","","checkpoint-status","not-started","","","TRUE","TRUE","Site QA","Floor Finishes","WING A","A.61A ENSUITE","Wall Finish","Wall Finish installed as per plan"
"3561c41b-fa7c-5189-8d5f-65db51ed7f5f","","checkpoint-group","not-started","","","FALSE","FALSE","Site QA","Floor Finishes","WING A","A.61A ENSUITE","Protection and Handover"
"c94d5c57-d98d-5f67-9201-d57c5da6aaa9","","checkpoint-status","not-started","","","TRUE","TRUE","Site QA","Floor Finishes","WING A","A.61A ENSUITE","Protection and Handover","Installation complete, checked and reviewed - as per specification"
"5d27c6c9-62f0-5c36-b1c0-2a034cceb4c0","","checkpoint-status","not-started","","","TRUE","TRUE","Site QA","Floor Finishes","WING A","A.61A ENSUITE","Protection and Handover","Floor protected with bubbleweave floor protection or polyweave"
"421e1a6e-dd56-50dc-8ac0-ca2164a039d9","","checkpoint-status","not-started","","","TRUE","TRUE","Site QA","Floor Finishes","WING A","A.61A ENSUITE","Protection and Handover","Installer Sign Off: Protection installed as per manufacturer's instructions"
"6bbe5633-1da0-4c58-8fa6-99dcce6e7f63","","checklist-sectioned","not-started","5a8a68d1221a9e608c282940756e19ac2c3c1dd54ffd7888cef6f74664a05c9a","checklist","FALSE","FALSE","Site QA","Floor Finishes","WING A","A.62 STORE"
"9efa6efe-3c9f-5a17-bcb5-69c5f243ee92","","checkpoint-group","not-started","","","FALSE","FALSE","Site QA","Floor Finishes","WING A","A.62 STORE","Subfloor, Floor Preparation, Adhesive"
"69484b6a-f712-54d2-8a82-ef1a9cffe22c","","checkpoint-status","not-started","","","TRUE","TRUE","Site QA","Floor Finishes","WING A","A.62 STORE","Subfloor, Floor Preparation, Adhesive","Confirm area of work is accessible & acceptable to commence (If not comment below)"
"da519858-1680-5fdd-b410-827956dd8718","","checkpoint-status","not-started","","","TRUE","TRUE","Site QA","Floor Finishes","WING A","A.62 STORE","Subfloor, Floor Preparation, Adhesive","Subfloor mechanically diamond ground"
"903653d1-9d6d-4a59-8e41-1f4ca8643394","","checkpoint-status","not-started","","","TRUE","TRUE","Site QA","Floor Finishes","WING A","A.62 STORE","Subfloor, Floor Preparation, Adhesive","Floor preparation product installed in accordance with manufacturer's instructions"
"a0a503f0-5f95-5b2b-b34a-1192aee09f93","","checkpoint-status","not-started","","","TRUE","TRUE","Site QA","Floor Finishes","WING A","A.62 STORE","Subfloor, Floor Preparation, Adhesive","Floor transitions installed as per instructions from builder"
"77a8c459-1907-4294-84f5-38d2be4caaa4","","checkpoint-status","not-started","","","TRUE","TRUE","Site QA","Floor Finishes","WING A","A.62 STORE","Subfloor, Floor Preparation, Adhesive","Waterproof tested for falls, and water test completed by waterproofers"
"1e577823-3c69-5d81-954b-7a629e795953","","checkpoint-status","not-started","","","TRUE","TRUE","Site QA","Floor Finishes","WING A","A.62 STORE","Subfloor, Floor Preparation, Adhesive","Correct adhesive used"
"ab19b626-cfc5-5159-b62b-d6cd7d784440","","checkpoint-group","not-started","","","FALSE","FALSE","Site QA","Floor Finishes","WING A","A.62 STORE","Carpet / Vinyl"
"823bffeb-9c07-5ebb-85e6-e84a4d112a19","","checkpoint-status","not-started","","","TRUE","TRUE","Site QA","Floor Finishes","WING A","A.62 STORE","Carpet / Vinyl","Confirm area of work is accessible & acceptable to commence (If not comment below)"
"b68f177c-7fd8-5407-a73d-0b5cc4888cee","","checkpoint-status","not-started","","","TRUE","TRUE","Site QA","Floor Finishes","WING A","A.62 STORE","Carpet / Vinyl","Vinyl installed as per plan"
"3d8a1f1c-363a-5b9d-abd0-6b82a1394cda","","checkpoint-status","not-started","","","TRUE","TRUE","Site QA","Floor Finishes","WING A","A.62 STORE","Carpet / Vinyl","Carpet installed as per plan"
"70cc5db8-1b56-573f-ad56-661d85214323","","checkpoint-status","not-started","","","TRUE","TRUE","Site QA","Floor Finishes","WING A","A.62 STORE","Carpet / Vinyl","Joints sealed with heat welded seams and mitres as per AS 1884-2012"
"8deee74a-6a04-5e72-b03f-4b91fe3a02c5","","checkpoint-status","not-started","","","TRUE","TRUE","Site QA","Floor Finishes","WING A","A.62 STORE","Carpet / Vinyl","Vinyl skirt and coving used as per finishes markup - 150mm height"
"177153c1-16af-543b-8220-3c7ec60b10d7","","checkpoint-status","not-started","","","TRUE","TRUE","Site QA","Floor Finishes","WING A","A.62 STORE","Carpet / Vinyl","Installer Sign Off: Carpet / Vinyl installed as per manufacturer's instructions"
"77742aca-694c-59d2-8179-7e76e62348ce","","checkpoint-status","not-started","","","TRUE","TRUE","Site QA","Floor Finishes","WING A","A.62 STORE","Carpet / Vinyl","Add-Floors Sign Off"
"1d8d1aeb-59ad-5aaf-9b36-96935f502b9e","","checkpoint-status","not-started","","","TRUE","TRUE","Site QA","Floor Finishes","WING A","A.62 STORE","Carpet / Vinyl","Foreman installation sign off"
"29c634a8-10fa-5b62-a629-22569b629692","","checkpoint-group","not-started","","","FALSE","FALSE","Site QA","Floor Finishes","WING A","A.62 STORE","Wall Finish"
"d490961f-dbdd-567a-977e-820d4495acef","","checkpoint-status","not-started","","","TRUE","TRUE","Site QA","Floor Finishes","WING A","A.62 STORE","Wall Finish","Wall Finish installed as per plan"
"f72db85e-9281-52b6-9415-a8b3910a8c03","","checkpoint-group","not-started","","","FALSE","FALSE","Site QA","Floor Finishes","WING A","A.62 STORE","Protection and Handover"
"9a38a34c-7e60-5626-8157-64d1da080363","","checkpoint-status","not-started","","","TRUE","TRUE","Site QA","Floor Finishes","WING A","A.62 STORE","Protection and Handover","Installation complete, checked and reviewed - as per specification"
"bc058e24-2246-55df-940d-f20916f0d9b0","","checkpoint-status","not-started","","","TRUE","TRUE","Site QA","Floor Finishes","WING A","A.62 STORE","Protection and Handover","Floor protected with bubbleweave floor protection or polyweave"
"4bc4bf3f-aeaa-5bc7-ab5c-81e2ee6c9158","","checkpoint-status","not-started","","","TRUE","TRUE","Site QA","Floor Finishes","WING A","A.62 STORE","Protection and Handover","Installer Sign Off: Protection installed as per manufacturer's instructions"
"9c5e3a05-6426-4861-9a27-762ec1162016","","checklist-sectioned","not-started","5a8a68d1221a9e608c282940756e19ac2c3c1dd54ffd7888cef6f74664a05c9a","checklist","FALSE","FALSE","Site QA","Floor Finishes","WING A","A.62A STORE CUPBOARD"
"b4224352-9bcb-53ee-b85e-181fe8c80efa","","checkpoint-group","not-started","","","FALSE","FALSE","Site QA","Floor Finishes","WING A","A.62A STORE CUPBOARD","Subfloor, Floor Preparation, Adhesive"
"d9158409-93bc-5423-b57b-d025a7d404bd","","checkpoint-status","not-started","","","TRUE","TRUE","Site QA","Floor Finishes","WING A","A.62A STORE CUPBOARD","Subfloor, Floor Preparation, Adhesive","Confirm area of work is accessible & acceptable to commence (If not comment below)"
"d9b49aa8-357a-59b2-9900-338de59ead81","","checkpoint-status","not-started","","","TRUE","TRUE","Site QA","Floor Finishes","WING A","A.62A STORE CUPBOARD","Subfloor, Floor Preparation, Adhesive","Subfloor mechanically diamond ground"
"4cb927c2-b240-465e-a734-9a7d518bfd9f","","checkpoint-status","not-started","","","TRUE","TRUE","Site QA","Floor Finishes","WING A","A.62A STORE CUPBOARD","Subfloor, Floor Preparation, Adhesive","Floor preparation product installed in accordance with manufacturer's instructions"
"fcce4823-c439-512c-8fef-159a77cc6806","","checkpoint-status","not-started","","","TRUE","TRUE","Site QA","Floor Finishes","WING A","A.62A STORE CUPBOARD","Subfloor, Floor Preparation, Adhesive","Floor transitions installed as per instructions from builder"
"a704413d-2d55-4567-9a99-9d294e08cd7a","","checkpoint-status","not-started","","","TRUE","TRUE","Site QA","Floor Finishes","WING A","A.62A STORE CUPBOARD","Subfloor, Floor Preparation, Adhesive","Waterproof tested for falls, and water test completed by waterproofers"
"d4fcf61e-d082-5ab2-8022-7714d72c506b","","checkpoint-status","not-started","","","TRUE","TRUE","Site QA","Floor Finishes","WING A","A.62A STORE CUPBOARD","Subfloor, Floor Preparation, Adhesive","Correct adhesive used"
"12f71f3a-ca49-5231-8c8f-abebbbd4c4a2","","checkpoint-group","not-started","","","FALSE","FALSE","Site QA","Floor Finishes","WING A","A.62A STORE CUPBOARD","Carpet / Vinyl"
"bc5b29bb-2734-5f86-a4e4-44fad84d0dc1","","checkpoint-status","not-started","","","TRUE","TRUE","Site QA","Floor Finishes","WING A","A.62A STORE CUPBOARD","Carpet / Vinyl","Confirm area of work is accessible & acceptable to commence (If not comment below)"
"a7912064-89e2-546e-b675-e02e9414e359","","checkpoint-status","not-started","","","TRUE","TRUE","Site QA","Floor Finishes","WING A","A.62A STORE CUPBOARD","Carpet / Vinyl","Vinyl installed as per plan"
"c2a5731d-6ee7-5212-81b7-5472be8338b2","","checkpoint-status","not-started","","","TRUE","TRUE","Site QA","Floor Finishes","WING A","A.62A STORE CUPBOARD","Carpet / Vinyl","Carpet installed as per plan"
"a773397d-7310-5db9-b990-4c312c7c323d","","checkpoint-status","not-started","","","TRUE","TRUE","Site QA","Floor Finishes","WING A","A.62A STORE CUPBOARD","Carpet / Vinyl","Joints sealed with heat welded seams and mitres as per AS 1884-2012"
"0789b45c-4a93-5b68-a892-575bdb33ad32","","checkpoint-status","not-started","","","TRUE","TRUE","Site QA","Floor Finishes","WING A","A.62A STORE CUPBOARD","Carpet / Vinyl","Vinyl skirt and coving used as per finishes markup - 150mm height"
"a3c82d64-334c-5742-ad41-91e83dd5199e","","checkpoint-status","not-started","","","TRUE","TRUE","Site QA","Floor Finishes","WING A","A.62A STORE CUPBOARD","Carpet / Vinyl","Installer Sign Off: Carpet / Vinyl installed as per manufacturer's instructions"
"2931d3ab-ed1e-5fec-a02e-20de2778737d","","checkpoint-status","not-started","","","TRUE","TRUE","Site QA","Floor Finishes","WING A","A.62A STORE CUPBOARD","Carpet / Vinyl","Add-Floors Sign Off"
"a29263e6-a8fd-524a-9585-7ce46fe881cf","","checkpoint-status","not-started","","","TRUE","TRUE","Site QA","Floor Finishes","WING A","A.62A STORE CUPBOARD","Carpet / Vinyl","Foreman installation sign off"
"f94ff1bd-0dc8-5861-863f-098bea5be77e","","checkpoint-group","not-started","","","FALSE","FALSE","Site QA","Floor Finishes","WING A","A.62A STORE CUPBOARD","Wall Finish"
"b979afe3-a487-5b72-a307-3842f717d001","","checkpoint-status","not-started","","","TRUE","TRUE","Site QA","Floor Finishes","WING A","A.62A STORE CUPBOARD","Wall Finish","Wall Finish installed as per plan"
"ebeadd2d-04d0-5e9b-88fd-9fc9a793479c","","checkpoint-group","not-started","","","FALSE","FALSE","Site QA","Floor Finishes","WING A","A.62A STORE CUPBOARD","Protection and Handover"
"dceda5d8-ee26-5a36-a386-9b98ea9024e1","","checkpoint-status","not-started","","","TRUE","TRUE","Site QA","Floor Finishes","WING A","A.62A STORE CUPBOARD","Protection and Handover","Installation complete, checked and reviewed - as per specification"
"e4cf2700-8d6b-50d0-adb4-f7801e31f3ef","","checkpoint-status","not-started","","","TRUE","TRUE","Site QA","Floor Finishes","WING A","A.62A STORE CUPBOARD","Protection and Handover","Floor protected with bubbleweave floor protection or polyweave"
"5332e62b-9efe-569b-8c41-c6ef1b5a0e02","","checkpoint-status","not-started","","","TRUE","TRUE","Site QA","Floor Finishes","WING A","A.62A STORE CUPBOARD","Protection and Handover","Installer Sign Off: Protection installed as per manufacturer's instructions"
"86c0b4f1-b1a1-4ccb-b0fa-e9540d814dc2","","checklist-sectioned","not-started","5a8a68d1221a9e608c282940756e19ac2c3c1dd54ffd7888cef6f74664a05c9a","checklist","FALSE","FALSE","Site QA","Floor Finishes","WING A","CORRIDOR AND LINEN"
"9a07609e-b7f3-569d-b829-4893008224f2","","checkpoint-group","not-started","","","FALSE","FALSE","Site QA","Floor Finishes","WING A","CORRIDOR AND LINEN","Subfloor, Floor Preparation, Adhesive"
"8b2e8fcf-2ee4-5b0e-824c-79625659b3cf","","checkpoint-status","not-started","","","TRUE","TRUE","Site QA","Floor Finishes","WING A","CORRIDOR AND LINEN","Subfloor, Floor Preparation, Adhesive","Confirm area of work is accessible & acceptable to commence (If not comment below)"
"9e375a26-7ade-52d6-b3b2-17e6cc8d82b8","","checkpoint-status","not-started","","","TRUE","TRUE","Site QA","Floor Finishes","WING A","CORRIDOR AND LINEN","Subfloor, Floor Preparation, Adhesive","Subfloor mechanically diamond ground"
"8bde83da-0098-4995-b11e-b1f6de27596b","","checkpoint-status","not-started","","","TRUE","TRUE","Site QA","Floor Finishes","WING A","CORRIDOR AND LINEN","Subfloor, Floor Preparation, Adhesive","Floor preparation product installed in accordance with manufacturer's instructions"
"3a1e5072-290f-5ee9-9d26-da170f412742","","checkpoint-status","not-started","","","TRUE","TRUE","Site QA","Floor Finishes","WING A","CORRIDOR AND LINEN","Subfloor, Floor Preparation, Adhesive","Floor transitions installed as per instructions from builder"
"e0b06a27-949b-4932-aa50-80c4ca3c26b2","","checkpoint-status","not-started","","","TRUE","TRUE","Site QA","Floor Finishes","WING A","CORRIDOR AND LINEN","Subfloor, Floor Preparation, Adhesive","Waterproof tested for falls, and water test completed by waterproofers"
"df84dd18-c622-5039-91c5-9bd89d8099e0","","checkpoint-status","not-started","","","TRUE","TRUE","Site QA","Floor Finishes","WING A","CORRIDOR AND LINEN","Subfloor, Floor Preparation, Adhesive","Correct adhesive used"
"19a35ba7-1427-5cd0-96bd-dc1608f9a411","","checkpoint-group","not-started","","","FALSE","FALSE","Site QA","Floor Finishes","WING A","CORRIDOR AND LINEN","Carpet / Vinyl"
"b24c3f1c-05d4-5ce7-bec1-e8416d4adede","","checkpoint-status","not-started","","","TRUE","TRUE","Site QA","Floor Finishes","WING A","CORRIDOR AND LINEN","Carpet / Vinyl","Confirm area of work is accessible & acceptable to commence (If not comment below)"
"c6b61396-2c6a-58c8-89a7-cd0540291c3a","","checkpoint-status","not-started","","","TRUE","TRUE","Site QA","Floor Finishes","WING A","CORRIDOR AND LINEN","Carpet / Vinyl","Vinyl installed as per plan"
"7a4e1808-bba0-5651-ae5f-672dff8ed725","","checkpoint-status","not-started","","","TRUE","TRUE","Site QA","Floor Finishes","WING A","CORRIDOR AND LINEN","Carpet / Vinyl","Carpet installed as per plan"
"7708cb4e-5b74-540e-997a-6d828c299840","","checkpoint-status","not-started","","","TRUE","TRUE","Site QA","Floor Finishes","WING A","CORRIDOR AND LINEN","Carpet / Vinyl","Joints sealed with heat welded seams and mitres as per AS 1884-2012"
"acfdce23-9cb0-5060-aba8-8139d9cfe8f4","","checkpoint-status","not-started","","","TRUE","TRUE","Site QA","Floor Finishes","WING A","CORRIDOR AND LINEN","Carpet / Vinyl","Vinyl skirt and coving used as per finishes markup - 150mm height"
"196ed75a-e274-5379-8058-2fae26181130","","checkpoint-status","not-started","","","TRUE","TRUE","Site QA","Floor Finishes","WING A","CORRIDOR AND LINEN","Carpet / Vinyl","Installer Sign Off: Carpet / Vinyl installed as per manufacturer's instructions"
"ecec7425-a834-5171-a74d-60d9079311c7","","checkpoint-status","not-started","","","TRUE","TRUE","Site QA","Floor Finishes","WING A","CORRIDOR AND LINEN","Carpet / Vinyl","Add-Floors Sign Off"
"b2416416-d92d-53e5-b993-ff8e9677d15a","","checkpoint-status","not-started","","","TRUE","TRUE","Site QA","Floor Finishes","WING A","CORRIDOR AND LINEN","Carpet / Vinyl","Foreman installation sign off"
"e658593e-eb08-5e29-b287-f2bdbc9d6f05","","checkpoint-group","not-started","","","FALSE","FALSE","Site QA","Floor Finishes","WING A","CORRIDOR AND LINEN","Wall Finish"
"af852082-dd0a-5603-9be7-7a9494d419ef","","checkpoint-status","not-started","","","TRUE","TRUE","Site QA","Floor Finishes","WING A","CORRIDOR AND LINEN","Wall Finish","Wall Finish installed as per plan"
"e18133f0-4f90-5448-8de3-3150e16ee0e7","","checkpoint-group","not-started","","","FALSE","FALSE","Site QA","Floor Finishes","WING A","CORRIDOR AND LINEN","Protection and Handover"
"7c48e911-e053-57cb-9fdf-4b1f6fd099d6","","checkpoint-status","not-started","","","TRUE","TRUE","Site QA","Floor Finishes","WING A","CORRIDOR AND LINEN","Protection and Handover","Installation complete, checked and reviewed - as per specification"
"9dbfb0a5-b57f-5ab5-9b25-087227e9b07f","","checkpoint-status","not-started","","","TRUE","TRUE","Site QA","Floor Finishes","WING A","CORRIDOR AND LINEN","Protection and Handover","Floor protected with bubbleweave floor protection or polyweave"
"30a9c81c-5fec-5f37-8cb1-0da0c3dc7ae7","","checkpoint-status","not-started","","","TRUE","TRUE","Site QA","Floor Finishes","WING A","CORRIDOR AND LINEN","Protection and Handover","Installer Sign Off: Protection installed as per manufacturer's instructions"
"d7fc2831-5879-4b9b-99c1-eb1b09e354d2","","checklist-sectioned","not-started","5a8a68d1221a9e608c282940756e19ac2c3c1dd54ffd7888cef6f74664a05c9a","checklist","FALSE","FALSE","Site QA","Floor Finishes","WING A","CORRIDOR AND LOUNGE"
"9ab5dab8-a382-5835-8455-d00133bd2cf5","","checkpoint-group","not-started","","","FALSE","FALSE","Site QA","Floor Finishes","WING A","CORRIDOR AND LOUNGE","Subfloor, Floor Preparation, Adhesive"
"8c179936-f48f-5a87-8975-668afe4d1794","","checkpoint-status","not-started","","","TRUE","TRUE","Site QA","Floor Finishes","WING A","CORRIDOR AND LOUNGE","Subfloor, Floor Preparation, Adhesive","Confirm area of work is accessible & acceptable to commence (If not comment below)"
"d7f7f95b-7624-5291-a636-dba977129c12","","checkpoint-status","not-started","","","TRUE","TRUE","Site QA","Floor Finishes","WING A","CORRIDOR AND LOUNGE","Subfloor, Floor Preparation, Adhesive","Subfloor mechanically diamond ground"
"4aca91c6-b7ed-43e5-a55b-c67c6ac75188","","checkpoint-status","not-started","","","TRUE","TRUE","Site QA","Floor Finishes","WING A","CORRIDOR AND LOUNGE","Subfloor, Floor Preparation, Adhesive","Floor preparation product installed in accordance with manufacturer's instructions"
"3cd2ea91-d38d-541c-94ec-93b82b18be64","","checkpoint-status","not-started","","","TRUE","TRUE","Site QA","Floor Finishes","WING A","CORRIDOR AND LOUNGE","Subfloor, Floor Preparation, Adhesive","Floor transitions installed as per instructions from builder"
"47354a58-3fa4-48df-a04f-259dcfa6cdca","","checkpoint-status","not-started","","","TRUE","TRUE","Site QA","Floor Finishes","WING A","CORRIDOR AND LOUNGE","Subfloor, Floor Preparation, Adhesive","Waterproof tested for falls, and water test completed by waterproofers"
"63bbfd62-ab64-544d-86cd-06a4ba34509b","","checkpoint-status","not-started","","","TRUE","TRUE","Site QA","Floor Finishes","WING A","CORRIDOR AND LOUNGE","Subfloor, Floor Preparation, Adhesive","Correct adhesive used"
"6a181cb9-df8b-5265-b76c-ce1f6d63c1bb","","checkpoint-group","not-started","","","FALSE","FALSE","Site QA","Floor Finishes","WING A","CORRIDOR AND LOUNGE","Carpet / Vinyl"
"c2c3d397-6875-5d41-8985-5b6677803d9d","","checkpoint-status","not-started","","","TRUE","TRUE","Site QA","Floor Finishes","WING A","CORRIDOR AND LOUNGE","Carpet / Vinyl","Confirm area of work is accessible & acceptable to commence (If not comment below)"
"df9c7b1b-bd84-5d5b-9841-202736e11273","","checkpoint-status","not-started","","","TRUE","TRUE","Site QA","Floor Finishes","WING A","CORRIDOR AND LOUNGE","Carpet / Vinyl","Vinyl installed as per plan"
"1dc79a72-55da-56f0-8c41-8b1dae0678ef","","checkpoint-status","not-started","","","TRUE","TRUE","Site QA","Floor Finishes","WING A","CORRIDOR AND LOUNGE","Carpet / Vinyl","Carpet installed as per plan"
"18bd8a42-9afe-5593-93c9-013c844baf7b","","checkpoint-status","not-started","","","TRUE","TRUE","Site QA","Floor Finishes","WING A","CORRIDOR AND LOUNGE","Carpet / Vinyl","Joints sealed with heat welded seams and mitres as per AS 1884-2012"
"fdddf6ce-968d-5ca6-8b63-2373a802c4b1","","checkpoint-status","not-started","","","TRUE","TRUE","Site QA","Floor Finishes","WING A","CORRIDOR AND LOUNGE","Carpet / Vinyl","Vinyl skirt and coving used as per finishes markup - 150mm height"
"32c3abdc-b8f8-50b0-a247-dd52c68d88e5","","checkpoint-status","not-started","","","TRUE","TRUE","Site QA","Floor Finishes","WING A","CORRIDOR AND LOUNGE","Carpet / Vinyl","Installer Sign Off: Carpet / Vinyl installed as per manufacturer's instructions"
"83231483-396e-5b4b-a421-d303e20d8d65","","checkpoint-status","not-started","","","TRUE","TRUE","Site QA","Floor Finishes","WING A","CORRIDOR AND LOUNGE","Carpet / Vinyl","Add-Floors Sign Off"
"a188d382-dcb8-59dc-b4f7-7183ba10270c","","checkpoint-status","not-started","","","TRUE","TRUE","Site QA","Floor Finishes","WING A","CORRIDOR AND LOUNGE","Carpet / Vinyl","Foreman installation sign off"
"4862bdff-0afa-5933-9439-13c637edc4cf","","checkpoint-group","not-started","","","FALSE","FALSE","Site QA","Floor Finishes","WING A","CORRIDOR AND LOUNGE","Wall Finish"
"6763eee7-b2c7-5997-93e6-6f3667885cb4","","checkpoint-status","not-started","","","TRUE","TRUE","Site QA","Floor Finishes","WING A","CORRIDOR AND LOUNGE","Wall Finish","Wall Finish installed as per plan"
"c07319b4-8c06-5021-b883-bfbce9aeec64","","checkpoint-group","not-started","","","FALSE","FALSE","Site QA","Floor Finishes","WING A","CORRIDOR AND LOUNGE","Protection and Handover"
"85f31f0e-b6b7-5c5e-bc44-390520d397ff","","checkpoint-status","not-started","","","TRUE","TRUE","Site QA","Floor Finishes","WING A","CORRIDOR AND LOUNGE","Protection and Handover","Installation complete, checked and reviewed - as per specification"
"56651ead-f6f4-5786-b1a1-14cb89634095","","checkpoint-status","not-started","","","TRUE","TRUE","Site QA","Floor Finishes","WING A","CORRIDOR AND LOUNGE","Protection and Handover","Floor protected with bubbleweave floor protection or polyweave"
"34b2bed6-4ace-5f9d-b95c-b77b3216f81d","","checkpoint-status","not-started","","","TRUE","TRUE","Site QA","Floor Finishes","WING A","CORRIDOR AND LOUNGE","Protection and Handover","Installer Sign Off: Protection installed as per manufacturer's instructions"
"941d4b3f-cb52-40bc-b67b-90952d30eaa7","","checklist-sectioned","not-started","5a8a68d1221a9e608c282940756e19ac2c3c1dd54ffd7888cef6f74664a05c9a","checklist","FALSE","FALSE","Site QA","Floor Finishes","WING A","CORRIDOR AND SITTING"
"33bd4235-f947-50a7-8d08-bee1f8057e97","","checkpoint-group","not-started","","","FALSE","FALSE","Site QA","Floor Finishes","WING A","CORRIDOR AND SITTING","Subfloor, Floor Preparation, Adhesive"
"0850183b-1e9a-5a49-951a-afd02c8184fb","","checkpoint-status","not-started","","","TRUE","TRUE","Site QA","Floor Finishes","WING A","CORRIDOR AND SITTING","Subfloor, Floor Preparation, Adhesive","Confirm area of work is accessible & acceptable to commence (If not comment below)"
"ad35d7ba-789a-5aee-ac86-a0ee5e45b93c","","checkpoint-status","not-started","","","TRUE","TRUE","Site QA","Floor Finishes","WING A","CORRIDOR AND SITTING","Subfloor, Floor Preparation, Adhesive","Subfloor mechanically diamond ground"
"12a7e250-fbe4-49f5-9b88-25c4d1ac828a","","checkpoint-status","not-started","","","TRUE","TRUE","Site QA","Floor Finishes","WING A","CORRIDOR AND SITTING","Subfloor, Floor Preparation, Adhesive","Floor preparation product installed in accordance with manufacturer's instructions"
"e0295746-1009-5277-8af9-0d7a5b8bc294","","checkpoint-status","not-started","","","TRUE","TRUE","Site QA","Floor Finishes","WING A","CORRIDOR AND SITTING","Subfloor, Floor Preparation, Adhesive","Floor transitions installed as per instructions from builder"
"24b63e6f-6f01-47dd-9ee6-de2db5e9200e","","checkpoint-status","not-started","","","TRUE","TRUE","Site QA","Floor Finishes","WING A","CORRIDOR AND SITTING","Subfloor, Floor Preparation, Adhesive","Waterproof tested for falls, and water test completed by waterproofers"
"8fa6e782-6e46-530c-bf92-b39392e755c4","","checkpoint-status","not-started","","","TRUE","TRUE","Site QA","Floor Finishes","WING A","CORRIDOR AND SITTING","Subfloor, Floor Preparation, Adhesive","Correct adhesive used"
"0d5c8d95-c1c0-50e3-b1d8-76031f9b6b36","","checkpoint-group","not-started","","","FALSE","FALSE","Site QA","Floor Finishes","WING A","CORRIDOR AND SITTING","Carpet / Vinyl"
"f0f825f6-e9ff-505f-9407-f3a25c3b2447","","checkpoint-status","not-started","","","TRUE","TRUE","Site QA","Floor Finishes","WING A","CORRIDOR AND SITTING","Carpet / Vinyl","Confirm area of work is accessible & acceptable to commence (If not comment below)"
"062bdae0-f458-5f6b-a1d4-96ffdb165aad","","checkpoint-status","not-started","","","TRUE","TRUE","Site QA","Floor Finishes","WING A","CORRIDOR AND SITTING","Carpet / Vinyl","Vinyl installed as per plan"
"5e9c560a-9110-5a6e-92ed-735c93a0d716","","checkpoint-status","not-started","","","TRUE","TRUE","Site QA","Floor Finishes","WING A","CORRIDOR AND SITTING","Carpet / Vinyl","Carpet installed as per plan"
"0462f238-8645-5d08-90d7-f6c8cc1bef05","","checkpoint-status","not-started","","","TRUE","TRUE","Site QA","Floor Finishes","WING A","CORRIDOR AND SITTING","Carpet / Vinyl","Joints sealed with heat welded seams and mitres as per AS 1884-2012"
"7a59eddb-57da-50cd-a435-0806b75a41b4","","checkpoint-status","not-started","","","TRUE","TRUE","Site QA","Floor Finishes","WING A","CORRIDOR AND SITTING","Carpet / Vinyl","Vinyl skirt and coving used as per finishes markup - 150mm height"
"be9514b4-f9b5-53b7-9f4f-65ad95945cb8","","checkpoint-status","not-started","","","TRUE","TRUE","Site QA","Floor Finishes","WING A","CORRIDOR AND SITTING","Carpet / Vinyl","Installer Sign Off: Carpet / Vinyl installed as per manufacturer's instructions"
"a5309108-0c2a-58d6-90e8-0e0dd2d744e0","","checkpoint-status","not-started","","","TRUE","TRUE","Site QA","Floor Finishes","WING A","CORRIDOR AND SITTING","Carpet / Vinyl","Add-Floors Sign Off"
"f59d259b-adfc-5138-bd30-6faf08f3ccae","","checkpoint-status","not-started","","","TRUE","TRUE","Site QA","Floor Finishes","WING A","CORRIDOR AND SITTING","Carpet / Vinyl","Foreman installation sign off"
"d1a0351b-3dc2-5eac-be1c-11cc3db76b2c","","checkpoint-group","not-started","","","FALSE","FALSE","Site QA","Floor Finishes","WING A","CORRIDOR AND SITTING","Wall Finish"
"10f9d10e-f8d7-5e07-8a58-992c564307d1","","checkpoint-status","not-started","","","TRUE","TRUE","Site QA","Floor Finishes","WING A","CORRIDOR AND SITTING","Wall Finish","Wall Finish installed as per plan"
"aeb0d872-8a48-5a50-9666-e91a5dd0d24f","","checkpoint-group","not-started","","","FALSE","FALSE","Site QA","Floor Finishes","WING A","CORRIDOR AND SITTING","Protection and Handover"
"c35b0b64-32da-5381-8775-7d15a9829b50","","checkpoint-status","not-started","","","TRUE","TRUE","Site QA","Floor Finishes","WING A","CORRIDOR AND SITTING","Protection and Handover","Installation complete, checked and reviewed - as per specification"
"d23dd940-6663-5470-a1f3-cfe7da5a2e0c","","checkpoint-status","not-started","","","TRUE","TRUE","Site QA","Floor Finishes","WING A","CORRIDOR AND SITTING","Protection and Handover","Floor protected with bubbleweave floor protection or polyweave"
"aad0c6cf-ef3b-5352-9eea-680687c41bb2","","checkpoint-status","not-started","","","TRUE","TRUE","Site QA","Floor Finishes","WING A","CORRIDOR AND SITTING","Protection and Handover","Installer Sign Off: Protection installed as per manufacturer's instructions"
"a13a90f3-59a6-4c69-aefd-057398f1589a","","checklist-sectioned","not-started","5a8a68d1221a9e608c282940756e19ac2c3c1dd54ffd7888cef6f74664a05c9a","checklist","FALSE","FALSE","Site QA","Floor Finishes","WING A","D.47 SERVERY"
"d42bfc59-06e3-5dda-b8f6-e5893de7031e","","checkpoint-group","not-started","","","FALSE","FALSE","Site QA","Floor Finishes","WING A","D.47 SERVERY","Subfloor, Floor Preparation, Adhesive"
"74bb557c-3115-5520-ae3e-b8417b23e171","","checkpoint-status","not-started","","","TRUE","TRUE","Site QA","Floor Finishes","WING A","D.47 SERVERY","Subfloor, Floor Preparation, Adhesive","Confirm area of work is accessible & acceptable to commence (If not comment below)"
"bcd4997a-c038-5a26-8209-3a7fa664a6d8","","checkpoint-status","not-started","","","TRUE","TRUE","Site QA","Floor Finishes","WING A","D.47 SERVERY","Subfloor, Floor Preparation, Adhesive","Subfloor mechanically diamond ground"
"23f898e1-6cc6-4ed2-a91a-ae1cfc042b44","","checkpoint-status","not-started","","","TRUE","TRUE","Site QA","Floor Finishes","WING A","D.47 SERVERY","Subfloor, Floor Preparation, Adhesive","Floor preparation product installed in accordance with manufacturer's instructions"
"7ad5cff8-a18f-5aab-8718-fd72c86b7982","","checkpoint-status","not-started","","","TRUE","TRUE","Site QA","Floor Finishes","WING A","D.47 SERVERY","Subfloor, Floor Preparation, Adhesive","Floor transitions installed as per instructions from builder"
"02c5d36d-6a00-44cc-90ce-5eebd610c9ae","","checkpoint-status","not-started","","","TRUE","TRUE","Site QA","Floor Finishes","WING A","D.47 SERVERY","Subfloor, Floor Preparation, Adhesive","Waterproof tested for falls, and water test completed by waterproofers"
"4fdc3e08-146d-5c27-ab27-26900e946042","","checkpoint-status","not-started","","","TRUE","TRUE","Site QA","Floor Finishes","WING A","D.47 SERVERY","Subfloor, Floor Preparation, Adhesive","Correct adhesive used"
"6b403631-f544-5b68-b2ef-31a698938b72","","checkpoint-group","not-started","","","FALSE","FALSE","Site QA","Floor Finishes","WING A","D.47 SERVERY","Carpet / Vinyl"
"418d1a93-69ad-5255-baef-ebb034999bc1","","checkpoint-status","not-started","","","TRUE","TRUE","Site QA","Floor Finishes","WING A","D.47 SERVERY","Carpet / Vinyl","Confirm area of work is accessible & acceptable to commence (If not comment below)"
"d3f4ffce-0a3b-52ce-9a18-50cfe5c202a4","","checkpoint-status","not-started","","","TRUE","TRUE","Site QA","Floor Finishes","WING A","D.47 SERVERY","Carpet / Vinyl","Vinyl installed as per plan"
"2f827533-c072-586f-a976-ea3a12eca567","","checkpoint-status","not-started","","","TRUE","TRUE","Site QA","Floor Finishes","WING A","D.47 SERVERY","Carpet / Vinyl","Carpet installed as per plan"
"6741d635-9d46-554e-92a5-6480b7ebab03","","checkpoint-status","not-started","","","TRUE","TRUE","Site QA","Floor Finishes","WING A","D.47 SERVERY","Carpet / Vinyl","Joints sealed with heat welded seams and mitres as per AS 1884-2012"
"ed1f652b-1fc6-5e45-969d-6ca098c70e4b","","checkpoint-status","not-started","","","TRUE","TRUE","Site QA","Floor Finishes","WING A","D.47 SERVERY","Carpet / Vinyl","Vinyl skirt and coving used as per finishes markup - 150mm height"
"84dfd46b-6f87-5a17-bde9-784acb7be531","","checkpoint-status","not-started","","","TRUE","TRUE","Site QA","Floor Finishes","WING A","D.47 SERVERY","Carpet / Vinyl","Installer Sign Off: Carpet / Vinyl installed as per manufacturer's instructions"
"5c238ab2-aea2-52bf-992f-741ac2b6a699","","checkpoint-status","not-started","","","TRUE","TRUE","Site QA","Floor Finishes","WING A","D.47 SERVERY","Carpet / Vinyl","Add-Floors Sign Off"
"3cd3914b-c7cc-5b85-96df-b9715e68b2bc","","checkpoint-status","not-started","","","TRUE","TRUE","Site QA","Floor Finishes","WING A","D.47 SERVERY","Carpet / Vinyl","Foreman installation sign off"
"eda6f32c-cde9-5046-9285-33673f48f4d3","","checkpoint-group","not-started","","","FALSE","FALSE","Site QA","Floor Finishes","WING A","D.47 SERVERY","Wall Finish"
"ef7595b3-16f0-562f-88e0-1746d1d0c77e","","checkpoint-status","not-started","","","TRUE","TRUE","Site QA","Floor Finishes","WING A","D.47 SERVERY","Wall Finish","Wall Finish installed as per plan"
"d92d3e31-081c-5d3f-907e-3074f9633afb","","checkpoint-group","not-started","","","FALSE","FALSE","Site QA","Floor Finishes","WING A","D.47 SERVERY","Protection and Handover"
"2b97bf56-e486-5ed6-b008-ac69c772423f","","checkpoint-status","not-started","","","TRUE","TRUE","Site QA","Floor Finishes","WING A","D.47 SERVERY","Protection and Handover","Installation complete, checked and reviewed - as per specification"
"2aac370a-c3e3-5b25-8da2-caf41af906f6","","checkpoint-status","not-started","","","TRUE","TRUE","Site QA","Floor Finishes","WING A","D.47 SERVERY","Protection and Handover","Floor protected with bubbleweave floor protection or polyweave"
"67c3d153-a386-54a8-ab46-bd3dc9b1156a","","checkpoint-status","not-started","","","TRUE","TRUE","Site QA","Floor Finishes","WING A","D.47 SERVERY","Protection and Handover","Installer Sign Off: Protection installed as per manufacturer's instructions"
"25a9ed62-ed10-421e-b8f3-f0c7d0ddeee8","","checklist-sectioned","not-started","5a8a68d1221a9e608c282940756e19ac2c3c1dd54ffd7888cef6f74664a05c9a","checklist","FALSE","FALSE","Site QA","Floor Finishes","WING A","SITTING AND CORRIDOR"
"22a5d7c8-5288-57a0-a9a3-db9b1a0385df","","checkpoint-group","not-started","","","FALSE","FALSE","Site QA","Floor Finishes","WING A","SITTING AND CORRIDOR","Subfloor, Floor Preparation, Adhesive"
"b70033db-a950-546d-9609-f064073e9920","","checkpoint-status","not-started","","","TRUE","TRUE","Site QA","Floor Finishes","WING A","SITTING AND CORRIDOR","Subfloor, Floor Preparation, Adhesive","Confirm area of work is accessible & acceptable to commence (If not comment below)"
"cbbff3cc-a952-5c41-a12a-957c84df59ff","","checkpoint-status","not-started","","","TRUE","TRUE","Site QA","Floor Finishes","WING A","SITTING AND CORRIDOR","Subfloor, Floor Preparation, Adhesive","Subfloor mechanically diamond ground"
"afee14df-9bdb-4111-9c9e-2ff44dedcc00","","checkpoint-status","not-started","","","TRUE","TRUE","Site QA","Floor Finishes","WING A","SITTING AND CORRIDOR","Subfloor, Floor Preparation, Adhesive","Floor preparation product installed in accordance with manufacturer's instructions"
"a6e4f4e2-d9cf-5695-b532-3291a74f8a2f","","checkpoint-status","not-started","","","TRUE","TRUE","Site QA","Floor Finishes","WING A","SITTING AND CORRIDOR","Subfloor, Floor Preparation, Adhesive","Floor transitions installed as per instructions from builder"
"f59bd0bd-1290-4493-ae61-3c8fb99df416","","checkpoint-status","not-started","","","TRUE","TRUE","Site QA","Floor Finishes","WING A","SITTING AND CORRIDOR","Subfloor, Floor Preparation, Adhesive","Waterproof tested for falls, and water test completed by waterproofers"
"f68efd0d-6942-5da4-b1c8-bbe392afaf34","","checkpoint-status","not-started","","","TRUE","TRUE","Site QA","Floor Finishes","WING A","SITTING AND CORRIDOR","Subfloor, Floor Preparation, Adhesive","Correct adhesive used"
"5e8f5c1f-0643-5d14-aab8-00d8ac46df3c","","checkpoint-group","not-started","","","FALSE","FALSE","Site QA","Floor Finishes","WING A","SITTING AND CORRIDOR","Carpet / Vinyl"
"5d9ffeac-3757-5edd-b72c-f5bb1ef4fb55","","checkpoint-status","not-started","","","TRUE","TRUE","Site QA","Floor Finishes","WING A","SITTING AND CORRIDOR","Carpet / Vinyl","Confirm area of work is accessible & acceptable to commence (If not comment below)"
"29a9b608-e9e6-5be4-948d-dfd408b593ef","","checkpoint-status","not-started","","","TRUE","TRUE","Site QA","Floor Finishes","WING A","SITTING AND CORRIDOR","Carpet / Vinyl","Vinyl installed as per plan"
"41ffa363-22d1-5d4f-a2ea-01908cebb98f","","checkpoint-status","not-started","","","TRUE","TRUE","Site QA","Floor Finishes","WING A","SITTING AND CORRIDOR","Carpet / Vinyl","Carpet installed as per plan"
"1fee4f55-b5b2-58e2-b1b2-46ee6b6cbc42","","checkpoint-status","not-started","","","TRUE","TRUE","Site QA","Floor Finishes","WING A","SITTING AND CORRIDOR","Carpet / Vinyl","Joints sealed with heat welded seams and mitres as per AS 1884-2012"
"145ed53e-ae04-5102-8927-b3ffe34b074e","","checkpoint-status","not-started","","","TRUE","TRUE","Site QA","Floor Finishes","WING A","SITTING AND CORRIDOR","Carpet / Vinyl","Vinyl skirt and coving used as per finishes markup - 150mm height"
"7ca7ae2b-ad45-55c8-b9e8-3f72315f5008","","checkpoint-status","not-started","","","TRUE","TRUE","Site QA","Floor Finishes","WING A","SITTING AND CORRIDOR","Carpet / Vinyl","Installer Sign Off: Carpet / Vinyl installed as per manufacturer's instructions"
"a0fd7026-4b98-5411-a5e3-09a3c22605d3","","checkpoint-status","not-started","","","TRUE","TRUE","Site QA","Floor Finishes","WING A","SITTING AND CORRIDOR","Carpet / Vinyl","Add-Floors Sign Off"
"16d9c024-10db-5f94-a536-c24df9c61cb5","","checkpoint-status","not-started","","","TRUE","TRUE","Site QA","Floor Finishes","WING A","SITTING AND CORRIDOR","Carpet / Vinyl","Foreman installation sign off"
"833cd70d-1b22-5268-936f-84e45e25c122","","checkpoint-group","not-started","","","FALSE","FALSE","Site QA","Floor Finishes","WING A","SITTING AND CORRIDOR","Wall Finish"
"361c2991-1c65-50ac-a2c1-4faffe84b023","","checkpoint-status","not-started","","","TRUE","TRUE","Site QA","Floor Finishes","WING A","SITTING AND CORRIDOR","Wall Finish","Wall Finish installed as per plan"
"2c4dc4e0-1d25-5faa-9e3b-87eb6c4a5c38","","checkpoint-group","not-started","","","FALSE","FALSE","Site QA","Floor Finishes","WING A","SITTING AND CORRIDOR","Protection and Handover"
"72f8eeb4-5760-5e71-a13f-b70595c38d65","","checkpoint-status","not-started","","","TRUE","TRUE","Site QA","Floor Finishes","WING A","SITTING AND CORRIDOR","Protection and Handover","Installation complete, checked and reviewed - as per specification"
"13fa1e51-17c2-5944-b6cc-de77c9dfbff6","","checkpoint-status","not-started","","","TRUE","TRUE","Site QA","Floor Finishes","WING A","SITTING AND CORRIDOR","Protection and Handover","Floor protected with bubbleweave floor protection or polyweave"
"8864a3cd-1c49-5b61-b492-e6758e0d1b6a","","checkpoint-status","not-started","","","TRUE","TRUE","Site QA","Floor Finishes","WING A","SITTING AND CORRIDOR","Protection and Handover","Installer Sign Off: Protection installed as per manufacturer's instructions"
"d48a35a0-6c6a-4038-a282-b6a67f2a4a94","","folder-normal","not-started","","step","TRUE","FALSE","Site QA","Floor Finishes","WING B1"
"db781a24-5bcf-48a7-bc7a-009aa0b114a7","","checklist-sectioned","not-started","5a8a68d1221a9e608c282940756e19ac2c3c1dd54ffd7888cef6f74664a05c9a","checklist","FALSE","FALSE","Site QA","Floor Finishes","WING B1","B,76A ENSUITE"
"8486b16a-56e8-5dc9-a12d-d344fe87947c","","checkpoint-group","not-started","","","FALSE","FALSE","Site QA","Floor Finishes","WING B1","B,76A ENSUITE","Subfloor, Floor Preparation, Adhesive"
"319a56ea-6636-5303-b1c9-e240063f49c6","","checkpoint-status","not-started","","","TRUE","TRUE","Site QA","Floor Finishes","WING B1","B,76A ENSUITE","Subfloor, Floor Preparation, Adhesive","Confirm area of work is accessible & acceptable to commence (If not comment below)"
"55f85ac4-12fd-55a8-8455-0d3719960b91","","checkpoint-status","not-started","","","TRUE","TRUE","Site QA","Floor Finishes","WING B1","B,76A ENSUITE","Subfloor, Floor Preparation, Adhesive","Subfloor mechanically diamond ground"
"44bd119e-3ac7-4e55-9609-6ee5800d2aaa","","checkpoint-status","not-started","","","TRUE","TRUE","Site QA","Floor Finishes","WING B1","B,76A ENSUITE","Subfloor, Floor Preparation, Adhesive","Floor preparation product installed in accordance with manufacturer's instructions"
"13e08537-7fc2-54f8-b07b-82862481749b","","checkpoint-status","not-started","","","TRUE","TRUE","Site QA","Floor Finishes","WING B1","B,76A ENSUITE","Subfloor, Floor Preparation, Adhesive","Floor transitions installed as per instructions from builder"
"13ceaf3b-3bb1-4e01-80b7-e36fa316595b","","checkpoint-status","not-started","","","TRUE","TRUE","Site QA","Floor Finishes","WING B1","B,76A ENSUITE","Subfloor, Floor Preparation, Adhesive","Waterproof tested for falls, and water test completed by waterproofers"
"ff1e5418-4639-5f1b-8716-4bb61c3bbd73","","checkpoint-status","not-started","","","TRUE","TRUE","Site QA","Floor Finishes","WING B1","B,76A ENSUITE","Subfloor, Floor Preparation, Adhesive","Correct adhesive used"
"6ad5e564-62e5-57db-9b30-9897ea2c497b","","checkpoint-group","not-started","","","FALSE","FALSE","Site QA","Floor Finishes","WING B1","B,76A ENSUITE","Carpet / Vinyl"
"94261904-2fff-51bb-a5c7-a054cac0228e","","checkpoint-status","not-started","","","TRUE","TRUE","Site QA","Floor Finishes","WING B1","B,76A ENSUITE","Carpet / Vinyl","Confirm area of work is accessible & acceptable to commence (If not comment below)"
"07b8724a-64e5-5cee-b167-e4aa42ad0034","","checkpoint-status","not-started","","","TRUE","TRUE","Site QA","Floor Finishes","WING B1","B,76A ENSUITE","Carpet / Vinyl","Vinyl installed as per plan"
"43c26599-2ec7-59c9-bd40-12339c9692fe","","checkpoint-status","not-started","","","TRUE","TRUE","Site QA","Floor Finishes","WING B1","B,76A ENSUITE","Carpet / Vinyl","Carpet installed as per plan"
"12bcbc9c-43f9-503b-8522-f653cd4b1ce3","","checkpoint-status","not-started","","","TRUE","TRUE","Site QA","Floor Finishes","WING B1","B,76A ENSUITE","Carpet / Vinyl","Joints sealed with heat welded seams and mitres as per AS 1884-2012"
"e113a992-94cc-5e17-acf9-b79989f676b9","","checkpoint-status","not-started","","","TRUE","TRUE","Site QA","Floor Finishes","WING B1","B,76A ENSUITE","Carpet / Vinyl","Vinyl skirt and coving used as per finishes markup - 150mm height"
"394c9b25-4f55-5a4e-96d8-f9ec92f6eb25","","checkpoint-status","not-started","","","TRUE","TRUE","Site QA","Floor Finishes","WING B1","B,76A ENSUITE","Carpet / Vinyl","Installer Sign Off: Carpet / Vinyl installed as per manufacturer's instructions"
"adebcb77-88da-5313-97e8-04e3fd8a46ab","","checkpoint-status","not-started","","","TRUE","TRUE","Site QA","Floor Finishes","WING B1","B,76A ENSUITE","Carpet / Vinyl","Add-Floors Sign Off"
"d6b11d44-b894-54df-a8c6-8028864408fb","","checkpoint-status","not-started","","","TRUE","TRUE","Site QA","Floor Finishes","WING B1","B,76A ENSUITE","Carpet / Vinyl","Foreman installation sign off"
"f6951d03-32cb-5175-a06b-4909e5fa83c8","","checkpoint-group","not-started","","","FALSE","FALSE","Site QA","Floor Finishes","WING B1","B,76A ENSUITE","Wall Finish"
"ee3a07fe-6d1e-5f4e-a692-f42c9de00f93","","checkpoint-status","not-started","","","TRUE","TRUE","Site QA","Floor Finishes","WING B1","B,76A ENSUITE","Wall Finish","Wall Finish installed as per plan"
"ccd20523-0027-5cce-9dc6-5a6ff8e08687","","checkpoint-group","not-started","","","FALSE","FALSE","Site QA","Floor Finishes","WING B1","B,76A ENSUITE","Protection and Handover"
"c055683a-9f8b-54ec-9e3e-0825218206de","","checkpoint-status","not-started","","","TRUE","TRUE","Site QA","Floor Finishes","WING B1","B,76A ENSUITE","Protection and Handover","Installation complete, checked and reviewed - as per specification"
"d412f259-37e6-5a58-9c57-7e916fb89e7e","","checkpoint-status","not-started","","","TRUE","TRUE","Site QA","Floor Finishes","WING B1","B,76A ENSUITE","Protection and Handover","Floor protected with bubbleweave floor protection or polyweave"
"b2aef981-58e6-530d-b8ff-9a3aaaa2ec65","","checkpoint-status","not-started","","","TRUE","TRUE","Site QA","Floor Finishes","WING B1","B,76A ENSUITE","Protection and Handover","Installer Sign Off: Protection installed as per manufacturer's instructions"
"3dad293e-9ce0-42d7-b561-56950b62b91f","","checklist-sectioned","not-started","5a8a68d1221a9e608c282940756e19ac2c3c1dd54ffd7888cef6f74664a05c9a","checklist","FALSE","FALSE","Site QA","Floor Finishes","WING B1","B.24 DINING, CORRIDORS"
"9db4e4cf-99de-5f84-a8ae-4bcddfa3a1fc","","checkpoint-group","not-started","","","FALSE","FALSE","Site QA","Floor Finishes","WING B1","B.24 DINING, CORRIDORS","Subfloor, Floor Preparation, Adhesive"
"e5562d3f-3a3c-5cbb-9e95-362ca5635262","","checkpoint-status","not-started","","","TRUE","TRUE","Site QA","Floor Finishes","WING B1","B.24 DINING, CORRIDORS","Subfloor, Floor Preparation, Adhesive","Confirm area of work is accessible & acceptable to commence (If not comment below)"
"cd3dba58-c920-5966-ae65-be7bf6371f56","","checkpoint-status","not-started","","","TRUE","TRUE","Site QA","Floor Finishes","WING B1","B.24 DINING, CORRIDORS","Subfloor, Floor Preparation, Adhesive","Subfloor mechanically diamond ground"
"86dd38aa-aa1e-4438-b2e8-32e0846b581b","","checkpoint-status","not-started","","","TRUE","TRUE","Site QA","Floor Finishes","WING B1","B.24 DINING, CORRIDORS","Subfloor, Floor Preparation, Adhesive","Floor preparation product installed in accordance with manufacturer's instructions"
"39f099a1-a97c-5c2b-8a0c-773ed97c2f52","","checkpoint-status","not-started","","","TRUE","TRUE","Site QA","Floor Finishes","WING B1","B.24 DINING, CORRIDORS","Subfloor, Floor Preparation, Adhesive","Floor transitions installed as per instructions from builder"
"68b2db46-a768-41ce-8194-0167bb2faa15","","checkpoint-status","not-started","","","TRUE","TRUE","Site QA","Floor Finishes","WING B1","B.24 DINING, CORRIDORS","Subfloor, Floor Preparation, Adhesive","Waterproof tested for falls, and water test completed by waterproofers"
"719d0c9e-c5ba-5054-969d-14502a0bc496","","checkpoint-status","not-started","","","TRUE","TRUE","Site QA","Floor Finishes","WING B1","B.24 DINING, CORRIDORS","Subfloor, Floor Preparation, Adhesive","Correct adhesive used"
"20c05fa4-d8e7-5ebd-9c2a-90fb7060180c","","checkpoint-group","not-started","","","FALSE","FALSE","Site QA","Floor Finishes","WING B1","B.24 DINING, CORRIDORS","Carpet / Vinyl"
"01419501-4bcc-535d-bcc4-9e88a9f71c7f","","checkpoint-status","not-started","","","TRUE","TRUE","Site QA","Floor Finishes","WING B1","B.24 DINING, CORRIDORS","Carpet / Vinyl","Confirm area of work is accessible & acceptable to commence (If not comment below)"
"686ea6fa-587d-5112-b154-92c493f734e6","","checkpoint-status","not-started","","","TRUE","TRUE","Site QA","Floor Finishes","WING B1","B.24 DINING, CORRIDORS","Carpet / Vinyl","Vinyl installed as per plan"
"cb99e8ee-1dde-504d-b9ce-be8bf83c15ae","","checkpoint-status","not-started","","","TRUE","TRUE","Site QA","Floor Finishes","WING B1","B.24 DINING, CORRIDORS","Carpet / Vinyl","Carpet installed as per plan"
"dbf5a5a5-a981-5d06-81ed-3a37d6e5fb4f","","checkpoint-status","not-started","","","TRUE","TRUE","Site QA","Floor Finishes","WING B1","B.24 DINING, CORRIDORS","Carpet / Vinyl","Joints sealed with heat welded seams and mitres as per AS 1884-2012"
"a12d3470-f2b3-51ed-888f-ea79077d06eb","","checkpoint-status","not-started","","","TRUE","TRUE","Site QA","Floor Finishes","WING B1","B.24 DINING, CORRIDORS","Carpet / Vinyl","Vinyl skirt and coving used as per finishes markup - 150mm height"
"61bbea59-a863-5b63-a2a3-b60b8987c62a","","checkpoint-status","not-started","","","TRUE","TRUE","Site QA","Floor Finishes","WING B1","B.24 DINING, CORRIDORS","Carpet / Vinyl","Installer Sign Off: Carpet / Vinyl installed as per manufacturer's instructions"
"a752c98f-2136-55d0-8180-203e468562ae","","checkpoint-status","not-started","","","TRUE","TRUE","Site QA","Floor Finishes","WING B1","B.24 DINING, CORRIDORS","Carpet / Vinyl","Add-Floors Sign Off"
"ca0c5cb9-a19d-55a3-8359-92936d78cc8f","","checkpoint-status","not-started","","","TRUE","TRUE","Site QA","Floor Finishes","WING B1","B.24 DINING, CORRIDORS","Carpet / Vinyl","Foreman installation sign off"
"8b2c2d05-80cc-5a06-bda3-5d872b0da058","","checkpoint-group","not-started","","","FALSE","FALSE","Site QA","Floor Finishes","WING B1","B.24 DINING, CORRIDORS","Wall Finish"
"0ccf6c3c-9148-5bcd-9f11-9a9ccc823d44","","checkpoint-status","not-started","","","TRUE","TRUE","Site QA","Floor Finishes","WING B1","B.24 DINING, CORRIDORS","Wall Finish","Wall Finish installed as per plan"
"3635997e-d11a-5ff3-8c18-910e4dc153a1","","checkpoint-group","not-started","","","FALSE","FALSE","Site QA","Floor Finishes","WING B1","B.24 DINING, CORRIDORS","Protection and Handover"
"fdb8581b-0d95-5e11-b63b-8b07154a1217","","checkpoint-status","not-started","","","TRUE","TRUE","Site QA","Floor Finishes","WING B1","B.24 DINING, CORRIDORS","Protection and Handover","Installation complete, checked and reviewed - as per specification"
"1e623420-7b9c-5926-a547-b703721b4057","","checkpoint-status","not-started","","","TRUE","TRUE","Site QA","Floor Finishes","WING B1","B.24 DINING, CORRIDORS","Protection and Handover","Floor protected with bubbleweave floor protection or polyweave"
"1b828d4c-afef-5e18-9d0a-5a48f10667cf","","checkpoint-status","not-started","","","TRUE","TRUE","Site QA","Floor Finishes","WING B1","B.24 DINING, CORRIDORS","Protection and Handover","Installer Sign Off: Protection installed as per manufacturer's instructions"
"608bb3c6-e530-4eb1-bea3-5d2005c82ef0","","checklist-sectioned","not-started","5a8a68d1221a9e608c282940756e19ac2c3c1dd54ffd7888cef6f74664a05c9a","checklist","FALSE","FALSE","Site QA","Floor Finishes","WING B1","B.47 SERVERY"
"d0001507-3eb4-5222-a8dd-a998d6ab4988","","checkpoint-group","not-started","","","FALSE","FALSE","Site QA","Floor Finishes","WING B1","B.47 SERVERY","Subfloor, Floor Preparation, Adhesive"
"37c24a95-e1b9-5820-8d8d-031e6e236e54","","checkpoint-status","not-started","","","TRUE","TRUE","Site QA","Floor Finishes","WING B1","B.47 SERVERY","Subfloor, Floor Preparation, Adhesive","Confirm area of work is accessible & acceptable to commence (If not comment below)"
"9455ec91-840f-5d83-acf9-ef763d780243","","checkpoint-status","not-started","","","TRUE","TRUE","Site QA","Floor Finishes","WING B1","B.47 SERVERY","Subfloor, Floor Preparation, Adhesive","Subfloor mechanically diamond ground"
"cd448ffa-c11e-4a32-a9da-a2135a490ef4","","checkpoint-status","not-started","","","TRUE","TRUE","Site QA","Floor Finishes","WING B1","B.47 SERVERY","Subfloor, Floor Preparation, Adhesive","Floor preparation product installed in accordance with manufacturer's instructions"
"1e7d0372-29f1-5ba1-9fa2-6b4a6dbf9715","","checkpoint-status","not-started","","","TRUE","TRUE","Site QA","Floor Finishes","WING B1","B.47 SERVERY","Subfloor, Floor Preparation, Adhesive","Floor transitions installed as per instructions from builder"
"a82e1aa0-50d8-415f-8a59-8e48a42a9937","","checkpoint-status","not-started","","","TRUE","TRUE","Site QA","Floor Finishes","WING B1","B.47 SERVERY","Subfloor, Floor Preparation, Adhesive","Waterproof tested for falls, and water test completed by waterproofers"
"71b01f10-5ee9-5841-9c49-6809f2d84f17","","checkpoint-status","not-started","","","TRUE","TRUE","Site QA","Floor Finishes","WING B1","B.47 SERVERY","Subfloor, Floor Preparation, Adhesive","Correct adhesive used"
"2db5e375-bf87-5921-b543-ae8cd8b3ab3e","","checkpoint-group","not-started","","","FALSE","FALSE","Site QA","Floor Finishes","WING B1","B.47 SERVERY","Carpet / Vinyl"
"24e3c403-f73c-57cb-ba84-d9c0bdf5c47b","","checkpoint-status","not-started","","","TRUE","TRUE","Site QA","Floor Finishes","WING B1","B.47 SERVERY","Carpet / Vinyl","Confirm area of work is accessible & acceptable to commence (If not comment below)"
"09b6baaf-c4e3-555d-b75d-ea6d81242a9d","","checkpoint-status","not-started","","","TRUE","TRUE","Site QA","Floor Finishes","WING B1","B.47 SERVERY","Carpet / Vinyl","Vinyl installed as per plan"
"95c98902-d3fb-5a22-ad80-b08878208e1e","","checkpoint-status","not-started","","","TRUE","TRUE","Site QA","Floor Finishes","WING B1","B.47 SERVERY","Carpet / Vinyl","Carpet installed as per plan"
"b5c179f5-f91f-56c2-85d5-382ed6b5c188","","checkpoint-status","not-started","","","TRUE","TRUE","Site QA","Floor Finishes","WING B1","B.47 SERVERY","Carpet / Vinyl","Joints sealed with heat welded seams and mitres as per AS 1884-2012"
"71e2f14c-3b4f-5365-9565-5df3ad56ce88","","checkpoint-status","not-started","","","TRUE","TRUE","Site QA","Floor Finishes","WING B1","B.47 SERVERY","Carpet / Vinyl","Vinyl skirt and coving used as per finishes markup - 150mm height"
"a57142c6-f0ec-5fa7-a2eb-5531db14b548","","checkpoint-status","not-started","","","TRUE","TRUE","Site QA","Floor Finishes","WING B1","B.47 SERVERY","Carpet / Vinyl","Installer Sign Off: Carpet / Vinyl installed as per manufacturer's instructions"
"8716f501-7354-5c7f-9c62-46d3fd0574a0","","checkpoint-status","not-started","","","TRUE","TRUE","Site QA","Floor Finishes","WING B1","B.47 SERVERY","Carpet / Vinyl","Add-Floors Sign Off"
"0c7f1272-51cf-5f80-9992-ec2c13c190d1","","checkpoint-status","not-started","","","TRUE","TRUE","Site QA","Floor Finishes","WING B1","B.47 SERVERY","Carpet / Vinyl","Foreman installation sign off"
"7366bbe2-3f53-53e0-b849-ce403f86312b","","checkpoint-group","not-started","","","FALSE","FALSE","Site QA","Floor Finishes","WING B1","B.47 SERVERY","Wall Finish"
"45e6408b-86da-593a-b463-9357a62e5883","","checkpoint-status","not-started","","","TRUE","TRUE","Site QA","Floor Finishes","WING B1","B.47 SERVERY","Wall Finish","Wall Finish installed as per plan"
"444deb0e-aad5-5a1c-8534-b307eda262e4","","checkpoint-group","not-started","","","FALSE","FALSE","Site QA","Floor Finishes","WING B1","B.47 SERVERY","Protection and Handover"
"b4a6c3c2-2885-5fc4-9576-5ade9f234e65","","checkpoint-status","not-started","","","TRUE","TRUE","Site QA","Floor Finishes","WING B1","B.47 SERVERY","Protection and Handover","Installation complete, checked and reviewed - as per specification"
"f94872bc-4d24-501b-aacf-c55946fb3fca","","checkpoint-status","not-started","","","TRUE","TRUE","Site QA","Floor Finishes","WING B1","B.47 SERVERY","Protection and Handover","Floor protected with bubbleweave floor protection or polyweave"
"55bb2506-edb4-51b5-a366-716db23b1e8e","","checkpoint-status","not-started","","","TRUE","TRUE","Site QA","Floor Finishes","WING B1","B.47 SERVERY","Protection and Handover","Installer Sign Off: Protection installed as per manufacturer's instructions"
"021dd62e-a3ee-4e0e-94ff-fd33fa424b35","","checklist-sectioned","not-started","5a8a68d1221a9e608c282940756e19ac2c3c1dd54ffd7888cef6f74664a05c9a","checklist","FALSE","FALSE","Site QA","Floor Finishes","WING B1","B.48 BED"
"75e4ba69-ce15-5188-89af-f8634be9c0d6","","checkpoint-group","not-started","","","FALSE","FALSE","Site QA","Floor Finishes","WING B1","B.48 BED","Subfloor, Floor Preparation, Adhesive"
"e5a5c030-9cfc-56b1-a85a-4ef9c9b8380a","","checkpoint-status","not-started","","","TRUE","TRUE","Site QA","Floor Finishes","WING B1","B.48 BED","Subfloor, Floor Preparation, Adhesive","Confirm area of work is accessible & acceptable to commence (If not comment below)"
"279da8ef-fe2c-576c-8db8-3085c98a2db5","","checkpoint-status","not-started","","","TRUE","TRUE","Site QA","Floor Finishes","WING B1","B.48 BED","Subfloor, Floor Preparation, Adhesive","Subfloor mechanically diamond ground"
"14eb1c98-7961-4868-8e3f-bbaa22281463","","checkpoint-status","not-started","","","TRUE","TRUE","Site QA","Floor Finishes","WING B1","B.48 BED","Subfloor, Floor Preparation, Adhesive","Floor preparation product installed in accordance with manufacturer's instructions"
"5c93f02c-5b62-569d-9433-ebe25d836eda","","checkpoint-status","not-started","","","TRUE","TRUE","Site QA","Floor Finishes","WING B1","B.48 BED","Subfloor, Floor Preparation, Adhesive","Floor transitions installed as per instructions from builder"
"87689d5e-6d02-4e9b-95bb-63df52433719","","checkpoint-status","not-started","","","TRUE","TRUE","Site QA","Floor Finishes","WING B1","B.48 BED","Subfloor, Floor Preparation, Adhesive","Waterproof tested for falls, and water test completed by waterproofers"
"eb51de66-b68b-50fd-b4ac-98fc9610fcd1","","checkpoint-status","not-started","","","TRUE","TRUE","Site QA","Floor Finishes","WING B1","B.48 BED","Subfloor, Floor Preparation, Adhesive","Correct adhesive used"
"9df2a4b8-aa3f-5fcc-a8e8-f21c06c0f55c","","checkpoint-group","not-started","","","FALSE","FALSE","Site QA","Floor Finishes","WING B1","B.48 BED","Carpet / Vinyl"
"4a23ee0a-17f1-5d02-a375-f35cc0912ea2","","checkpoint-status","not-started","","","TRUE","TRUE","Site QA","Floor Finishes","WING B1","B.48 BED","Carpet / Vinyl","Confirm area of work is accessible & acceptable to commence (If not comment below)"
"bc890318-7ba9-55c3-bf85-ead121e85d5b","","checkpoint-status","not-started","","","TRUE","TRUE","Site QA","Floor Finishes","WING B1","B.48 BED","Carpet / Vinyl","Vinyl installed as per plan"
"a1a59009-0662-5ef9-b477-173e3c8251e6","","checkpoint-status","not-started","","","TRUE","TRUE","Site QA","Floor Finishes","WING B1","B.48 BED","Carpet / Vinyl","Carpet installed as per plan"
"b1e6c2ec-4e36-5004-aec0-56408a59e930","","checkpoint-status","not-started","","","TRUE","TRUE","Site QA","Floor Finishes","WING B1","B.48 BED","Carpet / Vinyl","Joints sealed with heat welded seams and mitres as per AS 1884-2012"
"3dfdddb5-68fa-55ef-8c87-06fbfec2cf14","","checkpoint-status","not-started","","","TRUE","TRUE","Site QA","Floor Finishes","WING B1","B.48 BED","Carpet / Vinyl","Vinyl skirt and coving used as per finishes markup - 150mm height"
"77832116-365f-5693-8834-d44ff23bd635","","checkpoint-status","not-started","","","TRUE","TRUE","Site QA","Floor Finishes","WING B1","B.48 BED","Carpet / Vinyl","Installer Sign Off: Carpet / Vinyl installed as per manufacturer's instructions"
"9e687aeb-0037-5d2e-aeb4-d273bf5392df","","checkpoint-status","not-started","","","TRUE","TRUE","Site QA","Floor Finishes","WING B1","B.48 BED","Carpet / Vinyl","Add-Floors Sign Off"
"16b81439-873b-59e6-939c-214c7733f472","","checkpoint-status","not-started","","","TRUE","TRUE","Site QA","Floor Finishes","WING B1","B.48 BED","Carpet / Vinyl","Foreman installation sign off"
"2e53d438-d0ee-56f9-b25a-7b84bd5d0a1c","","checkpoint-group","not-started","","","FALSE","FALSE","Site QA","Floor Finishes","WING B1","B.48 BED","Wall Finish"
"27b42eb6-8d18-5b5e-be63-1a0e8261d577","","checkpoint-status","not-started","","","TRUE","TRUE","Site QA","Floor Finishes","WING B1","B.48 BED","Wall Finish","Wall Finish installed as per plan"
"7b414bc0-7aaf-538e-aa4b-6e71f5fefd1f","","checkpoint-group","not-started","","","FALSE","FALSE","Site QA","Floor Finishes","WING B1","B.48 BED","Protection and Handover"
"225aa092-2f47-5e1c-9fcd-fd66036a799a","","checkpoint-status","not-started","","","TRUE","TRUE","Site QA","Floor Finishes","WING B1","B.48 BED","Protection and Handover","Installation complete, checked and reviewed - as per specification"
"ceeb36af-a59c-58a9-a8dc-a99bee66b978","","checkpoint-status","not-started","","","TRUE","TRUE","Site QA","Floor Finishes","WING B1","B.48 BED","Protection and Handover","Floor protected with bubbleweave floor protection or polyweave"
"adf03833-795b-5ca2-807f-f849f50bac3f","","checkpoint-status","not-started","","","TRUE","TRUE","Site QA","Floor Finishes","WING B1","B.48 BED","Protection and Handover","Installer Sign Off: Protection installed as per manufacturer's instructions"
"d697f710-01f9-4b15-8aaa-bc94d95e265d","","checklist-sectioned","not-started","5a8a68d1221a9e608c282940756e19ac2c3c1dd54ffd7888cef6f74664a05c9a","checklist","FALSE","FALSE","Site QA","Floor Finishes","WING B1","B.48A ENSUITE"
"aacd4e17-54aa-556f-803f-2dbcb8dab92f","","checkpoint-group","not-started","","","FALSE","FALSE","Site QA","Floor Finishes","WING B1","B.48A ENSUITE","Subfloor, Floor Preparation, Adhesive"
"ecb1f608-fe70-57e6-a5d1-75fc2b73b726","","checkpoint-status","not-started","","","TRUE","TRUE","Site QA","Floor Finishes","WING B1","B.48A ENSUITE","Subfloor, Floor Preparation, Adhesive","Confirm area of work is accessible & acceptable to commence (If not comment below)"
"917a1a3a-308b-5d78-bf25-8495adb77803","","checkpoint-status","not-started","","","TRUE","TRUE","Site QA","Floor Finishes","WING B1","B.48A ENSUITE","Subfloor, Floor Preparation, Adhesive","Subfloor mechanically diamond ground"
"049ba0a4-c0ce-4a4a-a251-c4792191717f","","checkpoint-status","not-started","","","TRUE","TRUE","Site QA","Floor Finishes","WING B1","B.48A ENSUITE","Subfloor, Floor Preparation, Adhesive","Floor preparation product installed in accordance with manufacturer's instructions"
"84a8a090-078d-5256-8e5a-e8bcc3108e59","","checkpoint-status","not-started","","","TRUE","TRUE","Site QA","Floor Finishes","WING B1","B.48A ENSUITE","Subfloor, Floor Preparation, Adhesive","Floor transitions installed as per instructions from builder"
"0d74639d-c606-4b38-bfb9-be5619e78fdd","","checkpoint-status","not-started","","","TRUE","TRUE","Site QA","Floor Finishes","WING B1","B.48A ENSUITE","Subfloor, Floor Preparation, Adhesive","Waterproof tested for falls, and water test completed by waterproofers"
"92ca18bf-1b38-5c66-8c59-28d8bc7df700","","checkpoint-status","not-started","","","TRUE","TRUE","Site QA","Floor Finishes","WING B1","B.48A ENSUITE","Subfloor, Floor Preparation, Adhesive","Correct adhesive used"
"cfb56137-e6ad-57ce-bd0c-bd7bdf6e7aeb","","checkpoint-group","not-started","","","FALSE","FALSE","Site QA","Floor Finishes","WING B1","B.48A ENSUITE","Carpet / Vinyl"
"c898c1d0-9368-547c-8cea-4e7ac3c21267","","checkpoint-status","not-started","","","TRUE","TRUE","Site QA","Floor Finishes","WING B1","B.48A ENSUITE","Carpet / Vinyl","Confirm area of work is accessible & acceptable to commence (If not comment below)"
"60f361cb-cd3a-5113-96a4-7b3aa4da3c29","","checkpoint-status","not-started","","","TRUE","TRUE","Site QA","Floor Finishes","WING B1","B.48A ENSUITE","Carpet / Vinyl","Vinyl installed as per plan"
"665b0e87-1c25-54e7-9047-a5b164cc4a66","","checkpoint-status","not-started","","","TRUE","TRUE","Site QA","Floor Finishes","WING B1","B.48A ENSUITE","Carpet / Vinyl","Carpet installed as per plan"
"3376b6b0-932a-5a96-ae1e-d8955238111c","","checkpoint-status","not-started","","","TRUE","TRUE","Site QA","Floor Finishes","WING B1","B.48A ENSUITE","Carpet / Vinyl","Joints sealed with heat welded seams and mitres as per AS 1884-2012"
"db6863a7-3bc0-5a4e-937b-6c05518f2a4b","","checkpoint-status","not-started","","","TRUE","TRUE","Site QA","Floor Finishes","WING B1","B.48A ENSUITE","Carpet / Vinyl","Vinyl skirt and coving used as per finishes markup - 150mm height"
"4424e419-929b-5b0f-8784-dc89c04209dc","","checkpoint-status","not-started","","","TRUE","TRUE","Site QA","Floor Finishes","WING B1","B.48A ENSUITE","Carpet / Vinyl","Installer Sign Off: Carpet / Vinyl installed as per manufacturer's instructions"
"52af2047-ebb8-5502-a6a3-51495ce97ceb","","checkpoint-status","not-started","","","TRUE","TRUE","Site QA","Floor Finishes","WING B1","B.48A ENSUITE","Carpet / Vinyl","Add-Floors Sign Off"
"e0ebb89a-0d7a-5c46-a4c9-84e1b023f8f5","","checkpoint-status","not-started","","","TRUE","TRUE","Site QA","Floor Finishes","WING B1","B.48A ENSUITE","Carpet / Vinyl","Foreman installation sign off"
"b0a3b9ca-c606-520d-a889-a1106a2b9e17","","checkpoint-group","not-started","","","FALSE","FALSE","Site QA","Floor Finishes","WING B1","B.48A ENSUITE","Wall Finish"
"6e527f2e-daff-5a30-a7e7-18eacc1e3515","","checkpoint-status","not-started","","","TRUE","TRUE","Site QA","Floor Finishes","WING B1","B.48A ENSUITE","Wall Finish","Wall Finish installed as per plan"
"9d22a9e2-32e7-5bd9-95c0-b41d99fba5b8","","checkpoint-group","not-started","","","FALSE","FALSE","Site QA","Floor Finishes","WING B1","B.48A ENSUITE","Protection and Handover"
"7b0fb6f5-0828-5958-830a-c10a51968a67","","checkpoint-status","not-started","","","TRUE","TRUE","Site QA","Floor Finishes","WING B1","B.48A ENSUITE","Protection and Handover","Installation complete, checked and reviewed - as per specification"
"5406a81c-3e49-50f0-9077-922b22b8c0e5","","checkpoint-status","not-started","","","TRUE","TRUE","Site QA","Floor Finishes","WING B1","B.48A ENSUITE","Protection and Handover","Floor protected with bubbleweave floor protection or polyweave"
"7b00d914-9cb4-57b3-a597-ad344ebf36c0","","checkpoint-status","not-started","","","TRUE","TRUE","Site QA","Floor Finishes","WING B1","B.48A ENSUITE","Protection and Handover","Installer Sign Off: Protection installed as per manufacturer's instructions"
"99c7bdf9-17d1-4770-8d89-3000a8097091","","checklist-sectioned","not-started","5a8a68d1221a9e608c282940756e19ac2c3c1dd54ffd7888cef6f74664a05c9a","checklist","FALSE","FALSE","Site QA","Floor Finishes","WING B1","B.49 BED"
"4414fc86-a69d-518e-804d-9bbf295f8513","","checkpoint-group","not-started","","","FALSE","FALSE","Site QA","Floor Finishes","WING B1","B.49 BED","Subfloor, Floor Preparation, Adhesive"
"6bc7007c-d172-5e51-abd3-e01fff90e2eb","","checkpoint-status","not-started","","","TRUE","TRUE","Site QA","Floor Finishes","WING B1","B.49 BED","Subfloor, Floor Preparation, Adhesive","Confirm area of work is accessible & acceptable to commence (If not comment below)"
"830b1bb9-107a-5423-9ae0-2452368b6bdc","","checkpoint-status","not-started","","","TRUE","TRUE","Site QA","Floor Finishes","WING B1","B.49 BED","Subfloor, Floor Preparation, Adhesive","Subfloor mechanically diamond ground"
"41b08a16-722e-4bf3-bab7-455df4d734ae","","checkpoint-status","not-started","","","TRUE","TRUE","Site QA","Floor Finishes","WING B1","B.49 BED","Subfloor, Floor Preparation, Adhesive","Floor preparation product installed in accordance with manufacturer's instructions"
"98016953-5c0b-5ff7-98a6-0b606d27f95e","","checkpoint-status","not-started","","","TRUE","TRUE","Site QA","Floor Finishes","WING B1","B.49 BED","Subfloor, Floor Preparation, Adhesive","Floor transitions installed as per instructions from builder"
"9bef22a7-d514-4cfe-adc9-36afe1ce6fb7","","checkpoint-status","not-started","","","TRUE","TRUE","Site QA","Floor Finishes","WING B1","B.49 BED","Subfloor, Floor Preparation, Adhesive","Waterproof tested for falls, and water test completed by waterproofers"
"91524d6b-afb0-5aae-921f-9563937f6924","","checkpoint-status","not-started","","","TRUE","TRUE","Site QA","Floor Finishes","WING B1","B.49 BED","Subfloor, Floor Preparation, Adhesive","Correct adhesive used"
"905aa2af-1e55-5a33-83fc-1c946f5a10be","","checkpoint-group","not-started","","","FALSE","FALSE","Site QA","Floor Finishes","WING B1","B.49 BED","Carpet / Vinyl"
"2f66d4a7-42a8-59d9-8790-c06faf8bad71","","checkpoint-status","not-started","","","TRUE","TRUE","Site QA","Floor Finishes","WING B1","B.49 BED","Carpet / Vinyl","Confirm area of work is accessible & acceptable to commence (If not comment below)"
"912a1837-b194-5e73-a5e8-d779160abe2e","","checkpoint-status","not-started","","","TRUE","TRUE","Site QA","Floor Finishes","WING B1","B.49 BED","Carpet / Vinyl","Vinyl installed as per plan"
"396e3392-919f-560c-b58e-7844f5cbb750","","checkpoint-status","not-started","","","TRUE","TRUE","Site QA","Floor Finishes","WING B1","B.49 BED","Carpet / Vinyl","Carpet installed as per plan"
"0d66586e-af4c-58df-b82a-97e503822c16","","checkpoint-status","not-started","","","TRUE","TRUE","Site QA","Floor Finishes","WING B1","B.49 BED","Carpet / Vinyl","Joints sealed with heat welded seams and mitres as per AS 1884-2012"
"c003e247-17d5-5d86-9c38-adf42068b26c","","checkpoint-status","not-started","","","TRUE","TRUE","Site QA","Floor Finishes","WING B1","B.49 BED","Carpet / Vinyl","Vinyl skirt and coving used as per finishes markup - 150mm height"
"34465c9d-ce14-5b51-9a01-786d5628ac15","","checkpoint-status","not-started","","","TRUE","TRUE","Site QA","Floor Finishes","WING B1","B.49 BED","Carpet / Vinyl","Installer Sign Off: Carpet / Vinyl installed as per manufacturer's instructions"
"4c63740b-76fc-59a5-bca1-392cd2f54131","","checkpoint-status","not-started","","","TRUE","TRUE","Site QA","Floor Finishes","WING B1","B.49 BED","Carpet / Vinyl","Add-Floors Sign Off"
"b5f82c57-eccb-5d7f-8a14-5fc80af3e630","","checkpoint-status","not-started","","","TRUE","TRUE","Site QA","Floor Finishes","WING B1","B.49 BED","Carpet / Vinyl","Foreman installation sign off"
"a3d88eab-023b-56b2-add8-0003deca00da","","checkpoint-group","not-started","","","FALSE","FALSE","Site QA","Floor Finishes","WING B1","B.49 BED","Wall Finish"
"4fe7b7b7-1ac9-5b09-8389-568711d9a374","","checkpoint-status","not-started","","","TRUE","TRUE","Site QA","Floor Finishes","WING B1","B.49 BED","Wall Finish","Wall Finish installed as per plan"
"c28ed0b1-ffa3-599b-8eac-af838cea48df","","checkpoint-group","not-started","","","FALSE","FALSE","Site QA","Floor Finishes","WING B1","B.49 BED","Protection and Handover"
"eecc1af1-b265-5581-9d6b-9a25188603a2","","checkpoint-status","not-started","","","TRUE","TRUE","Site QA","Floor Finishes","WING B1","B.49 BED","Protection and Handover","Installation complete, checked and reviewed - as per specification"
"c864b372-91e8-55d6-898e-021e7fdf6877","","checkpoint-status","not-started","","","TRUE","TRUE","Site QA","Floor Finishes","WING B1","B.49 BED","Protection and Handover","Floor protected with bubbleweave floor protection or polyweave"
"ff431689-085a-59bc-882e-d3487f3cab8b","","checkpoint-status","not-started","","","TRUE","TRUE","Site QA","Floor Finishes","WING B1","B.49 BED","Protection and Handover","Installer Sign Off: Protection installed as per manufacturer's instructions"
"869af3df-c053-492d-8e43-46b566b508a0","","checklist-sectioned","not-started","5a8a68d1221a9e608c282940756e19ac2c3c1dd54ffd7888cef6f74664a05c9a","checklist","FALSE","FALSE","Site QA","Floor Finishes","WING B1","B.49A ENSUITE"
"4152147e-ffe1-5a16-be94-842b8745bee2","","checkpoint-group","not-started","","","FALSE","FALSE","Site QA","Floor Finishes","WING B1","B.49A ENSUITE","Subfloor, Floor Preparation, Adhesive"
"dffdda6e-afbc-513c-92e0-7817c1a82dc8","","checkpoint-status","not-started","","","TRUE","TRUE","Site QA","Floor Finishes","WING B1","B.49A ENSUITE","Subfloor, Floor Preparation, Adhesive","Confirm area of work is accessible & acceptable to commence (If not comment below)"
"5b9ca074-56af-5dae-b557-dac241747acd","","checkpoint-status","not-started","","","TRUE","TRUE","Site QA","Floor Finishes","WING B1","B.49A ENSUITE","Subfloor, Floor Preparation, Adhesive","Subfloor mechanically diamond ground"
"a63b54ae-9300-4e6c-b095-00053c8eca4b","","checkpoint-status","not-started","","","TRUE","TRUE","Site QA","Floor Finishes","WING B1","B.49A ENSUITE","Subfloor, Floor Preparation, Adhesive","Floor preparation product installed in accordance with manufacturer's instructions"
"0d577588-a1c8-5258-a841-88a50747218c","","checkpoint-status","not-started","","","TRUE","TRUE","Site QA","Floor Finishes","WING B1","B.49A ENSUITE","Subfloor, Floor Preparation, Adhesive","Floor transitions installed as per instructions from builder"
"874e3042-faf5-4049-b738-bf883d9e3b2e","","checkpoint-status","not-started","","","TRUE","TRUE","Site QA","Floor Finishes","WING B1","B.49A ENSUITE","Subfloor, Floor Preparation, Adhesive","Waterproof tested for falls, and water test completed by waterproofers"
"2c381ca4-8020-55ad-b082-b16ce6d96e6b","","checkpoint-status","not-started","","","TRUE","TRUE","Site QA","Floor Finishes","WING B1","B.49A ENSUITE","Subfloor, Floor Preparation, Adhesive","Correct adhesive used"
"cb7b62f1-9055-5e8f-900c-1be7e94796f5","","checkpoint-group","not-started","","","FALSE","FALSE","Site QA","Floor Finishes","WING B1","B.49A ENSUITE","Carpet / Vinyl"
"ca0af5e7-ff9f-5033-9f94-45a833b47b93","","checkpoint-status","not-started","","","TRUE","TRUE","Site QA","Floor Finishes","WING B1","B.49A ENSUITE","Carpet / Vinyl","Confirm area of work is accessible & acceptable to commence (If not comment below)"
"81aec48a-b7d7-5815-87ef-558652dd5cc7","","checkpoint-status","not-started","","","TRUE","TRUE","Site QA","Floor Finishes","WING B1","B.49A ENSUITE","Carpet / Vinyl","Vinyl installed as per plan"
"1cf07f47-5fc6-58de-b070-2c7f2b8085e1","","checkpoint-status","not-started","","","TRUE","TRUE","Site QA","Floor Finishes","WING B1","B.49A ENSUITE","Carpet / Vinyl","Carpet installed as per plan"
"b1fccd2c-d4d3-51d4-9915-a971f89536a1","","checkpoint-status","not-started","","","TRUE","TRUE","Site QA","Floor Finishes","WING B1","B.49A ENSUITE","Carpet / Vinyl","Joints sealed with heat welded seams and mitres as per AS 1884-2012"
"8bead405-b7b0-567a-ac14-c940796fe411","","checkpoint-status","not-started","","","TRUE","TRUE","Site QA","Floor Finishes","WING B1","B.49A ENSUITE","Carpet / Vinyl","Vinyl skirt and coving used as per finishes markup - 150mm height"
"996bbae6-5c7b-5a4f-88c0-cf2100dfc4ee","","checkpoint-status","not-started","","","TRUE","TRUE","Site QA","Floor Finishes","WING B1","B.49A ENSUITE","Carpet / Vinyl","Installer Sign Off: Carpet / Vinyl installed as per manufacturer's instructions"
"8500f371-ac0a-5968-b35c-d44514fb4c82","","checkpoint-status","not-started","","","TRUE","TRUE","Site QA","Floor Finishes","WING B1","B.49A ENSUITE","Carpet / Vinyl","Add-Floors Sign Off"
"94f540ba-0a93-54ed-8dd2-9927de1ea1ad","","checkpoint-status","not-started","","","TRUE","TRUE","Site QA","Floor Finishes","WING B1","B.49A ENSUITE","Carpet / Vinyl","Foreman installation sign off"
"a956a40e-6ab1-519f-9f25-ab642115bfe9","","checkpoint-group","not-started","","","FALSE","FALSE","Site QA","Floor Finishes","WING B1","B.49A ENSUITE","Wall Finish"
"c3ad4b6b-7857-5639-9ce3-e71aa8f49a19","","checkpoint-status","not-started","","","TRUE","TRUE","Site QA","Floor Finishes","WING B1","B.49A ENSUITE","Wall Finish","Wall Finish installed as per plan"
"628081eb-d27d-51ae-a716-9450e378159a","","checkpoint-group","not-started","","","FALSE","FALSE","Site QA","Floor Finishes","WING B1","B.49A ENSUITE","Protection and Handover"
"c0bb044c-52c3-5d64-a06e-df5574e88df3","","checkpoint-status","not-started","","","TRUE","TRUE","Site QA","Floor Finishes","WING B1","B.49A ENSUITE","Protection and Handover","Installation complete, checked and reviewed - as per specification"
"77b13b26-6afa-5df7-98d8-46cb6bf1d0ef","","checkpoint-status","not-started","","","TRUE","TRUE","Site QA","Floor Finishes","WING B1","B.49A ENSUITE","Protection and Handover","Floor protected with bubbleweave floor protection or polyweave"
"1ede51bc-03dc-570a-8129-c5c4a1ffa716","","checkpoint-status","not-started","","","TRUE","TRUE","Site QA","Floor Finishes","WING B1","B.49A ENSUITE","Protection and Handover","Installer Sign Off: Protection installed as per manufacturer's instructions"
"14e5ea99-3011-41f6-b70e-8499af3e2a3c","","checklist-sectioned","not-started","5a8a68d1221a9e608c282940756e19ac2c3c1dd54ffd7888cef6f74664a05c9a","checklist","FALSE","FALSE","Site QA","Floor Finishes","WING B1","B.50 BED"
"396ab11f-1716-54b8-bfbc-2537b0fc44c2","","checkpoint-group","not-started","","","FALSE","FALSE","Site QA","Floor Finishes","WING B1","B.50 BED","Subfloor, Floor Preparation, Adhesive"
"7fe1d008-35fb-5126-814a-ca637f4aae72","","checkpoint-status","not-started","","","TRUE","TRUE","Site QA","Floor Finishes","WING B1","B.50 BED","Subfloor, Floor Preparation, Adhesive","Confirm area of work is accessible & acceptable to commence (If not comment below)"
"8deec06f-df22-56be-9287-cc4b7c391978","","checkpoint-status","not-started","","","TRUE","TRUE","Site QA","Floor Finishes","WING B1","B.50 BED","Subfloor, Floor Preparation, Adhesive","Subfloor mechanically diamond ground"
"80c4fae4-053a-4e1d-bc2d-81d0a188f8b4","","checkpoint-status","not-started","","","TRUE","TRUE","Site QA","Floor Finishes","WING B1","B.50 BED","Subfloor, Floor Preparation, Adhesive","Floor preparation product installed in accordance with manufacturer's instructions"
"c123ec97-cf3e-5e02-bbf6-bffd3fb2a878","","checkpoint-status","not-started","","","TRUE","TRUE","Site QA","Floor Finishes","WING B1","B.50 BED","Subfloor, Floor Preparation, Adhesive","Floor transitions installed as per instructions from builder"
"d09025e9-bfda-4bcf-b3b6-8e691911a59a","","checkpoint-status","not-started","","","TRUE","TRUE","Site QA","Floor Finishes","WING B1","B.50 BED","Subfloor, Floor Preparation, Adhesive","Waterproof tested for falls, and water test completed by waterproofers"
"f0254ad4-9458-56aa-82e2-d2fe22412500","","checkpoint-status","not-started","","","TRUE","TRUE","Site QA","Floor Finishes","WING B1","B.50 BED","Subfloor, Floor Preparation, Adhesive","Correct adhesive used"
"4a8e9c6c-5069-5555-80b7-60f12a3c1d0d","","checkpoint-group","not-started","","","FALSE","FALSE","Site QA","Floor Finishes","WING B1","B.50 BED","Carpet / Vinyl"
"1acbb7a7-7769-5c49-9c49-82910afffd6e","","checkpoint-status","not-started","","","TRUE","TRUE","Site QA","Floor Finishes","WING B1","B.50 BED","Carpet / Vinyl","Confirm area of work is accessible & acceptable to commence (If not comment below)"
"5d97c329-d65f-5d92-a79b-da6ad65335b8","","checkpoint-status","not-started","","","TRUE","TRUE","Site QA","Floor Finishes","WING B1","B.50 BED","Carpet / Vinyl","Vinyl installed as per plan"
"0347053e-af2e-5d6b-9395-64943b7fb947","","checkpoint-status","not-started","","","TRUE","TRUE","Site QA","Floor Finishes","WING B1","B.50 BED","Carpet / Vinyl","Carpet installed as per plan"
"104bfb53-445f-5043-9bc6-e7db15c086bc","","checkpoint-status","not-started","","","TRUE","TRUE","Site QA","Floor Finishes","WING B1","B.50 BED","Carpet / Vinyl","Joints sealed with heat welded seams and mitres as per AS 1884-2012"
"32f01f63-149d-5810-9f6d-f2b5f8970d07","","checkpoint-status","not-started","","","TRUE","TRUE","Site QA","Floor Finishes","WING B1","B.50 BED","Carpet / Vinyl","Vinyl skirt and coving used as per finishes markup - 150mm height"
"5bff5ba5-a998-5616-a7d4-4b4084a62bd7","","checkpoint-status","not-started","","","TRUE","TRUE","Site QA","Floor Finishes","WING B1","B.50 BED","Carpet / Vinyl","Installer Sign Off: Carpet / Vinyl installed as per manufacturer's instructions"
"e571141d-a98b-5812-a9ce-484d39f9efa8","","checkpoint-status","not-started","","","TRUE","TRUE","Site QA","Floor Finishes","WING B1","B.50 BED","Carpet / Vinyl","Add-Floors Sign Off"
"19d28889-c057-5e04-b9d1-511bda23b84d","","checkpoint-status","not-started","","","TRUE","TRUE","Site QA","Floor Finishes","WING B1","B.50 BED","Carpet / Vinyl","Foreman installation sign off"
"5819bfb8-4af6-5932-bb65-3c6e4058235e","","checkpoint-group","not-started","","","FALSE","FALSE","Site QA","Floor Finishes","WING B1","B.50 BED","Wall Finish"
"4786def2-38f7-5047-bce2-08105489b024","","checkpoint-status","not-started","","","TRUE","TRUE","Site QA","Floor Finishes","WING B1","B.50 BED","Wall Finish","Wall Finish installed as per plan"
"661af688-4684-51c8-a81e-f417a8ae2545","","checkpoint-group","not-started","","","FALSE","FALSE","Site QA","Floor Finishes","WING B1","B.50 BED","Protection and Handover"
"ffb566a2-eb7e-5bf0-98cc-29d3113778fa","","checkpoint-status","not-started","","","TRUE","TRUE","Site QA","Floor Finishes","WING B1","B.50 BED","Protection and Handover","Installation complete, checked and reviewed - as per specification"
"fe899e80-8420-5773-b00a-41d68cf83d5a","","checkpoint-status","not-started","","","TRUE","TRUE","Site QA","Floor Finishes","WING B1","B.50 BED","Protection and Handover","Floor protected with bubbleweave floor protection or polyweave"
"439ca23f-3f08-5d58-baf1-14593b7ddc50","","checkpoint-status","not-started","","","TRUE","TRUE","Site QA","Floor Finishes","WING B1","B.50 BED","Protection and Handover","Installer Sign Off: Protection installed as per manufacturer's instructions"
"2f3fdac3-41a4-4429-bb78-26149e9a5b37","","checklist-sectioned","not-started","5a8a68d1221a9e608c282940756e19ac2c3c1dd54ffd7888cef6f74664a05c9a","checklist","FALSE","FALSE","Site QA","Floor Finishes","WING B1","B.50A BED"
"0e9c02de-a4f8-59cd-addf-3fe35c249de5","","checkpoint-group","not-started","","","FALSE","FALSE","Site QA","Floor Finishes","WING B1","B.50A BED","Subfloor, Floor Preparation, Adhesive"
"7c54e15d-be73-574e-a80b-91a2927195f4","","checkpoint-status","not-started","","","TRUE","TRUE","Site QA","Floor Finishes","WING B1","B.50A BED","Subfloor, Floor Preparation, Adhesive","Confirm area of work is accessible & acceptable to commence (If not comment below)"
"506b8f7f-466a-583e-9634-012cd1cd2b65","","checkpoint-status","not-started","","","TRUE","TRUE","Site QA","Floor Finishes","WING B1","B.50A BED","Subfloor, Floor Preparation, Adhesive","Subfloor mechanically diamond ground"
"a7764e67-d0ed-47e9-bf40-59f616b378b5","","checkpoint-status","not-started","","","TRUE","TRUE","Site QA","Floor Finishes","WING B1","B.50A BED","Subfloor, Floor Preparation, Adhesive","Floor preparation product installed in accordance with manufacturer's instructions"
"8e901301-21c0-5108-bcb5-458829c2af4b","","checkpoint-status","not-started","","","TRUE","TRUE","Site QA","Floor Finishes","WING B1","B.50A BED","Subfloor, Floor Preparation, Adhesive","Floor transitions installed as per instructions from builder"
"bb188f40-9696-47aa-af1b-39ff5ada7d91","","checkpoint-status","not-started","","","TRUE","TRUE","Site QA","Floor Finishes","WING B1","B.50A BED","Subfloor, Floor Preparation, Adhesive","Waterproof tested for falls, and water test completed by waterproofers"
"0538585f-aafd-5d3f-b413-e0c0a2ebec74","","checkpoint-status","not-started","","","TRUE","TRUE","Site QA","Floor Finishes","WING B1","B.50A BED","Subfloor, Floor Preparation, Adhesive","Correct adhesive used"
"cd389dcd-d786-5ff2-9958-e44833a07665","","checkpoint-group","not-started","","","FALSE","FALSE","Site QA","Floor Finishes","WING B1","B.50A BED","Carpet / Vinyl"
"76557a5a-8f85-5b1b-b220-4619b3b6c25e","","checkpoint-status","not-started","","","TRUE","TRUE","Site QA","Floor Finishes","WING B1","B.50A BED","Carpet / Vinyl","Confirm area of work is accessible & acceptable to commence (If not comment below)"
"4ba361c3-f7ad-5b54-b563-0d5abba7c6b9","","checkpoint-status","not-started","","","TRUE","TRUE","Site QA","Floor Finishes","WING B1","B.50A BED","Carpet / Vinyl","Vinyl installed as per plan"
"6e6abda5-52e7-56a2-a341-b8185ee6489f","","checkpoint-status","not-started","","","TRUE","TRUE","Site QA","Floor Finishes","WING B1","B.50A BED","Carpet / Vinyl","Carpet installed as per plan"
"a4f155ef-abf8-52be-a4f8-bcd6a38c2107","","checkpoint-status","not-started","","","TRUE","TRUE","Site QA","Floor Finishes","WING B1","B.50A BED","Carpet / Vinyl","Joints sealed with heat welded seams and mitres as per AS 1884-2012"
"7a93d42d-adb9-5cf6-a3fe-5a9c0cb65d14","","checkpoint-status","not-started","","","TRUE","TRUE","Site QA","Floor Finishes","WING B1","B.50A BED","Carpet / Vinyl","Vinyl skirt and coving used as per finishes markup - 150mm height"
"d31c0664-bed0-599d-923e-17b36573cdac","","checkpoint-status","not-started","","","TRUE","TRUE","Site QA","Floor Finishes","WING B1","B.50A BED","Carpet / Vinyl","Installer Sign Off: Carpet / Vinyl installed as per manufacturer's instructions"
"3bec25bc-7667-505c-be3c-e50c3611e18f","","checkpoint-status","not-started","","","TRUE","TRUE","Site QA","Floor Finishes","WING B1","B.50A BED","Carpet / Vinyl","Add-Floors Sign Off"
"96358089-6ced-58a4-9c47-95d6fe7b6cb9","","checkpoint-status","not-started","","","TRUE","TRUE","Site QA","Floor Finishes","WING B1","B.50A BED","Carpet / Vinyl","Foreman installation sign off"
"8c77a2ab-37aa-5490-9577-4d76ed51248a","","checkpoint-group","not-started","","","FALSE","FALSE","Site QA","Floor Finishes","WING B1","B.50A BED","Wall Finish"
"403adeab-65be-5412-9486-063bfe40387d","","checkpoint-status","not-started","","","TRUE","TRUE","Site QA","Floor Finishes","WING B1","B.50A BED","Wall Finish","Wall Finish installed as per plan"
"226b840a-4ebf-5ea1-afd2-334ffdecd2b5","","checkpoint-group","not-started","","","FALSE","FALSE","Site QA","Floor Finishes","WING B1","B.50A BED","Protection and Handover"
"06471088-7140-54a3-b29f-f32e30f8312a","","checkpoint-status","not-started","","","TRUE","TRUE","Site QA","Floor Finishes","WING B1","B.50A BED","Protection and Handover","Installation complete, checked and reviewed - as per specification"
"32fbc543-74fc-587d-9379-a26592ae295d","","checkpoint-status","not-started","","","TRUE","TRUE","Site QA","Floor Finishes","WING B1","B.50A BED","Protection and Handover","Floor protected with bubbleweave floor protection or polyweave"
"843c6cc1-e42a-5ac7-a209-2fc832ed5fc7","","checkpoint-status","not-started","","","TRUE","TRUE","Site QA","Floor Finishes","WING B1","B.50A BED","Protection and Handover","Installer Sign Off: Protection installed as per manufacturer's instructions"
"404f581b-a512-40ce-93bb-f5ee5d61812c","","checklist-sectioned","not-started","5a8a68d1221a9e608c282940756e19ac2c3c1dd54ffd7888cef6f74664a05c9a","checklist","FALSE","FALSE","Site QA","Floor Finishes","WING B1","B.51 BED"
"b7e405be-b18c-574b-a00e-95d14378e3ae","","checkpoint-group","not-started","","","FALSE","FALSE","Site QA","Floor Finishes","WING B1","B.51 BED","Subfloor, Floor Preparation, Adhesive"
"d221c478-0a8f-5e36-8f19-cea041ade77b","","checkpoint-status","not-started","","","TRUE","TRUE","Site QA","Floor Finishes","WING B1","B.51 BED","Subfloor, Floor Preparation, Adhesive","Confirm area of work is accessible & acceptable to commence (If not comment below)"
"6ad76e00-37b2-545a-bf64-e90f20a15df6","","checkpoint-status","not-started","","","TRUE","TRUE","Site QA","Floor Finishes","WING B1","B.51 BED","Subfloor, Floor Preparation, Adhesive","Subfloor mechanically diamond ground"
"bf6975ab-5892-440b-8561-63d7e0c6391c","","checkpoint-status","not-started","","","TRUE","TRUE","Site QA","Floor Finishes","WING B1","B.51 BED","Subfloor, Floor Preparation, Adhesive","Floor preparation product installed in accordance with manufacturer's instructions"
"195894e1-26cf-53a6-ae66-b08300cc1920","","checkpoint-status","not-started","","","TRUE","TRUE","Site QA","Floor Finishes","WING B1","B.51 BED","Subfloor, Floor Preparation, Adhesive","Floor transitions installed as per instructions from builder"
"e6cd02fa-7a33-424d-b946-9121654eefac","","checkpoint-status","not-started","","","TRUE","TRUE","Site QA","Floor Finishes","WING B1","B.51 BED","Subfloor, Floor Preparation, Adhesive","Waterproof tested for falls, and water test completed by waterproofers"
"674e8934-0310-52e6-b37c-2d4c79f11184","","checkpoint-status","not-started","","","TRUE","TRUE","Site QA","Floor Finishes","WING B1","B.51 BED","Subfloor, Floor Preparation, Adhesive","Correct adhesive used"
"b26ba118-918c-5c68-b2b5-4761b1ab23bd","","checkpoint-group","not-started","","","FALSE","FALSE","Site QA","Floor Finishes","WING B1","B.51 BED","Carpet / Vinyl"
"4a5e4a67-f2bf-54cd-beae-b21b630228d8","","checkpoint-status","not-started","","","TRUE","TRUE","Site QA","Floor Finishes","WING B1","B.51 BED","Carpet / Vinyl","Confirm area of work is accessible & acceptable to commence (If not comment below)"
"c3b96f67-54d3-51aa-8fef-43c00a7ec8f3","","checkpoint-status","not-started","","","TRUE","TRUE","Site QA","Floor Finishes","WING B1","B.51 BED","Carpet / Vinyl","Vinyl installed as per plan"
"f01d024f-247e-5baf-840c-7c849d58c322","","checkpoint-status","not-started","","","TRUE","TRUE","Site QA","Floor Finishes","WING B1","B.51 BED","Carpet / Vinyl","Carpet installed as per plan"
"d7c174dd-d22c-53f9-bb13-8d037517c988","","checkpoint-status","not-started","","","TRUE","TRUE","Site QA","Floor Finishes","WING B1","B.51 BED","Carpet / Vinyl","Joints sealed with heat welded seams and mitres as per AS 1884-2012"
"318007c5-d866-5be8-b1a9-62434112c035","","checkpoint-status","not-started","","","TRUE","TRUE","Site QA","Floor Finishes","WING B1","B.51 BED","Carpet / Vinyl","Vinyl skirt and coving used as per finishes markup - 150mm height"
"44d4e93c-ef62-50ea-990b-50c766392bad","","checkpoint-status","not-started","","","TRUE","TRUE","Site QA","Floor Finishes","WING B1","B.51 BED","Carpet / Vinyl","Installer Sign Off: Carpet / Vinyl installed as per manufacturer's instructions"
"d50cfc96-d997-5ffe-a241-9e1c5f484e14","","checkpoint-status","not-started","","","TRUE","TRUE","Site QA","Floor Finishes","WING B1","B.51 BED","Carpet / Vinyl","Add-Floors Sign Off"
"f999961c-cb94-57f7-a298-6cca74f2ff64","","checkpoint-status","not-started","","","TRUE","TRUE","Site QA","Floor Finishes","WING B1","B.51 BED","Carpet / Vinyl","Foreman installation sign off"
"a645dc5b-42af-5388-8e92-8775cb2ec7cb","","checkpoint-group","not-started","","","FALSE","FALSE","Site QA","Floor Finishes","WING B1","B.51 BED","Wall Finish"
"37cffb45-13b0-5022-95b1-89cfd21ad755","","checkpoint-status","not-started","","","TRUE","TRUE","Site QA","Floor Finishes","WING B1","B.51 BED","Wall Finish","Wall Finish installed as per plan"
"b2ef3378-52e4-5e0e-bcea-35d78d3c7f80","","checkpoint-group","not-started","","","FALSE","FALSE","Site QA","Floor Finishes","WING B1","B.51 BED","Protection and Handover"
"aa3b8ad8-20f7-5b12-9261-719f21f75a7a","","checkpoint-status","not-started","","","TRUE","TRUE","Site QA","Floor Finishes","WING B1","B.51 BED","Protection and Handover","Installation complete, checked and reviewed - as per specification"
"455e93e9-7647-51cd-9963-a56e3b081841","","checkpoint-status","not-started","","","TRUE","TRUE","Site QA","Floor Finishes","WING B1","B.51 BED","Protection and Handover","Floor protected with bubbleweave floor protection or polyweave"
"8cab1c70-4117-5eed-8cc1-469170623c69","","checkpoint-status","not-started","","","TRUE","TRUE","Site QA","Floor Finishes","WING B1","B.51 BED","Protection and Handover","Installer Sign Off: Protection installed as per manufacturer's instructions"
"6ab7f64c-274e-4364-86a6-2233d81e46b4","","checklist-sectioned","not-started","5a8a68d1221a9e608c282940756e19ac2c3c1dd54ffd7888cef6f74664a05c9a","checklist","FALSE","FALSE","Site QA","Floor Finishes","WING B1","B.51A ENSUITE"
"8d6af16a-d322-506a-94d9-a49b66d95623","","checkpoint-group","not-started","","","FALSE","FALSE","Site QA","Floor Finishes","WING B1","B.51A ENSUITE","Subfloor, Floor Preparation, Adhesive"
"7ad24d43-c112-5fc8-a855-368a7a6f4ee6","","checkpoint-status","not-started","","","TRUE","TRUE","Site QA","Floor Finishes","WING B1","B.51A ENSUITE","Subfloor, Floor Preparation, Adhesive","Confirm area of work is accessible & acceptable to commence (If not comment below)"
"0f0d1e1b-a0b4-5195-b4bc-af8f38af6fd6","","checkpoint-status","not-started","","","TRUE","TRUE","Site QA","Floor Finishes","WING B1","B.51A ENSUITE","Subfloor, Floor Preparation, Adhesive","Subfloor mechanically diamond ground"
"374672af-2231-493f-9620-6b03eae854c3","","checkpoint-status","not-started","","","TRUE","TRUE","Site QA","Floor Finishes","WING B1","B.51A ENSUITE","Subfloor, Floor Preparation, Adhesive","Floor preparation product installed in accordance with manufacturer's instructions"
"552a166c-6f58-588e-90ad-99831683e215","","checkpoint-status","not-started","","","TRUE","TRUE","Site QA","Floor Finishes","WING B1","B.51A ENSUITE","Subfloor, Floor Preparation, Adhesive","Floor transitions installed as per instructions from builder"
"3ccdb7d3-92ea-4a3f-bc5a-1c0660c204b0","","checkpoint-status","not-started","","","TRUE","TRUE","Site QA","Floor Finishes","WING B1","B.51A ENSUITE","Subfloor, Floor Preparation, Adhesive","Waterproof tested for falls, and water test completed by waterproofers"
"2adf3748-5e65-5f06-8bdb-fdec9ac53f83","","checkpoint-status","not-started","","","TRUE","TRUE","Site QA","Floor Finishes","WING B1","B.51A ENSUITE","Subfloor, Floor Preparation, Adhesive","Correct adhesive used"
"e43dbddb-9cde-564a-84ed-14a130a7f513","","checkpoint-group","not-started","","","FALSE","FALSE","Site QA","Floor Finishes","WING B1","B.51A ENSUITE","Carpet / Vinyl"
"694f7b3d-2b5d-5e4c-9309-04d9f14cf2e2","","checkpoint-status","not-started","","","TRUE","TRUE","Site QA","Floor Finishes","WING B1","B.51A ENSUITE","Carpet / Vinyl","Confirm area of work is accessible & acceptable to commence (If not comment below)"
"7cc91190-67b3-5dd1-90d4-9e51403809cd","","checkpoint-status","not-started","","","TRUE","TRUE","Site QA","Floor Finishes","WING B1","B.51A ENSUITE","Carpet / Vinyl","Vinyl installed as per plan"
"022cddee-98db-55bc-a59b-4663baa69b3c","","checkpoint-status","not-started","","","TRUE","TRUE","Site QA","Floor Finishes","WING B1","B.51A ENSUITE","Carpet / Vinyl","Carpet installed as per plan"
"257d6310-cb9d-5a9d-8d2a-ece8099acdc6","","checkpoint-status","not-started","","","TRUE","TRUE","Site QA","Floor Finishes","WING B1","B.51A ENSUITE","Carpet / Vinyl","Joints sealed with heat welded seams and mitres as per AS 1884-2012"
"8a75fc69-d1bc-56f5-8b7e-14a559272360","","checkpoint-status","not-started","","","TRUE","TRUE","Site QA","Floor Finishes","WING B1","B.51A ENSUITE","Carpet / Vinyl","Vinyl skirt and coving used as per finishes markup - 150mm height"
"f7da8e38-2c1f-5271-bfbd-052bcadd5236","","checkpoint-status","not-started","","","TRUE","TRUE","Site QA","Floor Finishes","WING B1","B.51A ENSUITE","Carpet / Vinyl","Installer Sign Off: Carpet / Vinyl installed as per manufacturer's instructions"
"e033e708-06ce-52ca-940c-ed38b0bcf307","","checkpoint-status","not-started","","","TRUE","TRUE","Site QA","Floor Finishes","WING B1","B.51A ENSUITE","Carpet / Vinyl","Add-Floors Sign Off"
"f93f45f6-83f1-586c-a5e6-fbb92dc6ce94","","checkpoint-status","not-started","","","TRUE","TRUE","Site QA","Floor Finishes","WING B1","B.51A ENSUITE","Carpet / Vinyl","Foreman installation sign off"
"bebe244e-9c57-5a44-8ae9-07515a739e56","","checkpoint-group","not-started","","","FALSE","FALSE","Site QA","Floor Finishes","WING B1","B.51A ENSUITE","Wall Finish"
"a62bc755-ad15-5b69-ac58-43225d311b96","","checkpoint-status","not-started","","","TRUE","TRUE","Site QA","Floor Finishes","WING B1","B.51A ENSUITE","Wall Finish","Wall Finish installed as per plan"
"dcc83d5c-2f30-5cb2-b7fa-c05d5292739c","","checkpoint-group","not-started","","","FALSE","FALSE","Site QA","Floor Finishes","WING B1","B.51A ENSUITE","Protection and Handover"
"aa4764cd-4124-5043-a116-8107c6b87c32","","checkpoint-status","not-started","","","TRUE","TRUE","Site QA","Floor Finishes","WING B1","B.51A ENSUITE","Protection and Handover","Installation complete, checked and reviewed - as per specification"
"fef0ebb6-8a55-5fe4-9545-9fb63a2afa38","","checkpoint-status","not-started","","","TRUE","TRUE","Site QA","Floor Finishes","WING B1","B.51A ENSUITE","Protection and Handover","Floor protected with bubbleweave floor protection or polyweave"
"48b545e8-6da4-5ff2-9e7a-4be679d0175e","","checkpoint-status","not-started","","","TRUE","TRUE","Site QA","Floor Finishes","WING B1","B.51A ENSUITE","Protection and Handover","Installer Sign Off: Protection installed as per manufacturer's instructions"
"ef58f016-92e7-446f-bbed-f5fc77f5e143","","checklist-sectioned","not-started","5a8a68d1221a9e608c282940756e19ac2c3c1dd54ffd7888cef6f74664a05c9a","checklist","FALSE","FALSE","Site QA","Floor Finishes","WING B1","B.53 PAN ROOM"
"c3ef197f-ab98-52e2-bab4-4c588eafc8d6","","checkpoint-group","not-started","","","FALSE","FALSE","Site QA","Floor Finishes","WING B1","B.53 PAN ROOM","Subfloor, Floor Preparation, Adhesive"
"50c5bd03-565e-56ec-9930-f8a4bbbaef84","","checkpoint-status","not-started","","","TRUE","TRUE","Site QA","Floor Finishes","WING B1","B.53 PAN ROOM","Subfloor, Floor Preparation, Adhesive","Confirm area of work is accessible & acceptable to commence (If not comment below)"
"e3477787-074b-5e4c-a69a-e3f937b2f657","","checkpoint-status","not-started","","","TRUE","TRUE","Site QA","Floor Finishes","WING B1","B.53 PAN ROOM","Subfloor, Floor Preparation, Adhesive","Subfloor mechanically diamond ground"
"90b78ed4-a2ab-4714-a5b6-1c3ef847800c","","checkpoint-status","not-started","","","TRUE","TRUE","Site QA","Floor Finishes","WING B1","B.53 PAN ROOM","Subfloor, Floor Preparation, Adhesive","Floor preparation product installed in accordance with manufacturer's instructions"
"1fdc5ec8-a643-50e4-b8f6-950bcbe9cbfa","","checkpoint-status","not-started","","","TRUE","TRUE","Site QA","Floor Finishes","WING B1","B.53 PAN ROOM","Subfloor, Floor Preparation, Adhesive","Floor transitions installed as per instructions from builder"
"121e3f2d-eefc-438c-8fd4-fcfe9a1b20ff","","checkpoint-status","not-started","","","TRUE","TRUE","Site QA","Floor Finishes","WING B1","B.53 PAN ROOM","Subfloor, Floor Preparation, Adhesive","Waterproof tested for falls, and water test completed by waterproofers"
"b2cefd00-6423-5b46-841a-3c17c2306aff","","checkpoint-status","not-started","","","TRUE","TRUE","Site QA","Floor Finishes","WING B1","B.53 PAN ROOM","Subfloor, Floor Preparation, Adhesive","Correct adhesive used"
"06bc7765-18b0-5afc-8799-83315fa927a9","","checkpoint-group","not-started","","","FALSE","FALSE","Site QA","Floor Finishes","WING B1","B.53 PAN ROOM","Carpet / Vinyl"
"6463fce8-7f87-5b5d-aa7a-4fbef68f2842","","checkpoint-status","not-started","","","TRUE","TRUE","Site QA","Floor Finishes","WING B1","B.53 PAN ROOM","Carpet / Vinyl","Confirm area of work is accessible & acceptable to commence (If not comment below)"
"e3a7ff4d-dbe3-5f02-9585-fd601b441672","","checkpoint-status","not-started","","","TRUE","TRUE","Site QA","Floor Finishes","WING B1","B.53 PAN ROOM","Carpet / Vinyl","Vinyl installed as per plan"
"f3d003eb-309e-5f63-92df-deb64dbbc854","","checkpoint-status","not-started","","","TRUE","TRUE","Site QA","Floor Finishes","WING B1","B.53 PAN ROOM","Carpet / Vinyl","Carpet installed as per plan"
"246013a8-7a58-573a-8294-956b108fe6f6","","checkpoint-status","not-started","","","TRUE","TRUE","Site QA","Floor Finishes","WING B1","B.53 PAN ROOM","Carpet / Vinyl","Joints sealed with heat welded seams and mitres as per AS 1884-2012"
"5c355dae-d5a0-5f2a-8e99-d2cdf552e2c3","","checkpoint-status","not-started","","","TRUE","TRUE","Site QA","Floor Finishes","WING B1","B.53 PAN ROOM","Carpet / Vinyl","Vinyl skirt and coving used as per finishes markup - 150mm height"
"899ec4cb-6e82-55fe-96dd-49c72ae09d10","","checkpoint-status","not-started","","","TRUE","TRUE","Site QA","Floor Finishes","WING B1","B.53 PAN ROOM","Carpet / Vinyl","Installer Sign Off: Carpet / Vinyl installed as per manufacturer's instructions"
"04c85363-8ed2-59bd-814f-997396632163","","checkpoint-status","not-started","","","TRUE","TRUE","Site QA","Floor Finishes","WING B1","B.53 PAN ROOM","Carpet / Vinyl","Add-Floors Sign Off"
"9e65f78d-d018-5740-980b-b5bd336cf277","","checkpoint-status","not-started","","","TRUE","TRUE","Site QA","Floor Finishes","WING B1","B.53 PAN ROOM","Carpet / Vinyl","Foreman installation sign off"
"9dc97705-a029-5983-a1ab-0a93a58aaa0a","","checkpoint-group","not-started","","","FALSE","FALSE","Site QA","Floor Finishes","WING B1","B.53 PAN ROOM","Wall Finish"
"1e7f132f-2dc3-50b2-b4e2-616f7dcb6f66","","checkpoint-status","not-started","","","TRUE","TRUE","Site QA","Floor Finishes","WING B1","B.53 PAN ROOM","Wall Finish","Wall Finish installed as per plan"
"f75af173-52f3-5a07-abc0-364c1d1065ca","","checkpoint-group","not-started","","","FALSE","FALSE","Site QA","Floor Finishes","WING B1","B.53 PAN ROOM","Protection and Handover"
"9779512f-b096-5fc2-a53c-a751f835bdec","","checkpoint-status","not-started","","","TRUE","TRUE","Site QA","Floor Finishes","WING B1","B.53 PAN ROOM","Protection and Handover","Installation complete, checked and reviewed - as per specification"
"03021b70-3da0-5df7-80dc-d1741214f971","","checkpoint-status","not-started","","","TRUE","TRUE","Site QA","Floor Finishes","WING B1","B.53 PAN ROOM","Protection and Handover","Floor protected with bubbleweave floor protection or polyweave"
"effd60bc-33ad-5c31-b261-c3ff8515878e","","checkpoint-status","not-started","","","TRUE","TRUE","Site QA","Floor Finishes","WING B1","B.53 PAN ROOM","Protection and Handover","Installer Sign Off: Protection installed as per manufacturer's instructions"
"8cf38bdf-a74d-4cf0-bcfe-317fac127efd","","checklist-sectioned","not-started","5a8a68d1221a9e608c282940756e19ac2c3c1dd54ffd7888cef6f74664a05c9a","checklist","FALSE","FALSE","Site QA","Floor Finishes","WING B1","B.55 STORE"
"41df44cf-6c0f-5931-878c-814c87994024","","checkpoint-group","not-started","","","FALSE","FALSE","Site QA","Floor Finishes","WING B1","B.55 STORE","Subfloor, Floor Preparation, Adhesive"
"0a00c1b1-b739-5ddd-a526-95f4bfa0e415","","checkpoint-status","not-started","","","TRUE","TRUE","Site QA","Floor Finishes","WING B1","B.55 STORE","Subfloor, Floor Preparation, Adhesive","Confirm area of work is accessible & acceptable to commence (If not comment below)"
"94462093-03f3-54ed-9289-60df0802d04a","","checkpoint-status","not-started","","","TRUE","TRUE","Site QA","Floor Finishes","WING B1","B.55 STORE","Subfloor, Floor Preparation, Adhesive","Subfloor mechanically diamond ground"
"1f062e02-3149-4c4b-bfac-784009e7ff73","","checkpoint-status","not-started","","","TRUE","TRUE","Site QA","Floor Finishes","WING B1","B.55 STORE","Subfloor, Floor Preparation, Adhesive","Floor preparation product installed in accordance with manufacturer's instructions"
"b3ffa884-1ce8-51f3-92b4-c1fca2d3e38c","","checkpoint-status","not-started","","","TRUE","TRUE","Site QA","Floor Finishes","WING B1","B.55 STORE","Subfloor, Floor Preparation, Adhesive","Floor transitions installed as per instructions from builder"
"d6453866-e9ff-4a32-b343-bf6c5fae936e","","checkpoint-status","not-started","","","TRUE","TRUE","Site QA","Floor Finishes","WING B1","B.55 STORE","Subfloor, Floor Preparation, Adhesive","Waterproof tested for falls, and water test completed by waterproofers"
"ef1a8038-7e05-5b54-97f1-b179ddf23109","","checkpoint-status","not-started","","","TRUE","TRUE","Site QA","Floor Finishes","WING B1","B.55 STORE","Subfloor, Floor Preparation, Adhesive","Correct adhesive used"
"cee47769-78eb-50cc-8c82-2e3b882bfb0c","","checkpoint-group","not-started","","","FALSE","FALSE","Site QA","Floor Finishes","WING B1","B.55 STORE","Carpet / Vinyl"
"648aebb5-8eb8-5b4d-a91f-d7700699c9d3","","checkpoint-status","not-started","","","TRUE","TRUE","Site QA","Floor Finishes","WING B1","B.55 STORE","Carpet / Vinyl","Confirm area of work is accessible & acceptable to commence (If not comment below)"
"7fb46e8d-1cd6-50ee-9619-383299429219","","checkpoint-status","not-started","","","TRUE","TRUE","Site QA","Floor Finishes","WING B1","B.55 STORE","Carpet / Vinyl","Vinyl installed as per plan"
"f93fd3a9-6e97-5d01-94f5-86e3fbfaa931","","checkpoint-status","not-started","","","TRUE","TRUE","Site QA","Floor Finishes","WING B1","B.55 STORE","Carpet / Vinyl","Carpet installed as per plan"
"0975b555-86f1-5cd4-8e38-b8094fb13e49","","checkpoint-status","not-started","","","TRUE","TRUE","Site QA","Floor Finishes","WING B1","B.55 STORE","Carpet / Vinyl","Joints sealed with heat welded seams and mitres as per AS 1884-2012"
"efa77b61-1d4e-554f-9744-4f36a445d337","","checkpoint-status","not-started","","","TRUE","TRUE","Site QA","Floor Finishes","WING B1","B.55 STORE","Carpet / Vinyl","Vinyl skirt and coving used as per finishes markup - 150mm height"
"73667093-224c-54f0-bc3b-bf0a9e5b6054","","checkpoint-status","not-started","","","TRUE","TRUE","Site QA","Floor Finishes","WING B1","B.55 STORE","Carpet / Vinyl","Installer Sign Off: Carpet / Vinyl installed as per manufacturer's instructions"
"b0cdd383-189c-5083-ab50-65a388994e10","","checkpoint-status","not-started","","","TRUE","TRUE","Site QA","Floor Finishes","WING B1","B.55 STORE","Carpet / Vinyl","Add-Floors Sign Off"
"2aa1610d-3547-58ca-847a-d6959173e955","","checkpoint-status","not-started","","","TRUE","TRUE","Site QA","Floor Finishes","WING B1","B.55 STORE","Carpet / Vinyl","Foreman installation sign off"
"ab285cf0-31b5-5e8e-a078-5f8eb13ecdae","","checkpoint-group","not-started","","","FALSE","FALSE","Site QA","Floor Finishes","WING B1","B.55 STORE","Wall Finish"
"6c470103-db68-5c51-b8e5-798b0622dcda","","checkpoint-status","not-started","","","TRUE","TRUE","Site QA","Floor Finishes","WING B1","B.55 STORE","Wall Finish","Wall Finish installed as per plan"
"24ab0aa3-0799-512c-b249-3834c737fd3e","","checkpoint-group","not-started","","","FALSE","FALSE","Site QA","Floor Finishes","WING B1","B.55 STORE","Protection and Handover"
"4a5a61c3-b1c6-5100-a4a1-f2d410fe47c4","","checkpoint-status","not-started","","","TRUE","TRUE","Site QA","Floor Finishes","WING B1","B.55 STORE","Protection and Handover","Installation complete, checked and reviewed - as per specification"
"1b02edbc-f507-5ac0-b732-db35aca0b543","","checkpoint-status","not-started","","","TRUE","TRUE","Site QA","Floor Finishes","WING B1","B.55 STORE","Protection and Handover","Floor protected with bubbleweave floor protection or polyweave"
"14c6ffd7-3b62-52c9-9b6a-97d014c26f04","","checkpoint-status","not-started","","","TRUE","TRUE","Site QA","Floor Finishes","WING B1","B.55 STORE","Protection and Handover","Installer Sign Off: Protection installed as per manufacturer's instructions"
"eb41a0f6-0f44-4535-ab68-dacc2e3ead39","","checklist-sectioned","not-started","5a8a68d1221a9e608c282940756e19ac2c3c1dd54ffd7888cef6f74664a05c9a","checklist","FALSE","FALSE","Site QA","Floor Finishes","WING B1","B.56 ACTIVITIES"
"a809fa67-99d8-5791-abca-6d59cb329095","","checkpoint-group","not-started","","","FALSE","FALSE","Site QA","Floor Finishes","WING B1","B.56 ACTIVITIES","Subfloor, Floor Preparation, Adhesive"
"67d7e515-21dc-5c43-bbcb-3d00154643c8","","checkpoint-status","not-started","","","TRUE","TRUE","Site QA","Floor Finishes","WING B1","B.56 ACTIVITIES","Subfloor, Floor Preparation, Adhesive","Confirm area of work is accessible & acceptable to commence (If not comment below)"
"854ca30e-75d2-5fa5-9ecb-6d2e89914d84","","checkpoint-status","not-started","","","TRUE","TRUE","Site QA","Floor Finishes","WING B1","B.56 ACTIVITIES","Subfloor, Floor Preparation, Adhesive","Subfloor mechanically diamond ground"
"f09de0c7-91f2-4fcf-b7c8-d74aa7d5d8bf","","checkpoint-status","not-started","","","TRUE","TRUE","Site QA","Floor Finishes","WING B1","B.56 ACTIVITIES","Subfloor, Floor Preparation, Adhesive","Floor preparation product installed in accordance with manufacturer's instructions"
"c909f6f0-1435-522d-82ae-0c103677d500","","checkpoint-status","not-started","","","TRUE","TRUE","Site QA","Floor Finishes","WING B1","B.56 ACTIVITIES","Subfloor, Floor Preparation, Adhesive","Floor transitions installed as per instructions from builder"
"9c45d6ee-6146-49de-a369-1303de1430b9","","checkpoint-status","not-started","","","TRUE","TRUE","Site QA","Floor Finishes","WING B1","B.56 ACTIVITIES","Subfloor, Floor Preparation, Adhesive","Waterproof tested for falls, and water test completed by waterproofers"
"7c44bc3f-39ba-53a4-bfe9-42788104db71","","checkpoint-status","not-started","","","TRUE","TRUE","Site QA","Floor Finishes","WING B1","B.56 ACTIVITIES","Subfloor, Floor Preparation, Adhesive","Correct adhesive used"
"16cb791a-8827-575f-b02d-71d47b7b7b01","","checkpoint-group","not-started","","","FALSE","FALSE","Site QA","Floor Finishes","WING B1","B.56 ACTIVITIES","Carpet / Vinyl"
"6111bb97-612e-5271-b5e6-6afdb0f2e20e","","checkpoint-status","not-started","","","TRUE","TRUE","Site QA","Floor Finishes","WING B1","B.56 ACTIVITIES","Carpet / Vinyl","Confirm area of work is accessible & acceptable to commence (If not comment below)"
"3afb1e87-7b0d-5010-b373-f3ab0e2bf653","","checkpoint-status","not-started","","","TRUE","TRUE","Site QA","Floor Finishes","WING B1","B.56 ACTIVITIES","Carpet / Vinyl","Vinyl installed as per plan"
"a693af60-3f87-5d7d-a48b-93444c9ee1e4","","checkpoint-status","not-started","","","TRUE","TRUE","Site QA","Floor Finishes","WING B1","B.56 ACTIVITIES","Carpet / Vinyl","Carpet installed as per plan"
"5d290a6b-63c9-544b-973a-5bf8152cdc4f","","checkpoint-status","not-started","","","TRUE","TRUE","Site QA","Floor Finishes","WING B1","B.56 ACTIVITIES","Carpet / Vinyl","Joints sealed with heat welded seams and mitres as per AS 1884-2012"
"c01cc8ef-5dc3-58e9-a22f-837455c99cd9","","checkpoint-status","not-started","","","TRUE","TRUE","Site QA","Floor Finishes","WING B1","B.56 ACTIVITIES","Carpet / Vinyl","Vinyl skirt and coving used as per finishes markup - 150mm height"
"6034a73e-cd12-5c3a-a552-284b89e2941c","","checkpoint-status","not-started","","","TRUE","TRUE","Site QA","Floor Finishes","WING B1","B.56 ACTIVITIES","Carpet / Vinyl","Installer Sign Off: Carpet / Vinyl installed as per manufacturer's instructions"
"5bfde075-d7ed-58b8-a09a-bcfb34d3501b","","checkpoint-status","not-started","","","TRUE","TRUE","Site QA","Floor Finishes","WING B1","B.56 ACTIVITIES","Carpet / Vinyl","Add-Floors Sign Off"
"8627b46b-9875-51dd-8c85-bbd61f93d237","","checkpoint-status","not-started","","","TRUE","TRUE","Site QA","Floor Finishes","WING B1","B.56 ACTIVITIES","Carpet / Vinyl","Foreman installation sign off"
"d58960e0-64c4-56a1-8d37-21c146ba9d3e","","checkpoint-group","not-started","","","FALSE","FALSE","Site QA","Floor Finishes","WING B1","B.56 ACTIVITIES","Wall Finish"
"a4609dcb-66cc-588c-9426-77551890a205","","checkpoint-status","not-started","","","TRUE","TRUE","Site QA","Floor Finishes","WING B1","B.56 ACTIVITIES","Wall Finish","Wall Finish installed as per plan"
"5b35cb77-e897-520b-b374-86252c55c5b6","","checkpoint-group","not-started","","","FALSE","FALSE","Site QA","Floor Finishes","WING B1","B.56 ACTIVITIES","Protection and Handover"
"5acb19c7-c7ff-52fb-aebe-623cec60d8a4","","checkpoint-status","not-started","","","TRUE","TRUE","Site QA","Floor Finishes","WING B1","B.56 ACTIVITIES","Protection and Handover","Installation complete, checked and reviewed - as per specification"
"5328ef97-f3aa-58b2-b333-3068b5004e9c","","checkpoint-status","not-started","","","TRUE","TRUE","Site QA","Floor Finishes","WING B1","B.56 ACTIVITIES","Protection and Handover","Floor protected with bubbleweave floor protection or polyweave"
"0fe7dc8f-4846-5600-af92-a647c599472a","","checkpoint-status","not-started","","","TRUE","TRUE","Site QA","Floor Finishes","WING B1","B.56 ACTIVITIES","Protection and Handover","Installer Sign Off: Protection installed as per manufacturer's instructions"
"e8035f23-e83b-4240-87d2-ec777fd74c9e","","checklist-sectioned","not-started","5a8a68d1221a9e608c282940756e19ac2c3c1dd54ffd7888cef6f74664a05c9a","checklist","FALSE","FALSE","Site QA","Floor Finishes","WING B1","B.57 BED"
"03c152a1-5656-526a-8ca6-2cf41606a3d1","","checkpoint-group","not-started","","","FALSE","FALSE","Site QA","Floor Finishes","WING B1","B.57 BED","Subfloor, Floor Preparation, Adhesive"
"7c3902a9-0ab0-5811-a9f9-e07574ce5a2d","","checkpoint-status","not-started","","","TRUE","TRUE","Site QA","Floor Finishes","WING B1","B.57 BED","Subfloor, Floor Preparation, Adhesive","Confirm area of work is accessible & acceptable to commence (If not comment below)"
"48a78728-2f05-5334-b736-d54d8a9a9f2d","","checkpoint-status","not-started","","","TRUE","TRUE","Site QA","Floor Finishes","WING B1","B.57 BED","Subfloor, Floor Preparation, Adhesive","Subfloor mechanically diamond ground"
"53125959-7491-4bee-9bea-6cbeb914f7ce","","checkpoint-status","not-started","","","TRUE","TRUE","Site QA","Floor Finishes","WING B1","B.57 BED","Subfloor, Floor Preparation, Adhesive","Floor preparation product installed in accordance with manufacturer's instructions"
"f82e4610-3348-5125-8708-3089394fdfbb","","checkpoint-status","not-started","","","TRUE","TRUE","Site QA","Floor Finishes","WING B1","B.57 BED","Subfloor, Floor Preparation, Adhesive","Floor transitions installed as per instructions from builder"
"4cf7141c-38c2-4d18-b7c2-3f1d44c513d7","","checkpoint-status","not-started","","","TRUE","TRUE","Site QA","Floor Finishes","WING B1","B.57 BED","Subfloor, Floor Preparation, Adhesive","Waterproof tested for falls, and water test completed by waterproofers"
"64781214-edad-5974-be4e-bda13d093395","","checkpoint-status","not-started","","","TRUE","TRUE","Site QA","Floor Finishes","WING B1","B.57 BED","Subfloor, Floor Preparation, Adhesive","Correct adhesive used"
"9b396054-8e2f-5d46-b05c-ad895e5d8d0c","","checkpoint-group","not-started","","","FALSE","FALSE","Site QA","Floor Finishes","WING B1","B.57 BED","Carpet / Vinyl"
"1ba5ee50-4e6b-5334-9941-dba655d89366","","checkpoint-status","not-started","","","TRUE","TRUE","Site QA","Floor Finishes","WING B1","B.57 BED","Carpet / Vinyl","Confirm area of work is accessible & acceptable to commence (If not comment below)"
"38bca48e-d6dd-5014-9a20-ae9eeb7806ea","","checkpoint-status","not-started","","","TRUE","TRUE","Site QA","Floor Finishes","WING B1","B.57 BED","Carpet / Vinyl","Vinyl installed as per plan"
"c9d70522-5adc-5355-9257-2c277ce21397","","checkpoint-status","not-started","","","TRUE","TRUE","Site QA","Floor Finishes","WING B1","B.57 BED","Carpet / Vinyl","Carpet installed as per plan"
"6d3d01ae-7352-5bed-9e5d-142986d219b4","","checkpoint-status","not-started","","","TRUE","TRUE","Site QA","Floor Finishes","WING B1","B.57 BED","Carpet / Vinyl","Joints sealed with heat welded seams and mitres as per AS 1884-2012"
"b6681e92-ca13-5764-b55d-56809715e6e1","","checkpoint-status","not-started","","","TRUE","TRUE","Site QA","Floor Finishes","WING B1","B.57 BED","Carpet / Vinyl","Vinyl skirt and coving used as per finishes markup - 150mm height"
"f75986ea-1e9c-5af2-a5a5-da19627c53b0","","checkpoint-status","not-started","","","TRUE","TRUE","Site QA","Floor Finishes","WING B1","B.57 BED","Carpet / Vinyl","Installer Sign Off: Carpet / Vinyl installed as per manufacturer's instructions"
"d924b4e2-78c3-55dd-838d-8784ac36233d","","checkpoint-status","not-started","","","TRUE","TRUE","Site QA","Floor Finishes","WING B1","B.57 BED","Carpet / Vinyl","Add-Floors Sign Off"
"15d52b34-aadd-550b-9d0d-523b0e2d2743","","checkpoint-status","not-started","","","TRUE","TRUE","Site QA","Floor Finishes","WING B1","B.57 BED","Carpet / Vinyl","Foreman installation sign off"
"afc96973-f92d-5f8d-8148-e2524abdc84f","","checkpoint-group","not-started","","","FALSE","FALSE","Site QA","Floor Finishes","WING B1","B.57 BED","Wall Finish"
"ac943cf2-6f45-5d0e-90dd-3fa299b3e604","","checkpoint-status","not-started","","","TRUE","TRUE","Site QA","Floor Finishes","WING B1","B.57 BED","Wall Finish","Wall Finish installed as per plan"
"c0350866-c182-55b7-9f3d-5c16c05930a1","","checkpoint-group","not-started","","","FALSE","FALSE","Site QA","Floor Finishes","WING B1","B.57 BED","Protection and Handover"
"0efc8e39-1c23-5387-8958-2cc4e184db72","","checkpoint-status","not-started","","","TRUE","TRUE","Site QA","Floor Finishes","WING B1","B.57 BED","Protection and Handover","Installation complete, checked and reviewed - as per specification"
"d4770b06-3fac-5fd1-8c90-9284be50a143","","checkpoint-status","not-started","","","TRUE","TRUE","Site QA","Floor Finishes","WING B1","B.57 BED","Protection and Handover","Floor protected with bubbleweave floor protection or polyweave"
"9be9a385-02a5-5687-909f-774db278805c","","checkpoint-status","not-started","","","TRUE","TRUE","Site QA","Floor Finishes","WING B1","B.57 BED","Protection and Handover","Installer Sign Off: Protection installed as per manufacturer's instructions"
"25bb4d83-c922-446a-97b1-960efe099fff","","checklist-sectioned","not-started","5a8a68d1221a9e608c282940756e19ac2c3c1dd54ffd7888cef6f74664a05c9a","checklist","FALSE","FALSE","Site QA","Floor Finishes","WING B1","B.57A ENSUITE"
"c8299e0a-8bc0-52c1-9e31-ce170a1fc139","","checkpoint-group","not-started","","","FALSE","FALSE","Site QA","Floor Finishes","WING B1","B.57A ENSUITE","Subfloor, Floor Preparation, Adhesive"
"ab468f10-8ba2-5446-9e3c-2fb97db813ad","","checkpoint-status","not-started","","","TRUE","TRUE","Site QA","Floor Finishes","WING B1","B.57A ENSUITE","Subfloor, Floor Preparation, Adhesive","Confirm area of work is accessible & acceptable to commence (If not comment below)"
"1ac0a298-497e-5b22-abc6-3d9dac6cb955","","checkpoint-status","not-started","","","TRUE","TRUE","Site QA","Floor Finishes","WING B1","B.57A ENSUITE","Subfloor, Floor Preparation, Adhesive","Subfloor mechanically diamond ground"
"71985f20-9cd7-4ff8-8cd2-6db3c251d8cb","","checkpoint-status","not-started","","","TRUE","TRUE","Site QA","Floor Finishes","WING B1","B.57A ENSUITE","Subfloor, Floor Preparation, Adhesive","Floor preparation product installed in accordance with manufacturer's instructions"
"a2126a28-f2e3-544f-8423-3df61272601a","","checkpoint-status","not-started","","","TRUE","TRUE","Site QA","Floor Finishes","WING B1","B.57A ENSUITE","Subfloor, Floor Preparation, Adhesive","Floor transitions installed as per instructions from builder"
"9650ce56-07d3-41a8-b7cf-7c6505e00136","","checkpoint-status","not-started","","","TRUE","TRUE","Site QA","Floor Finishes","WING B1","B.57A ENSUITE","Subfloor, Floor Preparation, Adhesive","Waterproof tested for falls, and water test completed by waterproofers"
"9a68ccee-c0fb-52e2-855c-3d15bd5990d9","","checkpoint-status","not-started","","","TRUE","TRUE","Site QA","Floor Finishes","WING B1","B.57A ENSUITE","Subfloor, Floor Preparation, Adhesive","Correct adhesive used"
"e7bb6925-cd85-57ec-9526-8fe2172b1679","","checkpoint-group","not-started","","","FALSE","FALSE","Site QA","Floor Finishes","WING B1","B.57A ENSUITE","Carpet / Vinyl"
"78144b5f-6a27-5b53-bd51-8c8cfc4910a6","","checkpoint-status","not-started","","","TRUE","TRUE","Site QA","Floor Finishes","WING B1","B.57A ENSUITE","Carpet / Vinyl","Confirm area of work is accessible & acceptable to commence (If not comment below)"
"754d1796-3661-5900-9887-1d3a589ff5fb","","checkpoint-status","not-started","","","TRUE","TRUE","Site QA","Floor Finishes","WING B1","B.57A ENSUITE","Carpet / Vinyl","Vinyl installed as per plan"
"0e5cb1a2-a662-548b-8739-ed1045ca0797","","checkpoint-status","not-started","","","TRUE","TRUE","Site QA","Floor Finishes","WING B1","B.57A ENSUITE","Carpet / Vinyl","Carpet installed as per plan"
"42a6ecba-e97d-50dc-ae72-5465fa2042cf","","checkpoint-status","not-started","","","TRUE","TRUE","Site QA","Floor Finishes","WING B1","B.57A ENSUITE","Carpet / Vinyl","Joints sealed with heat welded seams and mitres as per AS 1884-2012"
"6dec0601-1643-5881-bc05-3daf75a3649e","","checkpoint-status","not-started","","","TRUE","TRUE","Site QA","Floor Finishes","WING B1","B.57A ENSUITE","Carpet / Vinyl","Vinyl skirt and coving used as per finishes markup - 150mm height"
"906a5b44-ec92-5f39-9447-7dc32fa5e11f","","checkpoint-status","not-started","","","TRUE","TRUE","Site QA","Floor Finishes","WING B1","B.57A ENSUITE","Carpet / Vinyl","Installer Sign Off: Carpet / Vinyl installed as per manufacturer's instructions"
"ed74ec3e-71c4-5c27-9f30-81206127c704","","checkpoint-status","not-started","","","TRUE","TRUE","Site QA","Floor Finishes","WING B1","B.57A ENSUITE","Carpet / Vinyl","Add-Floors Sign Off"
"4a2f8d8d-1ecb-507d-876b-1c708c6db06c","","checkpoint-status","not-started","","","TRUE","TRUE","Site QA","Floor Finishes","WING B1","B.57A ENSUITE","Carpet / Vinyl","Foreman installation sign off"
"3ef584d8-4de1-5c6f-8de7-54e51aab282a","","checkpoint-group","not-started","","","FALSE","FALSE","Site QA","Floor Finishes","WING B1","B.57A ENSUITE","Wall Finish"
"3e8166dd-d84b-54a8-8f20-27c0a77672aa","","checkpoint-status","not-started","","","TRUE","TRUE","Site QA","Floor Finishes","WING B1","B.57A ENSUITE","Wall Finish","Wall Finish installed as per plan"
"f2712a65-fdff-5892-9e55-9dd78211bc14","","checkpoint-group","not-started","","","FALSE","FALSE","Site QA","Floor Finishes","WING B1","B.57A ENSUITE","Protection and Handover"
"d14d3b82-8959-534b-a26d-ca91baa1dda0","","checkpoint-status","not-started","","","TRUE","TRUE","Site QA","Floor Finishes","WING B1","B.57A ENSUITE","Protection and Handover","Installation complete, checked and reviewed - as per specification"
"900f773f-3f9c-5514-90db-9678616b69af","","checkpoint-status","not-started","","","TRUE","TRUE","Site QA","Floor Finishes","WING B1","B.57A ENSUITE","Protection and Handover","Floor protected with bubbleweave floor protection or polyweave"
"22b14555-9756-5d0a-a253-2c85642711d0","","checkpoint-status","not-started","","","TRUE","TRUE","Site QA","Floor Finishes","WING B1","B.57A ENSUITE","Protection and Handover","Installer Sign Off: Protection installed as per manufacturer's instructions"
"c10bd2c7-ffad-4a2a-bd13-c76870b61652","","checklist-sectioned","not-started","5a8a68d1221a9e608c282940756e19ac2c3c1dd54ffd7888cef6f74664a05c9a","checklist","FALSE","FALSE","Site QA","Floor Finishes","WING B1","B.58 BED"
"a627a05c-edf5-59fa-8e9b-966736403eb8","","checkpoint-group","not-started","","","FALSE","FALSE","Site QA","Floor Finishes","WING B1","B.58 BED","Subfloor, Floor Preparation, Adhesive"
"c0ad92b0-c441-5f4e-a991-297ff993c500","","checkpoint-status","not-started","","","TRUE","TRUE","Site QA","Floor Finishes","WING B1","B.58 BED","Subfloor, Floor Preparation, Adhesive","Confirm area of work is accessible & acceptable to commence (If not comment below)"
"d0e5449b-a6a1-5ec4-a25f-7ef0e3957353","","checkpoint-status","not-started","","","TRUE","TRUE","Site QA","Floor Finishes","WING B1","B.58 BED","Subfloor, Floor Preparation, Adhesive","Subfloor mechanically diamond ground"
"f8a6f97f-0aad-4e56-a6df-c13cf0eba85d","","checkpoint-status","not-started","","","TRUE","TRUE","Site QA","Floor Finishes","WING B1","B.58 BED","Subfloor, Floor Preparation, Adhesive","Floor preparation product installed in accordance with manufacturer's instructions"
"78e95a43-a9ff-5d74-8dbc-90d9e71d3e32","","checkpoint-status","not-started","","","TRUE","TRUE","Site QA","Floor Finishes","WING B1","B.58 BED","Subfloor, Floor Preparation, Adhesive","Floor transitions installed as per instructions from builder"
"6af07eb6-ee71-4ef0-af26-2753de8e2109","","checkpoint-status","not-started","","","TRUE","TRUE","Site QA","Floor Finishes","WING B1","B.58 BED","Subfloor, Floor Preparation, Adhesive","Waterproof tested for falls, and water test completed by waterproofers"
"a57cddab-bb05-5b44-bfe3-6e8c602b67b8","","checkpoint-status","not-started","","","TRUE","TRUE","Site QA","Floor Finishes","WING B1","B.58 BED","Subfloor, Floor Preparation, Adhesive","Correct adhesive used"
"8011dcd6-50f7-51ca-ab10-1f1cb9374220","","checkpoint-group","not-started","","","FALSE","FALSE","Site QA","Floor Finishes","WING B1","B.58 BED","Carpet / Vinyl"
"edfc4d1b-af69-5f02-ab63-d4aaf1c4ee20","","checkpoint-status","not-started","","","TRUE","TRUE","Site QA","Floor Finishes","WING B1","B.58 BED","Carpet / Vinyl","Confirm area of work is accessible & acceptable to commence (If not comment below)"
"2272e09b-33d6-527d-8ea0-006ea3e7ea43","","checkpoint-status","not-started","","","TRUE","TRUE","Site QA","Floor Finishes","WING B1","B.58 BED","Carpet / Vinyl","Vinyl installed as per plan"
"7cce09a9-64ec-513c-b385-f440a955d0ab","","checkpoint-status","not-started","","","TRUE","TRUE","Site QA","Floor Finishes","WING B1","B.58 BED","Carpet / Vinyl","Carpet installed as per plan"
"e4c3e165-3b6a-525e-99c3-af00d02c6987","","checkpoint-status","not-started","","","TRUE","TRUE","Site QA","Floor Finishes","WING B1","B.58 BED","Carpet / Vinyl","Joints sealed with heat welded seams and mitres as per AS 1884-2012"
"aff03ab4-fed7-5998-9e57-afa78d3d0723","","checkpoint-status","not-started","","","TRUE","TRUE","Site QA","Floor Finishes","WING B1","B.58 BED","Carpet / Vinyl","Vinyl skirt and coving used as per finishes markup - 150mm height"
"6f6ab775-3645-549f-b2cb-71eec3d35d5f","","checkpoint-status","not-started","","","TRUE","TRUE","Site QA","Floor Finishes","WING B1","B.58 BED","Carpet / Vinyl","Installer Sign Off: Carpet / Vinyl installed as per manufacturer's instructions"
"fb5ae8bb-a028-51ba-9f0b-0b049761ccd4","","checkpoint-status","not-started","","","TRUE","TRUE","Site QA","Floor Finishes","WING B1","B.58 BED","Carpet / Vinyl","Add-Floors Sign Off"
"c86a6b8f-c471-54e7-a69f-7b07b17c921f","","checkpoint-status","not-started","","","TRUE","TRUE","Site QA","Floor Finishes","WING B1","B.58 BED","Carpet / Vinyl","Foreman installation sign off"
"3530fd72-536a-5a07-9a0a-41f17117e100","","checkpoint-group","not-started","","","FALSE","FALSE","Site QA","Floor Finishes","WING B1","B.58 BED","Wall Finish"
"3c86864b-56f4-57ef-8e80-93e1ee6617b0","","checkpoint-status","not-started","","","TRUE","TRUE","Site QA","Floor Finishes","WING B1","B.58 BED","Wall Finish","Wall Finish installed as per plan"
"61c40b23-0954-56ca-b451-1ee8ee8faf8d","","checkpoint-group","not-started","","","FALSE","FALSE","Site QA","Floor Finishes","WING B1","B.58 BED","Protection and Handover"
"0132ead0-c001-511d-93a3-6b720b966e5e","","checkpoint-status","not-started","","","TRUE","TRUE","Site QA","Floor Finishes","WING B1","B.58 BED","Protection and Handover","Installation complete, checked and reviewed - as per specification"
"f63e09ef-5d69-5b6e-94d6-1cdb9954d15d","","checkpoint-status","not-started","","","TRUE","TRUE","Site QA","Floor Finishes","WING B1","B.58 BED","Protection and Handover","Floor protected with bubbleweave floor protection or polyweave"
"ce3834f9-76f7-5123-9a48-c20903bb36ba","","checkpoint-status","not-started","","","TRUE","TRUE","Site QA","Floor Finishes","WING B1","B.58 BED","Protection and Handover","Installer Sign Off: Protection installed as per manufacturer's instructions"
"bc9198f6-edfb-4747-b1f0-46fa4dc99da6","","checklist-sectioned","not-started","5a8a68d1221a9e608c282940756e19ac2c3c1dd54ffd7888cef6f74664a05c9a","checklist","FALSE","FALSE","Site QA","Floor Finishes","WING B1","B.58A ENSUITE"
"52fb6197-b00f-517a-853b-1eb83c81a10f","","checkpoint-group","not-started","","","FALSE","FALSE","Site QA","Floor Finishes","WING B1","B.58A ENSUITE","Subfloor, Floor Preparation, Adhesive"
"0f234551-9a4d-57ce-874d-5580e077a8e2","","checkpoint-status","not-started","","","TRUE","TRUE","Site QA","Floor Finishes","WING B1","B.58A ENSUITE","Subfloor, Floor Preparation, Adhesive","Confirm area of work is accessible & acceptable to commence (If not comment below)"
"7dceea82-62d0-549e-a449-ea0c89deb39b","","checkpoint-status","not-started","","","TRUE","TRUE","Site QA","Floor Finishes","WING B1","B.58A ENSUITE","Subfloor, Floor Preparation, Adhesive","Subfloor mechanically diamond ground"
"37f59025-5259-43d9-924e-3c58f4516c2e","","checkpoint-status","not-started","","","TRUE","TRUE","Site QA","Floor Finishes","WING B1","B.58A ENSUITE","Subfloor, Floor Preparation, Adhesive","Floor preparation product installed in accordance with manufacturer's instructions"
"635fcb2e-27b7-565d-85f2-e7be1a7832e9","","checkpoint-status","not-started","","","TRUE","TRUE","Site QA","Floor Finishes","WING B1","B.58A ENSUITE","Subfloor, Floor Preparation, Adhesive","Floor transitions installed as per instructions from builder"
"1ecfbd3f-d120-4373-bf57-604a9fbc1b7f","","checkpoint-status","not-started","","","TRUE","TRUE","Site QA","Floor Finishes","WING B1","B.58A ENSUITE","Subfloor, Floor Preparation, Adhesive","Waterproof tested for falls, and water test completed by waterproofers"
"6f379ffc-7248-59e6-84d4-b5eb2ed1b302","","checkpoint-status","not-started","","","TRUE","TRUE","Site QA","Floor Finishes","WING B1","B.58A ENSUITE","Subfloor, Floor Preparation, Adhesive","Correct adhesive used"
"e16f679f-48f4-56e7-bf8e-ab4407a78313","","checkpoint-group","not-started","","","FALSE","FALSE","Site QA","Floor Finishes","WING B1","B.58A ENSUITE","Carpet / Vinyl"
"d35d8181-66d1-53e1-8102-f5596c9de478","","checkpoint-status","not-started","","","TRUE","TRUE","Site QA","Floor Finishes","WING B1","B.58A ENSUITE","Carpet / Vinyl","Confirm area of work is accessible & acceptable to commence (If not comment below)"
"25e4ecfd-dfee-5642-83bf-f41e0851362b","","checkpoint-status","not-started","","","TRUE","TRUE","Site QA","Floor Finishes","WING B1","B.58A ENSUITE","Carpet / Vinyl","Vinyl installed as per plan"
"f3baa138-7f71-5213-a3e3-6a2e7d954d15","","checkpoint-status","not-started","","","TRUE","TRUE","Site QA","Floor Finishes","WING B1","B.58A ENSUITE","Carpet / Vinyl","Carpet installed as per plan"
"71488ec2-f1bd-5ca7-bd01-ccaa069cd097","","checkpoint-status","not-started","","","TRUE","TRUE","Site QA","Floor Finishes","WING B1","B.58A ENSUITE","Carpet / Vinyl","Joints sealed with heat welded seams and mitres as per AS 1884-2012"
"e4d2a809-333d-5fc9-ae25-f4d9694ec013","","checkpoint-status","not-started","","","TRUE","TRUE","Site QA","Floor Finishes","WING B1","B.58A ENSUITE","Carpet / Vinyl","Vinyl skirt and coving used as per finishes markup - 150mm height"
"01b08bad-5c53-5a9a-9573-4bd426721816","","checkpoint-status","not-started","","","TRUE","TRUE","Site QA","Floor Finishes","WING B1","B.58A ENSUITE","Carpet / Vinyl","Installer Sign Off: Carpet / Vinyl installed as per manufacturer's instructions"
"9466a5ec-cc3e-582c-9ffe-787f7f4a428b","","checkpoint-status","not-started","","","TRUE","TRUE","Site QA","Floor Finishes","WING B1","B.58A ENSUITE","Carpet / Vinyl","Add-Floors Sign Off"
"4d100fa7-d181-5bc3-8244-21eb60d0c81b","","checkpoint-status","not-started","","","TRUE","TRUE","Site QA","Floor Finishes","WING B1","B.58A ENSUITE","Carpet / Vinyl","Foreman installation sign off"
"03a7170c-8c2e-5415-b9e4-12b9ca980759","","checkpoint-group","not-started","","","FALSE","FALSE","Site QA","Floor Finishes","WING B1","B.58A ENSUITE","Wall Finish"
"47c6292c-e067-5eac-817c-434e5666c83e","","checkpoint-status","not-started","","","TRUE","TRUE","Site QA","Floor Finishes","WING B1","B.58A ENSUITE","Wall Finish","Wall Finish installed as per plan"
"fe1a8838-c955-567e-b708-e78cf6595f2a","","checkpoint-group","not-started","","","FALSE","FALSE","Site QA","Floor Finishes","WING B1","B.58A ENSUITE","Protection and Handover"
"2c606168-9ed1-5dc4-a215-0d0c3de50d1b","","checkpoint-status","not-started","","","TRUE","TRUE","Site QA","Floor Finishes","WING B1","B.58A ENSUITE","Protection and Handover","Installation complete, checked and reviewed - as per specification"
"6fc958aa-1398-5ffc-bb57-8bd36b257680","","checkpoint-status","not-started","","","TRUE","TRUE","Site QA","Floor Finishes","WING B1","B.58A ENSUITE","Protection and Handover","Floor protected with bubbleweave floor protection or polyweave"
"cc19edfb-f9ba-51a9-a8b1-475fd3cddc54","","checkpoint-status","not-started","","","TRUE","TRUE","Site QA","Floor Finishes","WING B1","B.58A ENSUITE","Protection and Handover","Installer Sign Off: Protection installed as per manufacturer's instructions"
"406d0002-7201-4684-b98e-3f203b1b017d","","checklist-sectioned","not-started","5a8a68d1221a9e608c282940756e19ac2c3c1dd54ffd7888cef6f74664a05c9a","checklist","FALSE","FALSE","Site QA","Floor Finishes","WING B1","B.59 BED"
"fbcf8b8a-3411-5e84-b521-b45297eceaae","","checkpoint-group","not-started","","","FALSE","FALSE","Site QA","Floor Finishes","WING B1","B.59 BED","Subfloor, Floor Preparation, Adhesive"
"554d1945-68b1-5045-8879-e731c456442f","","checkpoint-status","not-started","","","TRUE","TRUE","Site QA","Floor Finishes","WING B1","B.59 BED","Subfloor, Floor Preparation, Adhesive","Confirm area of work is accessible & acceptable to commence (If not comment below)"
"f127426b-8153-5d62-a727-17b6d341a5cb","","checkpoint-status","not-started","","","TRUE","TRUE","Site QA","Floor Finishes","WING B1","B.59 BED","Subfloor, Floor Preparation, Adhesive","Subfloor mechanically diamond ground"
"f101c3ee-97ca-4ba0-888b-07b87be6fd4a","","checkpoint-status","not-started","","","TRUE","TRUE","Site QA","Floor Finishes","WING B1","B.59 BED","Subfloor, Floor Preparation, Adhesive","Floor preparation product installed in accordance with manufacturer's instructions"
"5c57e79b-0aac-5751-b4f5-edc745f247fb","","checkpoint-status","not-started","","","TRUE","TRUE","Site QA","Floor Finishes","WING B1","B.59 BED","Subfloor, Floor Preparation, Adhesive","Floor transitions installed as per instructions from builder"
"e25415f4-5f61-4e2f-99a0-2542384ef76f","","checkpoint-status","not-started","","","TRUE","TRUE","Site QA","Floor Finishes","WING B1","B.59 BED","Subfloor, Floor Preparation, Adhesive","Waterproof tested for falls, and water test completed by waterproofers"
"348bf242-6349-557e-ae93-87d9b05faa71","","checkpoint-status","not-started","","","TRUE","TRUE","Site QA","Floor Finishes","WING B1","B.59 BED","Subfloor, Floor Preparation, Adhesive","Correct adhesive used"
"953a3347-c089-55b6-a50c-20a3361cd5e0","","checkpoint-group","not-started","","","FALSE","FALSE","Site QA","Floor Finishes","WING B1","B.59 BED","Carpet / Vinyl"
"d9a37959-cfc5-5a4a-8cb0-60059610b1df","","checkpoint-status","not-started","","","TRUE","TRUE","Site QA","Floor Finishes","WING B1","B.59 BED","Carpet / Vinyl","Confirm area of work is accessible & acceptable to commence (If not comment below)"
"2615c2bb-3220-55b5-b089-8c7072d648b5","","checkpoint-status","not-started","","","TRUE","TRUE","Site QA","Floor Finishes","WING B1","B.59 BED","Carpet / Vinyl","Vinyl installed as per plan"
"cd6e37d8-b20a-51d3-a545-d7a69a477443","","checkpoint-status","not-started","","","TRUE","TRUE","Site QA","Floor Finishes","WING B1","B.59 BED","Carpet / Vinyl","Carpet installed as per plan"
"bc28fba0-9639-5fa3-be87-f007781955b9","","checkpoint-status","not-started","","","TRUE","TRUE","Site QA","Floor Finishes","WING B1","B.59 BED","Carpet / Vinyl","Joints sealed with heat welded seams and mitres as per AS 1884-2012"
"fe7735dd-1ef5-54b7-808e-5d856f4e6c3e","","checkpoint-status","not-started","","","TRUE","TRUE","Site QA","Floor Finishes","WING B1","B.59 BED","Carpet / Vinyl","Vinyl skirt and coving used as per finishes markup - 150mm height"
"582ac34a-fad1-59e1-abbd-61b6bfca1fa5","","checkpoint-status","not-started","","","TRUE","TRUE","Site QA","Floor Finishes","WING B1","B.59 BED","Carpet / Vinyl","Installer Sign Off: Carpet / Vinyl installed as per manufacturer's instructions"
"b4956b8a-0198-50e5-8695-bbed40467ef7","","checkpoint-status","not-started","","","TRUE","TRUE","Site QA","Floor Finishes","WING B1","B.59 BED","Carpet / Vinyl","Add-Floors Sign Off"
"505a5d1b-b9d2-5855-a6ff-1ae934f0f69d","","checkpoint-status","not-started","","","TRUE","TRUE","Site QA","Floor Finishes","WING B1","B.59 BED","Carpet / Vinyl","Foreman installation sign off"
"25c7491f-1d15-597e-9fb2-0b0150313362","","checkpoint-group","not-started","","","FALSE","FALSE","Site QA","Floor Finishes","WING B1","B.59 BED","Wall Finish"
"6a573ecf-79fc-5db6-b5d4-08d66b078b16","","checkpoint-status","not-started","","","TRUE","TRUE","Site QA","Floor Finishes","WING B1","B.59 BED","Wall Finish","Wall Finish installed as per plan"
"0a26ca01-52ca-5f26-8a55-6ac22d25d561","","checkpoint-group","not-started","","","FALSE","FALSE","Site QA","Floor Finishes","WING B1","B.59 BED","Protection and Handover"
"7d2c0c70-1187-5916-8ae2-d6fb85bf8222","","checkpoint-status","not-started","","","TRUE","TRUE","Site QA","Floor Finishes","WING B1","B.59 BED","Protection and Handover","Installation complete, checked and reviewed - as per specification"
"fa489acb-21de-5ec1-8d1b-b6514255f04a","","checkpoint-status","not-started","","","TRUE","TRUE","Site QA","Floor Finishes","WING B1","B.59 BED","Protection and Handover","Floor protected with bubbleweave floor protection or polyweave"
"a830d087-1cd2-53fb-a904-cfc4a1b87516","","checkpoint-status","not-started","","","TRUE","TRUE","Site QA","Floor Finishes","WING B1","B.59 BED","Protection and Handover","Installer Sign Off: Protection installed as per manufacturer's instructions"
"81c413a2-446b-4790-8e9a-0d046499e4b7","","checklist-sectioned","not-started","5a8a68d1221a9e608c282940756e19ac2c3c1dd54ffd7888cef6f74664a05c9a","checklist","FALSE","FALSE","Site QA","Floor Finishes","WING B1","B.59A ENSUITE"
"7f63ca8e-81eb-50b1-811f-a677bc703a74","","checkpoint-group","not-started","","","FALSE","FALSE","Site QA","Floor Finishes","WING B1","B.59A ENSUITE","Subfloor, Floor Preparation, Adhesive"
"44dee806-1f70-5f94-a41d-7b92e609fdd3","","checkpoint-status","not-started","","","TRUE","TRUE","Site QA","Floor Finishes","WING B1","B.59A ENSUITE","Subfloor, Floor Preparation, Adhesive","Confirm area of work is accessible & acceptable to commence (If not comment below)"
"dd8bc04b-6cc8-5a80-a6e2-0de08718b8a5","","checkpoint-status","not-started","","","TRUE","TRUE","Site QA","Floor Finishes","WING B1","B.59A ENSUITE","Subfloor, Floor Preparation, Adhesive","Subfloor mechanically diamond ground"
"002efcc2-2a90-43a1-a9c4-0b9235a4725f","","checkpoint-status","not-started","","","TRUE","TRUE","Site QA","Floor Finishes","WING B1","B.59A ENSUITE","Subfloor, Floor Preparation, Adhesive","Floor preparation product installed in accordance with manufacturer's instructions"
"126cba84-e1a1-57b1-b23c-a89b9c7f9fd1","","checkpoint-status","not-started","","","TRUE","TRUE","Site QA","Floor Finishes","WING B1","B.59A ENSUITE","Subfloor, Floor Preparation, Adhesive","Floor transitions installed as per instructions from builder"
"54f11aaa-4a33-4085-9652-0a3323adddcf","","checkpoint-status","not-started","","","TRUE","TRUE","Site QA","Floor Finishes","WING B1","B.59A ENSUITE","Subfloor, Floor Preparation, Adhesive","Waterproof tested for falls, and water test completed by waterproofers"
"6f830ee8-5368-5300-a69a-da5bbe8003f2","","checkpoint-status","not-started","","","TRUE","TRUE","Site QA","Floor Finishes","WING B1","B.59A ENSUITE","Subfloor, Floor Preparation, Adhesive","Correct adhesive used"
"d2607ec4-de9a-5f0f-b348-8b3274a4957e","","checkpoint-group","not-started","","","FALSE","FALSE","Site QA","Floor Finishes","WING B1","B.59A ENSUITE","Carpet / Vinyl"
"3599bf3f-80bc-5f1b-8b71-f277fde5a9ab","","checkpoint-status","not-started","","","TRUE","TRUE","Site QA","Floor Finishes","WING B1","B.59A ENSUITE","Carpet / Vinyl","Confirm area of work is accessible & acceptable to commence (If not comment below)"
"998940ea-e25f-5727-af58-00894fb2a14b","","checkpoint-status","not-started","","","TRUE","TRUE","Site QA","Floor Finishes","WING B1","B.59A ENSUITE","Carpet / Vinyl","Vinyl installed as per plan"
"1cb69b42-3fad-5fd8-82d5-d364c9023848","","checkpoint-status","not-started","","","TRUE","TRUE","Site QA","Floor Finishes","WING B1","B.59A ENSUITE","Carpet / Vinyl","Carpet installed as per plan"
"7c382964-b65a-5153-93f6-35303fd702c8","","checkpoint-status","not-started","","","TRUE","TRUE","Site QA","Floor Finishes","WING B1","B.59A ENSUITE","Carpet / Vinyl","Joints sealed with heat welded seams and mitres as per AS 1884-2012"
"e59486e3-0b42-5bb9-b05e-d5280214ad3a","","checkpoint-status","not-started","","","TRUE","TRUE","Site QA","Floor Finishes","WING B1","B.59A ENSUITE","Carpet / Vinyl","Vinyl skirt and coving used as per finishes markup - 150mm height"
"4f882912-6f3a-5ec2-9222-6ddaaf0096e5","","checkpoint-status","not-started","","","TRUE","TRUE","Site QA","Floor Finishes","WING B1","B.59A ENSUITE","Carpet / Vinyl","Installer Sign Off: Carpet / Vinyl installed as per manufacturer's instructions"
"60b84153-0d4f-5fe3-94ad-8337e224bb56","","checkpoint-status","not-started","","","TRUE","TRUE","Site QA","Floor Finishes","WING B1","B.59A ENSUITE","Carpet / Vinyl","Add-Floors Sign Off"
"705f43e3-f520-57a8-b87a-527768309ecd","","checkpoint-status","not-started","","","TRUE","TRUE","Site QA","Floor Finishes","WING B1","B.59A ENSUITE","Carpet / Vinyl","Foreman installation sign off"
"d7a54ddf-6e20-5e18-ba22-f8669dde0968","","checkpoint-group","not-started","","","FALSE","FALSE","Site QA","Floor Finishes","WING B1","B.59A ENSUITE","Wall Finish"
"deadde2f-b45c-5cfc-97be-8fd544bd8a53","","checkpoint-status","not-started","","","TRUE","TRUE","Site QA","Floor Finishes","WING B1","B.59A ENSUITE","Wall Finish","Wall Finish installed as per plan"
"b7d180a9-5ba2-5b9c-a942-2407c4fed4e9","","checkpoint-group","not-started","","","FALSE","FALSE","Site QA","Floor Finishes","WING B1","B.59A ENSUITE","Protection and Handover"
"b5d69292-e5dd-5305-a9f9-29ac55bbcc8d","","checkpoint-status","not-started","","","TRUE","TRUE","Site QA","Floor Finishes","WING B1","B.59A ENSUITE","Protection and Handover","Installation complete, checked and reviewed - as per specification"
"b554c1a2-4a50-5a26-8086-7e63c044d784","","checkpoint-status","not-started","","","TRUE","TRUE","Site QA","Floor Finishes","WING B1","B.59A ENSUITE","Protection and Handover","Floor protected with bubbleweave floor protection or polyweave"
"a59092c7-4ddd-50e8-8ce6-dd1ac7ede8cb","","checkpoint-status","not-started","","","TRUE","TRUE","Site QA","Floor Finishes","WING B1","B.59A ENSUITE","Protection and Handover","Installer Sign Off: Protection installed as per manufacturer's instructions"
"08e8dba4-b203-46d3-a17a-ae3846d9ed77","","checklist-sectioned","not-started","5a8a68d1221a9e608c282940756e19ac2c3c1dd54ffd7888cef6f74664a05c9a","checklist","FALSE","FALSE","Site QA","Floor Finishes","WING B1","B.60 BED"
"1678735e-1041-5fa3-b522-ace98d8fe9d9","","checkpoint-group","not-started","","","FALSE","FALSE","Site QA","Floor Finishes","WING B1","B.60 BED","Subfloor, Floor Preparation, Adhesive"
"fa93cf2d-f541-5efe-8efe-cc3002aa8d6b","","checkpoint-status","not-started","","","TRUE","TRUE","Site QA","Floor Finishes","WING B1","B.60 BED","Subfloor, Floor Preparation, Adhesive","Confirm area of work is accessible & acceptable to commence (If not comment below)"
"48e27626-f684-5df3-a89f-b1d708fc9d29","","checkpoint-status","not-started","","","TRUE","TRUE","Site QA","Floor Finishes","WING B1","B.60 BED","Subfloor, Floor Preparation, Adhesive","Subfloor mechanically diamond ground"
"34988d38-7c2d-4988-80e9-cf1f13f781dc","","checkpoint-status","not-started","","","TRUE","TRUE","Site QA","Floor Finishes","WING B1","B.60 BED","Subfloor, Floor Preparation, Adhesive","Floor preparation product installed in accordance with manufacturer's instructions"
"77b5206f-18c2-5fe9-b339-ab733a362a9b","","checkpoint-status","not-started","","","TRUE","TRUE","Site QA","Floor Finishes","WING B1","B.60 BED","Subfloor, Floor Preparation, Adhesive","Floor transitions installed as per instructions from builder"
"9966990a-fed4-4a4e-94b8-0cbef046b855","","checkpoint-status","not-started","","","TRUE","TRUE","Site QA","Floor Finishes","WING B1","B.60 BED","Subfloor, Floor Preparation, Adhesive","Waterproof tested for falls, and water test completed by waterproofers"
"9b1f17fa-4dcd-557a-b14a-f66f0d654772","","checkpoint-status","not-started","","","TRUE","TRUE","Site QA","Floor Finishes","WING B1","B.60 BED","Subfloor, Floor Preparation, Adhesive","Correct adhesive used"
"ca4f7c57-ace5-52f5-8273-89ad87f80c53","","checkpoint-group","not-started","","","FALSE","FALSE","Site QA","Floor Finishes","WING B1","B.60 BED","Carpet / Vinyl"
"bfe5b2db-1792-5bc3-980f-fa92de2746d6","","checkpoint-status","not-started","","","TRUE","TRUE","Site QA","Floor Finishes","WING B1","B.60 BED","Carpet / Vinyl","Confirm area of work is accessible & acceptable to commence (If not comment below)"
"f827f1fc-0754-560b-8b89-e03920f92f6a","","checkpoint-status","not-started","","","TRUE","TRUE","Site QA","Floor Finishes","WING B1","B.60 BED","Carpet / Vinyl","Vinyl installed as per plan"
"a324ef4b-82ca-5e51-812c-981a92c49173","","checkpoint-status","not-started","","","TRUE","TRUE","Site QA","Floor Finishes","WING B1","B.60 BED","Carpet / Vinyl","Carpet installed as per plan"
"98116cd0-d5da-52e9-aa5e-8cc0c337b4b3","","checkpoint-status","not-started","","","TRUE","TRUE","Site QA","Floor Finishes","WING B1","B.60 BED","Carpet / Vinyl","Joints sealed with heat welded seams and mitres as per AS 1884-2012"
"a7276161-66fb-52d5-8359-09261d383b68","","checkpoint-status","not-started","","","TRUE","TRUE","Site QA","Floor Finishes","WING B1","B.60 BED","Carpet / Vinyl","Vinyl skirt and coving used as per finishes markup - 150mm height"
"709b3160-e596-511a-9ec3-cfbfb589223d","","checkpoint-status","not-started","","","TRUE","TRUE","Site QA","Floor Finishes","WING B1","B.60 BED","Carpet / Vinyl","Installer Sign Off: Carpet / Vinyl installed as per manufacturer's instructions"
"8506f62a-a8c4-58fe-be56-9fedf03b0741","","checkpoint-status","not-started","","","TRUE","TRUE","Site QA","Floor Finishes","WING B1","B.60 BED","Carpet / Vinyl","Add-Floors Sign Off"
"33f80e58-6056-5755-bedb-fabfed0cfcbe","","checkpoint-status","not-started","","","TRUE","TRUE","Site QA","Floor Finishes","WING B1","B.60 BED","Carpet / Vinyl","Foreman installation sign off"
"4d4dd4e6-f621-5ae1-8493-0e2106649460","","checkpoint-group","not-started","","","FALSE","FALSE","Site QA","Floor Finishes","WING B1","B.60 BED","Wall Finish"
"619ab750-718b-562f-8a90-60d09553cdec","","checkpoint-status","not-started","","","TRUE","TRUE","Site QA","Floor Finishes","WING B1","B.60 BED","Wall Finish","Wall Finish installed as per plan"
"ed8a101f-b6bb-5934-a67b-b1754808b086","","checkpoint-group","not-started","","","FALSE","FALSE","Site QA","Floor Finishes","WING B1","B.60 BED","Protection and Handover"
"bf7523ee-52b5-50a6-b65a-22aaaebb2ff9","","checkpoint-status","not-started","","","TRUE","TRUE","Site QA","Floor Finishes","WING B1","B.60 BED","Protection and Handover","Installation complete, checked and reviewed - as per specification"
"0d885dc6-0d5b-5ce1-862e-f6da434e8f87","","checkpoint-status","not-started","","","TRUE","TRUE","Site QA","Floor Finishes","WING B1","B.60 BED","Protection and Handover","Floor protected with bubbleweave floor protection or polyweave"
"7fe49ece-ad0b-5890-bddf-e67d08af934f","","checkpoint-status","not-started","","","TRUE","TRUE","Site QA","Floor Finishes","WING B1","B.60 BED","Protection and Handover","Installer Sign Off: Protection installed as per manufacturer's instructions"
"59ff1b41-9d74-4f24-8a45-fc7b050da162","","checklist-sectioned","not-started","5a8a68d1221a9e608c282940756e19ac2c3c1dd54ffd7888cef6f74664a05c9a","checklist","FALSE","FALSE","Site QA","Floor Finishes","WING B1","B.60A ENSUITE"
"2e85f71f-3a24-52a6-b8b7-d1bb0b93e585","","checkpoint-group","not-started","","","FALSE","FALSE","Site QA","Floor Finishes","WING B1","B.60A ENSUITE","Subfloor, Floor Preparation, Adhesive"
"73552adb-945e-5ff8-8d5a-634e8da8d557","","checkpoint-status","not-started","","","TRUE","TRUE","Site QA","Floor Finishes","WING B1","B.60A ENSUITE","Subfloor, Floor Preparation, Adhesive","Confirm area of work is accessible & acceptable to commence (If not comment below)"
"8cde5573-8553-516a-828a-0110c16d0270","","checkpoint-status","not-started","","","TRUE","TRUE","Site QA","Floor Finishes","WING B1","B.60A ENSUITE","Subfloor, Floor Preparation, Adhesive","Subfloor mechanically diamond ground"
"0f1b9252-1156-426a-b4c6-9c0b4a5dd0fa","","checkpoint-status","not-started","","","TRUE","TRUE","Site QA","Floor Finishes","WING B1","B.60A ENSUITE","Subfloor, Floor Preparation, Adhesive","Floor preparation product installed in accordance with manufacturer's instructions"
"8ecd7097-b9e5-535b-9cc5-204cf472882e","","checkpoint-status","not-started","","","TRUE","TRUE","Site QA","Floor Finishes","WING B1","B.60A ENSUITE","Subfloor, Floor Preparation, Adhesive","Floor transitions installed as per instructions from builder"
"335d6e47-8ec5-4bf0-a20e-d6d3cb7d680a","","checkpoint-status","not-started","","","TRUE","TRUE","Site QA","Floor Finishes","WING B1","B.60A ENSUITE","Subfloor, Floor Preparation, Adhesive","Waterproof tested for falls, and water test completed by waterproofers"
"f63b85ef-6caf-5fb7-9dd5-532cba98fc94","","checkpoint-status","not-started","","","TRUE","TRUE","Site QA","Floor Finishes","WING B1","B.60A ENSUITE","Subfloor, Floor Preparation, Adhesive","Correct adhesive used"
"5d7a617f-9ed1-5e7c-ad2b-c49f97411df3","","checkpoint-group","not-started","","","FALSE","FALSE","Site QA","Floor Finishes","WING B1","B.60A ENSUITE","Carpet / Vinyl"
"989c74c1-5e90-571c-846f-9757771011bc","","checkpoint-status","not-started","","","TRUE","TRUE","Site QA","Floor Finishes","WING B1","B.60A ENSUITE","Carpet / Vinyl","Confirm area of work is accessible & acceptable to commence (If not comment below)"
"c360f7db-e71f-50f4-be8f-3e4b8300b65d","","checkpoint-status","not-started","","","TRUE","TRUE","Site QA","Floor Finishes","WING B1","B.60A ENSUITE","Carpet / Vinyl","Vinyl installed as per plan"
"4c1e7474-ee7a-5ca2-b1b0-68d1b53f1cb5","","checkpoint-status","not-started","","","TRUE","TRUE","Site QA","Floor Finishes","WING B1","B.60A ENSUITE","Carpet / Vinyl","Carpet installed as per plan"
"56c47b40-d941-58ad-b271-66b9a7ce4dde","","checkpoint-status","not-started","","","TRUE","TRUE","Site QA","Floor Finishes","WING B1","B.60A ENSUITE","Carpet / Vinyl","Joints sealed with heat welded seams and mitres as per AS 1884-2012"
"01e106f4-1cb1-5451-9ed8-fd1f561fa9b1","","checkpoint-status","not-started","","","TRUE","TRUE","Site QA","Floor Finishes","WING B1","B.60A ENSUITE","Carpet / Vinyl","Vinyl skirt and coving used as per finishes markup - 150mm height"
"91b9463b-1f4e-51b3-a57c-637267f23237","","checkpoint-status","not-started","","","TRUE","TRUE","Site QA","Floor Finishes","WING B1","B.60A ENSUITE","Carpet / Vinyl","Installer Sign Off: Carpet / Vinyl installed as per manufacturer's instructions"
"064c41f2-4bdd-5556-8924-be8945a3a5a6","","checkpoint-status","not-started","","","TRUE","TRUE","Site QA","Floor Finishes","WING B1","B.60A ENSUITE","Carpet / Vinyl","Add-Floors Sign Off"
"ed1ff29d-7c16-5ed5-ae95-54b40a12677c","","checkpoint-status","not-started","","","TRUE","TRUE","Site QA","Floor Finishes","WING B1","B.60A ENSUITE","Carpet / Vinyl","Foreman installation sign off"
"22a6a062-f23e-593f-a858-3dd94d961ee8","","checkpoint-group","not-started","","","FALSE","FALSE","Site QA","Floor Finishes","WING B1","B.60A ENSUITE","Wall Finish"
"ae4e777b-1fab-51c0-992d-e251b46383f3","","checkpoint-status","not-started","","","TRUE","TRUE","Site QA","Floor Finishes","WING B1","B.60A ENSUITE","Wall Finish","Wall Finish installed as per plan"
"eaf72ae4-3505-5713-9916-d7fef0f5b284","","checkpoint-group","not-started","","","FALSE","FALSE","Site QA","Floor Finishes","WING B1","B.60A ENSUITE","Protection and Handover"
"fe365c3b-900f-5234-a91c-9024b32e0ce6","","checkpoint-status","not-started","","","TRUE","TRUE","Site QA","Floor Finishes","WING B1","B.60A ENSUITE","Protection and Handover","Installation complete, checked and reviewed - as per specification"
"827ffc01-127f-5207-82be-6059e599b3c3","","checkpoint-status","not-started","","","TRUE","TRUE","Site QA","Floor Finishes","WING B1","B.60A ENSUITE","Protection and Handover","Floor protected with bubbleweave floor protection or polyweave"
"ab7762d1-aed1-57b1-84b4-5feb562fadb9","","checkpoint-status","not-started","","","TRUE","TRUE","Site QA","Floor Finishes","WING B1","B.60A ENSUITE","Protection and Handover","Installer Sign Off: Protection installed as per manufacturer's instructions"
"3bba3153-c0dc-44b5-9911-c7867e617ebb","","checklist-sectioned","not-started","5a8a68d1221a9e608c282940756e19ac2c3c1dd54ffd7888cef6f74664a05c9a","checklist","FALSE","FALSE","Site QA","Floor Finishes","WING B1","B.61 BED"
"049b7c05-a27f-5ea4-b8b2-989ed954a61a","","checkpoint-group","not-started","","","FALSE","FALSE","Site QA","Floor Finishes","WING B1","B.61 BED","Subfloor, Floor Preparation, Adhesive"
"6de1a20f-11d1-59fa-9808-08d58d595dc3","","checkpoint-status","not-started","","","TRUE","TRUE","Site QA","Floor Finishes","WING B1","B.61 BED","Subfloor, Floor Preparation, Adhesive","Confirm area of work is accessible & acceptable to commence (If not comment below)"
"9ad32b8c-e949-5018-90f1-782e2da8d944","","checkpoint-status","not-started","","","TRUE","TRUE","Site QA","Floor Finishes","WING B1","B.61 BED","Subfloor, Floor Preparation, Adhesive","Subfloor mechanically diamond ground"
"79e9285d-9aa7-49ba-846f-edc217ee96a3","","checkpoint-status","not-started","","","TRUE","TRUE","Site QA","Floor Finishes","WING B1","B.61 BED","Subfloor, Floor Preparation, Adhesive","Floor preparation product installed in accordance with manufacturer's instructions"
"d471e088-05ca-5fd6-b257-3e0a385daaab","","checkpoint-status","not-started","","","TRUE","TRUE","Site QA","Floor Finishes","WING B1","B.61 BED","Subfloor, Floor Preparation, Adhesive","Floor transitions installed as per instructions from builder"
"fa4c1901-1d0d-4249-bea7-ecdc36203cd3","","checkpoint-status","not-started","","","TRUE","TRUE","Site QA","Floor Finishes","WING B1","B.61 BED","Subfloor, Floor Preparation, Adhesive","Waterproof tested for falls, and water test completed by waterproofers"
"99fe952d-9059-535f-a105-47762f9903a4","","checkpoint-status","not-started","","","TRUE","TRUE","Site QA","Floor Finishes","WING B1","B.61 BED","Subfloor, Floor Preparation, Adhesive","Correct adhesive used"
"31655ec3-a8d6-5ba1-a806-0e12c50f309c","","checkpoint-group","not-started","","","FALSE","FALSE","Site QA","Floor Finishes","WING B1","B.61 BED","Carpet / Vinyl"
"d408dc22-bc0c-5717-88f1-952c4b4d87ea","","checkpoint-status","not-started","","","TRUE","TRUE","Site QA","Floor Finishes","WING B1","B.61 BED","Carpet / Vinyl","Confirm area of work is accessible & acceptable to commence (If not comment below)"
"dc486f11-e979-51c4-8a57-03e12e1f1af4","","checkpoint-status","not-started","","","TRUE","TRUE","Site QA","Floor Finishes","WING B1","B.61 BED","Carpet / Vinyl","Vinyl installed as per plan"
"77611af7-e48e-55d5-8746-cd284297bf1e","","checkpoint-status","not-started","","","TRUE","TRUE","Site QA","Floor Finishes","WING B1","B.61 BED","Carpet / Vinyl","Carpet installed as per plan"
"bd4f6974-1c56-5cc0-a163-fbfe37ad9587","","checkpoint-status","not-started","","","TRUE","TRUE","Site QA","Floor Finishes","WING B1","B.61 BED","Carpet / Vinyl","Joints sealed with heat welded seams and mitres as per AS 1884-2012"
"665f3171-b9ac-5f4d-ba61-bb943f6c9210","","checkpoint-status","not-started","","","TRUE","TRUE","Site QA","Floor Finishes","WING B1","B.61 BED","Carpet / Vinyl","Vinyl skirt and coving used as per finishes markup - 150mm height"
"f6de6484-cd3b-5876-b243-dd8f3b69b9a7","","checkpoint-status","not-started","","","TRUE","TRUE","Site QA","Floor Finishes","WING B1","B.61 BED","Carpet / Vinyl","Installer Sign Off: Carpet / Vinyl installed as per manufacturer's instructions"
"460cfba0-1709-5ffa-9619-f5eaee999ee7","","checkpoint-status","not-started","","","TRUE","TRUE","Site QA","Floor Finishes","WING B1","B.61 BED","Carpet / Vinyl","Add-Floors Sign Off"
"5155b744-f19d-58f4-bed6-c4f66177d425","","checkpoint-status","not-started","","","TRUE","TRUE","Site QA","Floor Finishes","WING B1","B.61 BED","Carpet / Vinyl","Foreman installation sign off"
"7164337f-ee32-5222-8856-d618651f98a0","","checkpoint-group","not-started","","","FALSE","FALSE","Site QA","Floor Finishes","WING B1","B.61 BED","Wall Finish"
"fda9a8e1-6b9e-52d5-a896-369a49b41fe0","","checkpoint-status","not-started","","","TRUE","TRUE","Site QA","Floor Finishes","WING B1","B.61 BED","Wall Finish","Wall Finish installed as per plan"
"43bd3c90-8ddd-58f0-9299-91b3d368319a","","checkpoint-group","not-started","","","FALSE","FALSE","Site QA","Floor Finishes","WING B1","B.61 BED","Protection and Handover"
"c3a16f79-969e-5f83-896f-eb8cf055770b","","checkpoint-status","not-started","","","TRUE","TRUE","Site QA","Floor Finishes","WING B1","B.61 BED","Protection and Handover","Installation complete, checked and reviewed - as per specification"
"9fdf570a-3a84-5ba3-8c6a-e6e1686fdbdb","","checkpoint-status","not-started","","","TRUE","TRUE","Site QA","Floor Finishes","WING B1","B.61 BED","Protection and Handover","Floor protected with bubbleweave floor protection or polyweave"
"e64cd61b-88ea-5a53-a3ba-21aeed699f95","","checkpoint-status","not-started","","","TRUE","TRUE","Site QA","Floor Finishes","WING B1","B.61 BED","Protection and Handover","Installer Sign Off: Protection installed as per manufacturer's instructions"
"0c2050cf-9b01-4751-97f8-178a68f89b8a","","checklist-sectioned","not-started","5a8a68d1221a9e608c282940756e19ac2c3c1dd54ffd7888cef6f74664a05c9a","checklist","FALSE","FALSE","Site QA","Floor Finishes","WING B1","B.61A ENSUITE"
"b1c0b438-fd4c-5fc5-9a8e-3792403a11d5","","checkpoint-group","not-started","","","FALSE","FALSE","Site QA","Floor Finishes","WING B1","B.61A ENSUITE","Subfloor, Floor Preparation, Adhesive"
"e076f0b0-900a-5853-9de7-a57a8ea0b979","","checkpoint-status","not-started","","","TRUE","TRUE","Site QA","Floor Finishes","WING B1","B.61A ENSUITE","Subfloor, Floor Preparation, Adhesive","Confirm area of work is accessible & acceptable to commence (If not comment below)"
"c4928797-9c62-5a95-a049-1be9a4f586a5","","checkpoint-status","not-started","","","TRUE","TRUE","Site QA","Floor Finishes","WING B1","B.61A ENSUITE","Subfloor, Floor Preparation, Adhesive","Subfloor mechanically diamond ground"
"f9c4f707-8cf1-49c5-ab4f-f43017f1238b","","checkpoint-status","not-started","","","TRUE","TRUE","Site QA","Floor Finishes","WING B1","B.61A ENSUITE","Subfloor, Floor Preparation, Adhesive","Floor preparation product installed in accordance with manufacturer's instructions"
"e5745a2b-02f4-56a3-a4be-dbb2217bdbcd","","checkpoint-status","not-started","","","TRUE","TRUE","Site QA","Floor Finishes","WING B1","B.61A ENSUITE","Subfloor, Floor Preparation, Adhesive","Floor transitions installed as per instructions from builder"
"498c8f27-6ef1-42e8-b573-9dce95fe1609","","checkpoint-status","not-started","","","TRUE","TRUE","Site QA","Floor Finishes","WING B1","B.61A ENSUITE","Subfloor, Floor Preparation, Adhesive","Waterproof tested for falls, and water test completed by waterproofers"
"4149207a-ac49-5ccf-aa49-0b077da9edc2","","checkpoint-status","not-started","","","TRUE","TRUE","Site QA","Floor Finishes","WING B1","B.61A ENSUITE","Subfloor, Floor Preparation, Adhesive","Correct adhesive used"
"047b1edc-8336-5b30-8fd3-3246c5c19e3e","","checkpoint-group","not-started","","","FALSE","FALSE","Site QA","Floor Finishes","WING B1","B.61A ENSUITE","Carpet / Vinyl"
"fcde604f-8c65-5c5d-bbeb-203670b15eaf","","checkpoint-status","not-started","","","TRUE","TRUE","Site QA","Floor Finishes","WING B1","B.61A ENSUITE","Carpet / Vinyl","Confirm area of work is accessible & acceptable to commence (If not comment below)"
"4ad9c61a-199b-5cf8-9141-60211a778b18","","checkpoint-status","not-started","","","TRUE","TRUE","Site QA","Floor Finishes","WING B1","B.61A ENSUITE","Carpet / Vinyl","Vinyl installed as per plan"
"cf9adf58-4975-50e4-8c7a-1956416dd309","","checkpoint-status","not-started","","","TRUE","TRUE","Site QA","Floor Finishes","WING B1","B.61A ENSUITE","Carpet / Vinyl","Carpet installed as per plan"
"da471b73-b586-56fc-b9c1-8a592b1522a2","","checkpoint-status","not-started","","","TRUE","TRUE","Site QA","Floor Finishes","WING B1","B.61A ENSUITE","Carpet / Vinyl","Joints sealed with heat welded seams and mitres as per AS 1884-2012"
"23b33856-2518-59d0-8760-c196cf2e916b","","checkpoint-status","not-started","","","TRUE","TRUE","Site QA","Floor Finishes","WING B1","B.61A ENSUITE","Carpet / Vinyl","Vinyl skirt and coving used as per finishes markup - 150mm height"
"45fb12db-4205-5d9e-b811-fc9b44768fd9","","checkpoint-status","not-started","","","TRUE","TRUE","Site QA","Floor Finishes","WING B1","B.61A ENSUITE","Carpet / Vinyl","Installer Sign Off: Carpet / Vinyl installed as per manufacturer's instructions"
"48901097-fa02-5fa4-80e9-df38118b3b75","","checkpoint-status","not-started","","","TRUE","TRUE","Site QA","Floor Finishes","WING B1","B.61A ENSUITE","Carpet / Vinyl","Add-Floors Sign Off"
"16f51079-e8d2-5fb8-8595-73aa22930fbd","","checkpoint-status","not-started","","","TRUE","TRUE","Site QA","Floor Finishes","WING B1","B.61A ENSUITE","Carpet / Vinyl","Foreman installation sign off"
"3c51711b-77ba-5781-baa8-6e65e7ddb416","","checkpoint-group","not-started","","","FALSE","FALSE","Site QA","Floor Finishes","WING B1","B.61A ENSUITE","Wall Finish"
"16b1a000-60a9-59c6-827b-1746ecef3080","","checkpoint-status","not-started","","","TRUE","TRUE","Site QA","Floor Finishes","WING B1","B.61A ENSUITE","Wall Finish","Wall Finish installed as per plan"
"1fd6e5fb-4548-5e78-841f-2b3871050b5c","","checkpoint-group","not-started","","","FALSE","FALSE","Site QA","Floor Finishes","WING B1","B.61A ENSUITE","Protection and Handover"
"3380df96-1590-5aa1-9763-63c8189a33d7","","checkpoint-status","not-started","","","TRUE","TRUE","Site QA","Floor Finishes","WING B1","B.61A ENSUITE","Protection and Handover","Installation complete, checked and reviewed - as per specification"
"c76bee20-998a-5877-a79e-63d7c9c45190","","checkpoint-status","not-started","","","TRUE","TRUE","Site QA","Floor Finishes","WING B1","B.61A ENSUITE","Protection and Handover","Floor protected with bubbleweave floor protection or polyweave"
"8f2f6309-42f4-56b4-b5bf-3d2ea7f12c92","","checkpoint-status","not-started","","","TRUE","TRUE","Site QA","Floor Finishes","WING B1","B.61A ENSUITE","Protection and Handover","Installer Sign Off: Protection installed as per manufacturer's instructions"
"5b486244-0a05-4b02-9dd3-b88d73aa79a1","","checklist-sectioned","not-started","5a8a68d1221a9e608c282940756e19ac2c3c1dd54ffd7888cef6f74664a05c9a","checklist","FALSE","FALSE","Site QA","Floor Finishes","WING B1","B.62 BED"
"4e572c23-2b91-5699-b207-ea3729fb427f","","checkpoint-group","not-started","","","FALSE","FALSE","Site QA","Floor Finishes","WING B1","B.62 BED","Subfloor, Floor Preparation, Adhesive"
"02503592-0e0f-564f-bb2e-f7906c0a7fc1","","checkpoint-status","not-started","","","TRUE","TRUE","Site QA","Floor Finishes","WING B1","B.62 BED","Subfloor, Floor Preparation, Adhesive","Confirm area of work is accessible & acceptable to commence (If not comment below)"
"652af011-8577-5706-9b06-3dc414c21b6b","","checkpoint-status","not-started","","","TRUE","TRUE","Site QA","Floor Finishes","WING B1","B.62 BED","Subfloor, Floor Preparation, Adhesive","Subfloor mechanically diamond ground"
"7dcf09b3-26ad-4628-b9f9-70824e498073","","checkpoint-status","not-started","","","TRUE","TRUE","Site QA","Floor Finishes","WING B1","B.62 BED","Subfloor, Floor Preparation, Adhesive","Floor preparation product installed in accordance with manufacturer's instructions"
"1acdb714-bdff-5671-92c7-2fe9696f7bcd","","checkpoint-status","not-started","","","TRUE","TRUE","Site QA","Floor Finishes","WING B1","B.62 BED","Subfloor, Floor Preparation, Adhesive","Floor transitions installed as per instructions from builder"
"8e271e44-4d82-4639-9659-3ebada7056f2","","checkpoint-status","not-started","","","TRUE","TRUE","Site QA","Floor Finishes","WING B1","B.62 BED","Subfloor, Floor Preparation, Adhesive","Waterproof tested for falls, and water test completed by waterproofers"
"340b985f-ca1a-59f7-a562-9df72dc6913d","","checkpoint-status","not-started","","","TRUE","TRUE","Site QA","Floor Finishes","WING B1","B.62 BED","Subfloor, Floor Preparation, Adhesive","Correct adhesive used"
"8dea4db5-408c-5ec9-8922-201ac6e629dd","","checkpoint-group","not-started","","","FALSE","FALSE","Site QA","Floor Finishes","WING B1","B.62 BED","Carpet / Vinyl"
"864f472e-42be-5d5b-9bc2-91779bfac060","","checkpoint-status","not-started","","","TRUE","TRUE","Site QA","Floor Finishes","WING B1","B.62 BED","Carpet / Vinyl","Confirm area of work is accessible & acceptable to commence (If not comment below)"
"a22221f3-0266-5c79-9da3-0c6e4d05d8f1","","checkpoint-status","not-started","","","TRUE","TRUE","Site QA","Floor Finishes","WING B1","B.62 BED","Carpet / Vinyl","Vinyl installed as per plan"
"5a6100cb-7df3-58c8-ac79-29ae8c51c1fe","","checkpoint-status","not-started","","","TRUE","TRUE","Site QA","Floor Finishes","WING B1","B.62 BED","Carpet / Vinyl","Carpet installed as per plan"
"6d47d500-a954-50bc-9ea5-1aef30bf8206","","checkpoint-status","not-started","","","TRUE","TRUE","Site QA","Floor Finishes","WING B1","B.62 BED","Carpet / Vinyl","Joints sealed with heat welded seams and mitres as per AS 1884-2012"
"78da7154-1ea8-586e-884c-2769ce08cda0","","checkpoint-status","not-started","","","TRUE","TRUE","Site QA","Floor Finishes","WING B1","B.62 BED","Carpet / Vinyl","Vinyl skirt and coving used as per finishes markup - 150mm height"
"8185e0e7-6820-52c0-9ed4-de57ae6d7c49","","checkpoint-status","not-started","","","TRUE","TRUE","Site QA","Floor Finishes","WING B1","B.62 BED","Carpet / Vinyl","Installer Sign Off: Carpet / Vinyl installed as per manufacturer's instructions"
"430e88be-bd6e-5ffd-a779-0d2be00e5116","","checkpoint-status","not-started","","","TRUE","TRUE","Site QA","Floor Finishes","WING B1","B.62 BED","Carpet / Vinyl","Add-Floors Sign Off"
"5135d7ee-6139-5acc-955a-3630bd3dce99","","checkpoint-status","not-started","","","TRUE","TRUE","Site QA","Floor Finishes","WING B1","B.62 BED","Carpet / Vinyl","Foreman installation sign off"
"166e89b0-a0d4-51b9-a99e-de35bc237e91","","checkpoint-group","not-started","","","FALSE","FALSE","Site QA","Floor Finishes","WING B1","B.62 BED","Wall Finish"
"62098be6-7502-556e-b751-4d475d512ec4","","checkpoint-status","not-started","","","TRUE","TRUE","Site QA","Floor Finishes","WING B1","B.62 BED","Wall Finish","Wall Finish installed as per plan"
"88d05c4c-6272-5b5e-ab0b-31107b95b3f6","","checkpoint-group","not-started","","","FALSE","FALSE","Site QA","Floor Finishes","WING B1","B.62 BED","Protection and Handover"
"dca16b6e-41e9-5cb0-ac4a-b3832a87894f","","checkpoint-status","not-started","","","TRUE","TRUE","Site QA","Floor Finishes","WING B1","B.62 BED","Protection and Handover","Installation complete, checked and reviewed - as per specification"
"d27ebc9b-4437-5fe5-bd9b-34ddce577dfd","","checkpoint-status","not-started","","","TRUE","TRUE","Site QA","Floor Finishes","WING B1","B.62 BED","Protection and Handover","Floor protected with bubbleweave floor protection or polyweave"
"0e2eb212-2867-5b06-8740-5b0e2969fd57","","checkpoint-status","not-started","","","TRUE","TRUE","Site QA","Floor Finishes","WING B1","B.62 BED","Protection and Handover","Installer Sign Off: Protection installed as per manufacturer's instructions"
"82ce9a3c-cd40-4295-b8e4-9a69d1d32520","","checklist-sectioned","not-started","5a8a68d1221a9e608c282940756e19ac2c3c1dd54ffd7888cef6f74664a05c9a","checklist","FALSE","FALSE","Site QA","Floor Finishes","WING B1","B.62A ENSUITE"
"34068234-1615-5801-933e-453d5bf055ec","","checkpoint-group","not-started","","","FALSE","FALSE","Site QA","Floor Finishes","WING B1","B.62A ENSUITE","Subfloor, Floor Preparation, Adhesive"
"56463774-63a4-5748-a583-28bc8c3024bd","","checkpoint-status","not-started","","","TRUE","TRUE","Site QA","Floor Finishes","WING B1","B.62A ENSUITE","Subfloor, Floor Preparation, Adhesive","Confirm area of work is accessible & acceptable to commence (If not comment below)"
"37cb6344-b32c-5a00-8fde-2cf2d2ecba68","","checkpoint-status","not-started","","","TRUE","TRUE","Site QA","Floor Finishes","WING B1","B.62A ENSUITE","Subfloor, Floor Preparation, Adhesive","Subfloor mechanically diamond ground"
"b0b25e3f-6dc5-4332-83dd-03f6e12efbbf","","checkpoint-status","not-started","","","TRUE","TRUE","Site QA","Floor Finishes","WING B1","B.62A ENSUITE","Subfloor, Floor Preparation, Adhesive","Floor preparation product installed in accordance with manufacturer's instructions"
"bf0903cf-af5e-560a-bfa6-1919a09cde7e","","checkpoint-status","not-started","","","TRUE","TRUE","Site QA","Floor Finishes","WING B1","B.62A ENSUITE","Subfloor, Floor Preparation, Adhesive","Floor transitions installed as per instructions from builder"
"28ff96cd-5c34-4bcc-bd98-684d515afb0c","","checkpoint-status","not-started","","","TRUE","TRUE","Site QA","Floor Finishes","WING B1","B.62A ENSUITE","Subfloor, Floor Preparation, Adhesive","Waterproof tested for falls, and water test completed by waterproofers"
"3eb998c9-9638-5fa4-8c66-2732d811c95c","","checkpoint-status","not-started","","","TRUE","TRUE","Site QA","Floor Finishes","WING B1","B.62A ENSUITE","Subfloor, Floor Preparation, Adhesive","Correct adhesive used"
"55be333f-d63b-54f4-9f36-9a9f003f6d78","","checkpoint-group","not-started","","","FALSE","FALSE","Site QA","Floor Finishes","WING B1","B.62A ENSUITE","Carpet / Vinyl"
"0ec3b9a8-a73d-51bc-b26e-da856958e217","","checkpoint-status","not-started","","","TRUE","TRUE","Site QA","Floor Finishes","WING B1","B.62A ENSUITE","Carpet / Vinyl","Confirm area of work is accessible & acceptable to commence (If not comment below)"
"e0652f8f-2b5e-5e41-a363-4abc210aa823","","checkpoint-status","not-started","","","TRUE","TRUE","Site QA","Floor Finishes","WING B1","B.62A ENSUITE","Carpet / Vinyl","Vinyl installed as per plan"
"377220cf-0b2f-56b0-a450-ff03f958031b","","checkpoint-status","not-started","","","TRUE","TRUE","Site QA","Floor Finishes","WING B1","B.62A ENSUITE","Carpet / Vinyl","Carpet installed as per plan"
"5c05bf79-97b1-5415-9dab-cb1c5fde170d","","checkpoint-status","not-started","","","TRUE","TRUE","Site QA","Floor Finishes","WING B1","B.62A ENSUITE","Carpet / Vinyl","Joints sealed with heat welded seams and mitres as per AS 1884-2012"
"c89e124c-f2ec-5f1d-abd2-ade0ae1beca8","","checkpoint-status","not-started","","","TRUE","TRUE","Site QA","Floor Finishes","WING B1","B.62A ENSUITE","Carpet / Vinyl","Vinyl skirt and coving used as per finishes markup - 150mm height"
"7a7a7194-ea8c-5378-af9e-2056ae6fe1b5","","checkpoint-status","not-started","","","TRUE","TRUE","Site QA","Floor Finishes","WING B1","B.62A ENSUITE","Carpet / Vinyl","Installer Sign Off: Carpet / Vinyl installed as per manufacturer's instructions"
"1ed756f3-5c5a-55b4-8a64-5905d7fcf05d","","checkpoint-status","not-started","","","TRUE","TRUE","Site QA","Floor Finishes","WING B1","B.62A ENSUITE","Carpet / Vinyl","Add-Floors Sign Off"
"27885a6e-1887-5e0a-9da2-232366d28a21","","checkpoint-status","not-started","","","TRUE","TRUE","Site QA","Floor Finishes","WING B1","B.62A ENSUITE","Carpet / Vinyl","Foreman installation sign off"
"11ebf807-4e2b-5b2b-9008-ce7979b9c26e","","checkpoint-group","not-started","","","FALSE","FALSE","Site QA","Floor Finishes","WING B1","B.62A ENSUITE","Wall Finish"
"4fc74032-6dd6-5557-b214-6d8824120c05","","checkpoint-status","not-started","","","TRUE","TRUE","Site QA","Floor Finishes","WING B1","B.62A ENSUITE","Wall Finish","Wall Finish installed as per plan"
"34ee806f-ae80-5ecc-8eb2-e4ee078d0861","","checkpoint-group","not-started","","","FALSE","FALSE","Site QA","Floor Finishes","WING B1","B.62A ENSUITE","Protection and Handover"
"5359a1b2-f584-5644-8de0-a8fa7cfd7bb3","","checkpoint-status","not-started","","","TRUE","TRUE","Site QA","Floor Finishes","WING B1","B.62A ENSUITE","Protection and Handover","Installation complete, checked and reviewed - as per specification"
"0fa18396-0125-5cdd-82cd-90bf19850d89","","checkpoint-status","not-started","","","TRUE","TRUE","Site QA","Floor Finishes","WING B1","B.62A ENSUITE","Protection and Handover","Floor protected with bubbleweave floor protection or polyweave"
"48bca8fc-a478-52f8-b52b-fed7a003e77e","","checkpoint-status","not-started","","","TRUE","TRUE","Site QA","Floor Finishes","WING B1","B.62A ENSUITE","Protection and Handover","Installer Sign Off: Protection installed as per manufacturer's instructions"
"295bb35e-310c-460a-bd49-45c739d3ac12","","checklist-sectioned","not-started","5a8a68d1221a9e608c282940756e19ac2c3c1dd54ffd7888cef6f74664a05c9a","checklist","FALSE","FALSE","Site QA","Floor Finishes","WING B1","B.63 BED"
"ea7751d8-7ce9-56dd-aa0f-91766d0bac10","","checkpoint-group","not-started","","","FALSE","FALSE","Site QA","Floor Finishes","WING B1","B.63 BED","Subfloor, Floor Preparation, Adhesive"
"86fc7b72-44c7-5b61-ae0e-0b63d67374b0","","checkpoint-status","not-started","","","TRUE","TRUE","Site QA","Floor Finishes","WING B1","B.63 BED","Subfloor, Floor Preparation, Adhesive","Confirm area of work is accessible & acceptable to commence (If not comment below)"
"423d1b9f-7b27-55ba-9bdd-581c18e8f9b6","","checkpoint-status","not-started","","","TRUE","TRUE","Site QA","Floor Finishes","WING B1","B.63 BED","Subfloor, Floor Preparation, Adhesive","Subfloor mechanically diamond ground"
"699c7bc6-c697-4b25-b920-4530827861aa","","checkpoint-status","not-started","","","TRUE","TRUE","Site QA","Floor Finishes","WING B1","B.63 BED","Subfloor, Floor Preparation, Adhesive","Floor preparation product installed in accordance with manufacturer's instructions"
"669ae540-6a23-5ef8-b281-bfc3a7327879","","checkpoint-status","not-started","","","TRUE","TRUE","Site QA","Floor Finishes","WING B1","B.63 BED","Subfloor, Floor Preparation, Adhesive","Floor transitions installed as per instructions from builder"
"2df7819a-aae3-4d31-86a9-9ff1f68906e4","","checkpoint-status","not-started","","","TRUE","TRUE","Site QA","Floor Finishes","WING B1","B.63 BED","Subfloor, Floor Preparation, Adhesive","Waterproof tested for falls, and water test completed by waterproofers"
"101b24d7-e8ef-5a4c-a1b8-d212bdce54ae","","checkpoint-status","not-started","","","TRUE","TRUE","Site QA","Floor Finishes","WING B1","B.63 BED","Subfloor, Floor Preparation, Adhesive","Correct adhesive used"
"72e9de6a-2038-5d39-8dc8-e9ddb962e131","","checkpoint-group","not-started","","","FALSE","FALSE","Site QA","Floor Finishes","WING B1","B.63 BED","Carpet / Vinyl"
"9b14f4a1-a683-5b1c-aa8d-e71231a6f8a4","","checkpoint-status","not-started","","","TRUE","TRUE","Site QA","Floor Finishes","WING B1","B.63 BED","Carpet / Vinyl","Confirm area of work is accessible & acceptable to commence (If not comment below)"
"b1a662bd-6a6d-560d-9718-5e12e153ad2d","","checkpoint-status","not-started","","","TRUE","TRUE","Site QA","Floor Finishes","WING B1","B.63 BED","Carpet / Vinyl","Vinyl installed as per plan"
"806f99cf-bcf2-5708-8903-ebc46ef93fb8","","checkpoint-status","not-started","","","TRUE","TRUE","Site QA","Floor Finishes","WING B1","B.63 BED","Carpet / Vinyl","Carpet installed as per plan"
"0492b7b3-1ff3-5ecd-ae5b-ffcb454f839e","","checkpoint-status","not-started","","","TRUE","TRUE","Site QA","Floor Finishes","WING B1","B.63 BED","Carpet / Vinyl","Joints sealed with heat welded seams and mitres as per AS 1884-2012"
"93174a34-dc37-518d-b9e2-f2a9927179eb","","checkpoint-status","not-started","","","TRUE","TRUE","Site QA","Floor Finishes","WING B1","B.63 BED","Carpet / Vinyl","Vinyl skirt and coving used as per finishes markup - 150mm height"
"19397784-cc2b-58e0-aa62-45d641df614b","","checkpoint-status","not-started","","","TRUE","TRUE","Site QA","Floor Finishes","WING B1","B.63 BED","Carpet / Vinyl","Installer Sign Off: Carpet / Vinyl installed as per manufacturer's instructions"
"297aecca-79ac-5881-9d09-240ef76cf5b2","","checkpoint-status","not-started","","","TRUE","TRUE","Site QA","Floor Finishes","WING B1","B.63 BED","Carpet / Vinyl","Add-Floors Sign Off"
"072b3234-13b1-5a9b-aabb-d74494d8760e","","checkpoint-status","not-started","","","TRUE","TRUE","Site QA","Floor Finishes","WING B1","B.63 BED","Carpet / Vinyl","Foreman installation sign off"
"bd8506e6-5f59-52c6-8418-b9dd89032708","","checkpoint-group","not-started","","","FALSE","FALSE","Site QA","Floor Finishes","WING B1","B.63 BED","Wall Finish"
"e92b22b0-c51d-55e8-a2e7-8ccfef6608e0","","checkpoint-status","not-started","","","TRUE","TRUE","Site QA","Floor Finishes","WING B1","B.63 BED","Wall Finish","Wall Finish installed as per plan"
"c749b1ee-9238-5d9e-8363-d0878a6a1ff8","","checkpoint-group","not-started","","","FALSE","FALSE","Site QA","Floor Finishes","WING B1","B.63 BED","Protection and Handover"
"8556d714-4e7f-5f03-9892-6677ae9b17dc","","checkpoint-status","not-started","","","TRUE","TRUE","Site QA","Floor Finishes","WING B1","B.63 BED","Protection and Handover","Installation complete, checked and reviewed - as per specification"
"b28ce930-2769-5ea0-9479-90a8683b73a9","","checkpoint-status","not-started","","","TRUE","TRUE","Site QA","Floor Finishes","WING B1","B.63 BED","Protection and Handover","Floor protected with bubbleweave floor protection or polyweave"
"41a3e96e-95cd-58b9-812b-8a0d2d970631","","checkpoint-status","not-started","","","TRUE","TRUE","Site QA","Floor Finishes","WING B1","B.63 BED","Protection and Handover","Installer Sign Off: Protection installed as per manufacturer's instructions"
"5ceb5571-fc76-4ed8-bda2-b1d4cc4a0d17","","checklist-sectioned","not-started","5a8a68d1221a9e608c282940756e19ac2c3c1dd54ffd7888cef6f74664a05c9a","checklist","FALSE","FALSE","Site QA","Floor Finishes","WING B1","B.63A ENSUITE"
"ca28e70a-f61d-5ea9-a3ad-215be76d7564","","checkpoint-group","not-started","","","FALSE","FALSE","Site QA","Floor Finishes","WING B1","B.63A ENSUITE","Subfloor, Floor Preparation, Adhesive"
"a23d1b19-a867-598f-b9d1-5c0194426c88","","checkpoint-status","not-started","","","TRUE","TRUE","Site QA","Floor Finishes","WING B1","B.63A ENSUITE","Subfloor, Floor Preparation, Adhesive","Confirm area of work is accessible & acceptable to commence (If not comment below)"
"e22e63c7-7eaa-51d5-abb0-5f6a0b735601","","checkpoint-status","not-started","","","TRUE","TRUE","Site QA","Floor Finishes","WING B1","B.63A ENSUITE","Subfloor, Floor Preparation, Adhesive","Subfloor mechanically diamond ground"
"6d2946f3-14f6-4303-8b8c-8e15da139f4c","","checkpoint-status","not-started","","","TRUE","TRUE","Site QA","Floor Finishes","WING B1","B.63A ENSUITE","Subfloor, Floor Preparation, Adhesive","Floor preparation product installed in accordance with manufacturer's instructions"
"472b3957-a7b9-5c2c-9ad3-93fcf7d24187","","checkpoint-status","not-started","","","TRUE","TRUE","Site QA","Floor Finishes","WING B1","B.63A ENSUITE","Subfloor, Floor Preparation, Adhesive","Floor transitions installed as per instructions from builder"
"b78ff161-49b2-45d3-b2f7-5c2969555d8d","","checkpoint-status","not-started","","","TRUE","TRUE","Site QA","Floor Finishes","WING B1","B.63A ENSUITE","Subfloor, Floor Preparation, Adhesive","Waterproof tested for falls, and water test completed by waterproofers"
"77cd6ff3-bec6-5ffa-9307-9f7f0e2febc7","","checkpoint-status","not-started","","","TRUE","TRUE","Site QA","Floor Finishes","WING B1","B.63A ENSUITE","Subfloor, Floor Preparation, Adhesive","Correct adhesive used"
"28de04a3-b8b7-512d-97d1-823ca28129b6","","checkpoint-group","not-started","","","FALSE","FALSE","Site QA","Floor Finishes","WING B1","B.63A ENSUITE","Carpet / Vinyl"
"3b091c1f-9436-52f5-81fb-040fe694af32","","checkpoint-status","not-started","","","TRUE","TRUE","Site QA","Floor Finishes","WING B1","B.63A ENSUITE","Carpet / Vinyl","Confirm area of work is accessible & acceptable to commence (If not comment below)"
"8ca5383d-8f96-5adb-8994-f10ec04cca9f","","checkpoint-status","not-started","","","TRUE","TRUE","Site QA","Floor Finishes","WING B1","B.63A ENSUITE","Carpet / Vinyl","Vinyl installed as per plan"
"b6b3dd1e-5b7a-54d1-90c8-288ff99cfe23","","checkpoint-status","not-started","","","TRUE","TRUE","Site QA","Floor Finishes","WING B1","B.63A ENSUITE","Carpet / Vinyl","Carpet installed as per plan"
"9feb5b0b-fac6-5bc6-8ae8-f2f442e969c8","","checkpoint-status","not-started","","","TRUE","TRUE","Site QA","Floor Finishes","WING B1","B.63A ENSUITE","Carpet / Vinyl","Joints sealed with heat welded seams and mitres as per AS 1884-2012"
"cc702578-3265-508c-9bba-8048bbe93d33","","checkpoint-status","not-started","","","TRUE","TRUE","Site QA","Floor Finishes","WING B1","B.63A ENSUITE","Carpet / Vinyl","Vinyl skirt and coving used as per finishes markup - 150mm height"
"2c552f06-c086-50f1-9d4b-66dd3498f2d3","","checkpoint-status","not-started","","","TRUE","TRUE","Site QA","Floor Finishes","WING B1","B.63A ENSUITE","Carpet / Vinyl","Installer Sign Off: Carpet / Vinyl installed as per manufacturer's instructions"
"2d593b1e-3f2d-5931-85d1-0472abcb5736","","checkpoint-status","not-started","","","TRUE","TRUE","Site QA","Floor Finishes","WING B1","B.63A ENSUITE","Carpet / Vinyl","Add-Floors Sign Off"
"b7ef7d5c-fa50-5305-b5ff-edad7893ca53","","checkpoint-status","not-started","","","TRUE","TRUE","Site QA","Floor Finishes","WING B1","B.63A ENSUITE","Carpet / Vinyl","Foreman installation sign off"
"081ca71b-ca77-59c3-bb2c-954c84949c72","","checkpoint-group","not-started","","","FALSE","FALSE","Site QA","Floor Finishes","WING B1","B.63A ENSUITE","Wall Finish"
"0bbd6c9c-b4ff-53da-afb6-fd986abbff00","","checkpoint-status","not-started","","","TRUE","TRUE","Site QA","Floor Finishes","WING B1","B.63A ENSUITE","Wall Finish","Wall Finish installed as per plan"
"7bb3b7c4-10ba-59ff-9ea0-9aa44b314def","","checkpoint-group","not-started","","","FALSE","FALSE","Site QA","Floor Finishes","WING B1","B.63A ENSUITE","Protection and Handover"
"a350afab-41e3-562e-8477-9de31719f14c","","checkpoint-status","not-started","","","TRUE","TRUE","Site QA","Floor Finishes","WING B1","B.63A ENSUITE","Protection and Handover","Installation complete, checked and reviewed - as per specification"
"9ee49788-ba5c-5a00-a2a0-12b70f1eb138","","checkpoint-status","not-started","","","TRUE","TRUE","Site QA","Floor Finishes","WING B1","B.63A ENSUITE","Protection and Handover","Floor protected with bubbleweave floor protection or polyweave"
"672d53c5-0d03-558a-ab77-65fb67ec6135","","checkpoint-status","not-started","","","TRUE","TRUE","Site QA","Floor Finishes","WING B1","B.63A ENSUITE","Protection and Handover","Installer Sign Off: Protection installed as per manufacturer's instructions"
"57c3ab5c-4f56-468e-aabb-9b0d11d64cf3","","checklist-sectioned","not-started","5a8a68d1221a9e608c282940756e19ac2c3c1dd54ffd7888cef6f74664a05c9a","checklist","FALSE","FALSE","Site QA","Floor Finishes","WING B1","B.64 BED"
"2e247b22-90f5-5efc-901e-0e2fbc330bef","","checkpoint-group","not-started","","","FALSE","FALSE","Site QA","Floor Finishes","WING B1","B.64 BED","Subfloor, Floor Preparation, Adhesive"
"f1d32fdb-fb1b-5e83-8294-914235018b5f","","checkpoint-status","not-started","","","TRUE","TRUE","Site QA","Floor Finishes","WING B1","B.64 BED","Subfloor, Floor Preparation, Adhesive","Confirm area of work is accessible & acceptable to commence (If not comment below)"
"cdb51c24-9b91-5f11-8041-76390dfbdc98","","checkpoint-status","not-started","","","TRUE","TRUE","Site QA","Floor Finishes","WING B1","B.64 BED","Subfloor, Floor Preparation, Adhesive","Subfloor mechanically diamond ground"
"c7ce5978-265e-4381-83e2-0b8f2fb858ff","","checkpoint-status","not-started","","","TRUE","TRUE","Site QA","Floor Finishes","WING B1","B.64 BED","Subfloor, Floor Preparation, Adhesive","Floor preparation product installed in accordance with manufacturer's instructions"
"254b1f26-11ea-5d1c-bfad-6e1ccf6d7b11","","checkpoint-status","not-started","","","TRUE","TRUE","Site QA","Floor Finishes","WING B1","B.64 BED","Subfloor, Floor Preparation, Adhesive","Floor transitions installed as per instructions from builder"
"99dd80aa-9d94-4c7b-8c7d-49288da64218","","checkpoint-status","not-started","","","TRUE","TRUE","Site QA","Floor Finishes","WING B1","B.64 BED","Subfloor, Floor Preparation, Adhesive","Waterproof tested for falls, and water test completed by waterproofers"
"b3776c94-5092-5545-a551-ad25fcacf7e6","","checkpoint-status","not-started","","","TRUE","TRUE","Site QA","Floor Finishes","WING B1","B.64 BED","Subfloor, Floor Preparation, Adhesive","Correct adhesive used"
"67f86b9e-18f0-569d-bef7-daa1dbbc60bc","","checkpoint-group","not-started","","","FALSE","FALSE","Site QA","Floor Finishes","WING B1","B.64 BED","Carpet / Vinyl"
"16ebd929-1439-5505-93fd-e9be6b521509","","checkpoint-status","not-started","","","TRUE","TRUE","Site QA","Floor Finishes","WING B1","B.64 BED","Carpet / Vinyl","Confirm area of work is accessible & acceptable to commence (If not comment below)"
"74220cbe-7569-5a7e-8473-d3b3a50fc84a","","checkpoint-status","not-started","","","TRUE","TRUE","Site QA","Floor Finishes","WING B1","B.64 BED","Carpet / Vinyl","Vinyl installed as per plan"
"f9feca28-4d92-5069-838d-b8606dbacaaa","","checkpoint-status","not-started","","","TRUE","TRUE","Site QA","Floor Finishes","WING B1","B.64 BED","Carpet / Vinyl","Carpet installed as per plan"
"4653c7ab-ad4c-5af4-b026-6cf1b2c05b93","","checkpoint-status","not-started","","","TRUE","TRUE","Site QA","Floor Finishes","WING B1","B.64 BED","Carpet / Vinyl","Joints sealed with heat welded seams and mitres as per AS 1884-2012"
"25fc9df2-0999-5134-adc4-037ebf239ebf","","checkpoint-status","not-started","","","TRUE","TRUE","Site QA","Floor Finishes","WING B1","B.64 BED","Carpet / Vinyl","Vinyl skirt and coving used as per finishes markup - 150mm height"
"911ca8ca-c08d-5e93-b6c3-bd8039a2e9fe","","checkpoint-status","not-started","","","TRUE","TRUE","Site QA","Floor Finishes","WING B1","B.64 BED","Carpet / Vinyl","Installer Sign Off: Carpet / Vinyl installed as per manufacturer's instructions"
"904c4384-a9ad-5041-b6dd-2a2da61a37b2","","checkpoint-status","not-started","","","TRUE","TRUE","Site QA","Floor Finishes","WING B1","B.64 BED","Carpet / Vinyl","Add-Floors Sign Off"
"078ec010-0959-52d2-a318-3b3f2518f174","","checkpoint-status","not-started","","","TRUE","TRUE","Site QA","Floor Finishes","WING B1","B.64 BED","Carpet / Vinyl","Foreman installation sign off"
"b2480b98-9030-5024-86ba-7996dc8ff7b9","","checkpoint-group","not-started","","","FALSE","FALSE","Site QA","Floor Finishes","WING B1","B.64 BED","Wall Finish"
"5895b22c-51be-52b0-9674-449dfb828585","","checkpoint-status","not-started","","","TRUE","TRUE","Site QA","Floor Finishes","WING B1","B.64 BED","Wall Finish","Wall Finish installed as per plan"
"71c7cfcd-90e1-5b24-8df1-4280e868e8ad","","checkpoint-group","not-started","","","FALSE","FALSE","Site QA","Floor Finishes","WING B1","B.64 BED","Protection and Handover"
"1bc7fd67-db56-5426-95df-f4bf60d3cd58","","checkpoint-status","not-started","","","TRUE","TRUE","Site QA","Floor Finishes","WING B1","B.64 BED","Protection and Handover","Installation complete, checked and reviewed - as per specification"
"4c992ee5-36b4-52d7-bab2-0c71e0164d6b","","checkpoint-status","not-started","","","TRUE","TRUE","Site QA","Floor Finishes","WING B1","B.64 BED","Protection and Handover","Floor protected with bubbleweave floor protection or polyweave"
"b2966213-eb0c-5644-afcf-e3bd9d8f3595","","checkpoint-status","not-started","","","TRUE","TRUE","Site QA","Floor Finishes","WING B1","B.64 BED","Protection and Handover","Installer Sign Off: Protection installed as per manufacturer's instructions"
"056d9f03-04e0-41dd-a374-a1395d86ae75","","checklist-sectioned","not-started","5a8a68d1221a9e608c282940756e19ac2c3c1dd54ffd7888cef6f74664a05c9a","checklist","FALSE","FALSE","Site QA","Floor Finishes","WING B1","B.64A ENSUITE"
"c4b1a9bc-54a6-5c36-bcfd-057c91c65706","","checkpoint-group","not-started","","","FALSE","FALSE","Site QA","Floor Finishes","WING B1","B.64A ENSUITE","Subfloor, Floor Preparation, Adhesive"
"e78fbacd-13ce-54c0-b84d-8193f17a7960","","checkpoint-status","not-started","","","TRUE","TRUE","Site QA","Floor Finishes","WING B1","B.64A ENSUITE","Subfloor, Floor Preparation, Adhesive","Confirm area of work is accessible & acceptable to commence (If not comment below)"
"b93481e7-6464-59f7-891b-879340a1b591","","checkpoint-status","not-started","","","TRUE","TRUE","Site QA","Floor Finishes","WING B1","B.64A ENSUITE","Subfloor, Floor Preparation, Adhesive","Subfloor mechanically diamond ground"
"fe295f06-3f99-42be-958b-ef2f28cd7bc4","","checkpoint-status","not-started","","","TRUE","TRUE","Site QA","Floor Finishes","WING B1","B.64A ENSUITE","Subfloor, Floor Preparation, Adhesive","Floor preparation product installed in accordance with manufacturer's instructions"
"1afb3c89-0960-5fe7-a72d-ba679b459725","","checkpoint-status","not-started","","","TRUE","TRUE","Site QA","Floor Finishes","WING B1","B.64A ENSUITE","Subfloor, Floor Preparation, Adhesive","Floor transitions installed as per instructions from builder"
"29ce00ac-8cc0-4ae1-ace7-8f9493bebddb","","checkpoint-status","not-started","","","TRUE","TRUE","Site QA","Floor Finishes","WING B1","B.64A ENSUITE","Subfloor, Floor Preparation, Adhesive","Waterproof tested for falls, and water test completed by waterproofers"
"e76578ff-5c4d-5a33-b539-9797e8ac7484","","checkpoint-status","not-started","","","TRUE","TRUE","Site QA","Floor Finishes","WING B1","B.64A ENSUITE","Subfloor, Floor Preparation, Adhesive","Correct adhesive used"
"1af959a7-1a23-5081-a673-97b8e17f39ec","","checkpoint-group","not-started","","","FALSE","FALSE","Site QA","Floor Finishes","WING B1","B.64A ENSUITE","Carpet / Vinyl"
"e272a762-906b-5c6e-aef5-04cd3036df86","","checkpoint-status","not-started","","","TRUE","TRUE","Site QA","Floor Finishes","WING B1","B.64A ENSUITE","Carpet / Vinyl","Confirm area of work is accessible & acceptable to commence (If not comment below)"
"de6840b7-d7c6-5ad1-8f00-20ae0b30f8cb","","checkpoint-status","not-started","","","TRUE","TRUE","Site QA","Floor Finishes","WING B1","B.64A ENSUITE","Carpet / Vinyl","Vinyl installed as per plan"
"a8dc1380-5e0f-5def-a7a0-9c7361e220b0","","checkpoint-status","not-started","","","TRUE","TRUE","Site QA","Floor Finishes","WING B1","B.64A ENSUITE","Carpet / Vinyl","Carpet installed as per plan"
"8cbcef37-7295-57d8-89e3-a087e25db5d0","","checkpoint-status","not-started","","","TRUE","TRUE","Site QA","Floor Finishes","WING B1","B.64A ENSUITE","Carpet / Vinyl","Joints sealed with heat welded seams and mitres as per AS 1884-2012"
"a406511b-de40-5cb1-9786-a12d075c5075","","checkpoint-status","not-started","","","TRUE","TRUE","Site QA","Floor Finishes","WING B1","B.64A ENSUITE","Carpet / Vinyl","Vinyl skirt and coving used as per finishes markup - 150mm height"
"7934d61a-f5e3-51a3-9888-8897df67fb15","","checkpoint-status","not-started","","","TRUE","TRUE","Site QA","Floor Finishes","WING B1","B.64A ENSUITE","Carpet / Vinyl","Installer Sign Off: Carpet / Vinyl installed as per manufacturer's instructions"
"cedc38f8-3764-5436-8f55-48fd85b93af8","","checkpoint-status","not-started","","","TRUE","TRUE","Site QA","Floor Finishes","WING B1","B.64A ENSUITE","Carpet / Vinyl","Add-Floors Sign Off"
"62260692-9a4a-5509-971a-ec31e50d443d","","checkpoint-status","not-started","","","TRUE","TRUE","Site QA","Floor Finishes","WING B1","B.64A ENSUITE","Carpet / Vinyl","Foreman installation sign off"
"776a19e9-b11e-5ffb-af0d-60f165745bf8","","checkpoint-group","not-started","","","FALSE","FALSE","Site QA","Floor Finishes","WING B1","B.64A ENSUITE","Wall Finish"
"5efc452b-696b-51af-b412-1585b7a92351","","checkpoint-status","not-started","","","TRUE","TRUE","Site QA","Floor Finishes","WING B1","B.64A ENSUITE","Wall Finish","Wall Finish installed as per plan"
"5b59def8-bba2-5cd8-b6fd-7add605874ad","","checkpoint-group","not-started","","","FALSE","FALSE","Site QA","Floor Finishes","WING B1","B.64A ENSUITE","Protection and Handover"
"73407991-6900-59e7-97d4-46134392f534","","checkpoint-status","not-started","","","TRUE","TRUE","Site QA","Floor Finishes","WING B1","B.64A ENSUITE","Protection and Handover","Installation complete, checked and reviewed - as per specification"
"ce2e6242-fb33-5807-8ac4-587de4fc4500","","checkpoint-status","not-started","","","TRUE","TRUE","Site QA","Floor Finishes","WING B1","B.64A ENSUITE","Protection and Handover","Floor protected with bubbleweave floor protection or polyweave"
"e8daa5d6-564c-5fd7-8948-4ec2dea50e6d","","checkpoint-status","not-started","","","TRUE","TRUE","Site QA","Floor Finishes","WING B1","B.64A ENSUITE","Protection and Handover","Installer Sign Off: Protection installed as per manufacturer's instructions"
"54efacfc-5c31-49ab-88c3-9e939693ee94","","checklist-sectioned","not-started","5a8a68d1221a9e608c282940756e19ac2c3c1dd54ffd7888cef6f74664a05c9a","checklist","FALSE","FALSE","Site QA","Floor Finishes","WING B1","B.65 BED"
"c59638f3-d21f-5183-b10b-fc4eebbe969f","","checkpoint-group","not-started","","","FALSE","FALSE","Site QA","Floor Finishes","WING B1","B.65 BED","Subfloor, Floor Preparation, Adhesive"
"a5a943c6-ad31-5437-a1fe-7930acd5b087","","checkpoint-status","not-started","","","TRUE","TRUE","Site QA","Floor Finishes","WING B1","B.65 BED","Subfloor, Floor Preparation, Adhesive","Confirm area of work is accessible & acceptable to commence (If not comment below)"
"d77973c1-91db-59c5-b0f8-f7d334f3422d","","checkpoint-status","not-started","","","TRUE","TRUE","Site QA","Floor Finishes","WING B1","B.65 BED","Subfloor, Floor Preparation, Adhesive","Subfloor mechanically diamond ground"
"650fbf8b-2fb9-42c7-9e5e-3bfca914adc5","","checkpoint-status","not-started","","","TRUE","TRUE","Site QA","Floor Finishes","WING B1","B.65 BED","Subfloor, Floor Preparation, Adhesive","Floor preparation product installed in accordance with manufacturer's instructions"
"94a61aad-45db-5e13-9d54-a34911db3d38","","checkpoint-status","not-started","","","TRUE","TRUE","Site QA","Floor Finishes","WING B1","B.65 BED","Subfloor, Floor Preparation, Adhesive","Floor transitions installed as per instructions from builder"
"12a84ce9-c97d-4bb0-a4c8-8c4bf9a4355e","","checkpoint-status","not-started","","","TRUE","TRUE","Site QA","Floor Finishes","WING B1","B.65 BED","Subfloor, Floor Preparation, Adhesive","Waterproof tested for falls, and water test completed by waterproofers"
"afe37b7c-7f1e-540b-a70e-b7fbf246998c","","checkpoint-status","not-started","","","TRUE","TRUE","Site QA","Floor Finishes","WING B1","B.65 BED","Subfloor, Floor Preparation, Adhesive","Correct adhesive used"
"bc432a79-9a67-50ff-a945-f216eeaeaa2c","","checkpoint-group","not-started","","","FALSE","FALSE","Site QA","Floor Finishes","WING B1","B.65 BED","Carpet / Vinyl"
"415a9638-483e-5f84-82d0-18f0d1fe4808","","checkpoint-status","not-started","","","TRUE","TRUE","Site QA","Floor Finishes","WING B1","B.65 BED","Carpet / Vinyl","Confirm area of work is accessible & acceptable to commence (If not comment below)"
"ab97f713-5aed-52eb-b7ee-82335b0bca90","","checkpoint-status","not-started","","","TRUE","TRUE","Site QA","Floor Finishes","WING B1","B.65 BED","Carpet / Vinyl","Vinyl installed as per plan"
"4132ab65-bc4e-5b16-ae4d-e97a7b292529","","checkpoint-status","not-started","","","TRUE","TRUE","Site QA","Floor Finishes","WING B1","B.65 BED","Carpet / Vinyl","Carpet installed as per plan"
"987090cd-b27d-5e65-9384-eabe3b785852","","checkpoint-status","not-started","","","TRUE","TRUE","Site QA","Floor Finishes","WING B1","B.65 BED","Carpet / Vinyl","Joints sealed with heat welded seams and mitres as per AS 1884-2012"
"87f8c177-074d-535b-89db-9b7e82efdd40","","checkpoint-status","not-started","","","TRUE","TRUE","Site QA","Floor Finishes","WING B1","B.65 BED","Carpet / Vinyl","Vinyl skirt and coving used as per finishes markup - 150mm height"
"a3fee871-8881-544f-bfbc-09a405fb3e6f","","checkpoint-status","not-started","","","TRUE","TRUE","Site QA","Floor Finishes","WING B1","B.65 BED","Carpet / Vinyl","Installer Sign Off: Carpet / Vinyl installed as per manufacturer's instructions"
"6f793cda-5579-590b-99b7-48d16b3a2c3c","","checkpoint-status","not-started","","","TRUE","TRUE","Site QA","Floor Finishes","WING B1","B.65 BED","Carpet / Vinyl","Add-Floors Sign Off"
"fd302a77-1060-5961-954c-dbb61b9593bf","","checkpoint-status","not-started","","","TRUE","TRUE","Site QA","Floor Finishes","WING B1","B.65 BED","Carpet / Vinyl","Foreman installation sign off"
"b840d28d-c957-5e3c-b4fa-73fc0bb3a97c","","checkpoint-group","not-started","","","FALSE","FALSE","Site QA","Floor Finishes","WING B1","B.65 BED","Wall Finish"
"0e72be09-9afc-53d7-a8aa-7aa38173c91c","","checkpoint-status","not-started","","","TRUE","TRUE","Site QA","Floor Finishes","WING B1","B.65 BED","Wall Finish","Wall Finish installed as per plan"
"36cbba81-f9f3-5a4c-b011-12c9faddf0ab","","checkpoint-group","not-started","","","FALSE","FALSE","Site QA","Floor Finishes","WING B1","B.65 BED","Protection and Handover"
"61a1428e-9d4c-518e-865a-d717982bbbd7","","checkpoint-status","not-started","","","TRUE","TRUE","Site QA","Floor Finishes","WING B1","B.65 BED","Protection and Handover","Installation complete, checked and reviewed - as per specification"
"0ed4cd05-8039-5982-b73e-0a26270c9781","","checkpoint-status","not-started","","","TRUE","TRUE","Site QA","Floor Finishes","WING B1","B.65 BED","Protection and Handover","Floor protected with bubbleweave floor protection or polyweave"
"04a96bbf-026c-5969-a0ef-ed62a09ec2e8","","checkpoint-status","not-started","","","TRUE","TRUE","Site QA","Floor Finishes","WING B1","B.65 BED","Protection and Handover","Installer Sign Off: Protection installed as per manufacturer's instructions"
"a8c96d77-4c64-4445-a530-98db3ba67ff1","","checklist-sectioned","not-started","5a8a68d1221a9e608c282940756e19ac2c3c1dd54ffd7888cef6f74664a05c9a","checklist","FALSE","FALSE","Site QA","Floor Finishes","WING B1","B.65A ENSUITE"
"56843d63-2183-5070-939e-70d06e4589cc","","checkpoint-group","not-started","","","FALSE","FALSE","Site QA","Floor Finishes","WING B1","B.65A ENSUITE","Subfloor, Floor Preparation, Adhesive"
"a962b91b-cdc3-5bd2-bfd6-ea4406b40fe5","","checkpoint-status","not-started","","","TRUE","TRUE","Site QA","Floor Finishes","WING B1","B.65A ENSUITE","Subfloor, Floor Preparation, Adhesive","Confirm area of work is accessible & acceptable to commence (If not comment below)"
"41e8efd8-8471-59b4-9aff-642122b5ff6f","","checkpoint-status","not-started","","","TRUE","TRUE","Site QA","Floor Finishes","WING B1","B.65A ENSUITE","Subfloor, Floor Preparation, Adhesive","Subfloor mechanically diamond ground"
"9af6a3ec-6101-44bf-914d-dbb0ac12f117","","checkpoint-status","not-started","","","TRUE","TRUE","Site QA","Floor Finishes","WING B1","B.65A ENSUITE","Subfloor, Floor Preparation, Adhesive","Floor preparation product installed in accordance with manufacturer's instructions"
"e3fce502-3ae1-5727-8d1f-c7636e341f97","","checkpoint-status","not-started","","","TRUE","TRUE","Site QA","Floor Finishes","WING B1","B.65A ENSUITE","Subfloor, Floor Preparation, Adhesive","Floor transitions installed as per instructions from builder"
"68bcf236-6adf-41d0-b68d-294b9566280f","","checkpoint-status","not-started","","","TRUE","TRUE","Site QA","Floor Finishes","WING B1","B.65A ENSUITE","Subfloor, Floor Preparation, Adhesive","Waterproof tested for falls, and water test completed by waterproofers"
"f1cf233c-74dd-580e-a4a0-e4f3fe1d5740","","checkpoint-status","not-started","","","TRUE","TRUE","Site QA","Floor Finishes","WING B1","B.65A ENSUITE","Subfloor, Floor Preparation, Adhesive","Correct adhesive used"
"e95a0f28-ec3d-5a43-9f91-90b465ff7aef","","checkpoint-group","not-started","","","FALSE","FALSE","Site QA","Floor Finishes","WING B1","B.65A ENSUITE","Carpet / Vinyl"
"c34758ba-bf60-5e64-9d7d-bdd819f45f51","","checkpoint-status","not-started","","","TRUE","TRUE","Site QA","Floor Finishes","WING B1","B.65A ENSUITE","Carpet / Vinyl","Confirm area of work is accessible & acceptable to commence (If not comment below)"
"ef3244d7-b260-506b-a76a-546db2e60a6a","","checkpoint-status","not-started","","","TRUE","TRUE","Site QA","Floor Finishes","WING B1","B.65A ENSUITE","Carpet / Vinyl","Vinyl installed as per plan"
"54494e83-5d7e-55c4-bdcd-a03247f35b5f","","checkpoint-status","not-started","","","TRUE","TRUE","Site QA","Floor Finishes","WING B1","B.65A ENSUITE","Carpet / Vinyl","Carpet installed as per plan"
"5d0e1371-e16a-53f0-95fe-ab5e74f8e8cf","","checkpoint-status","not-started","","","TRUE","TRUE","Site QA","Floor Finishes","WING B1","B.65A ENSUITE","Carpet / Vinyl","Joints sealed with heat welded seams and mitres as per AS 1884-2012"
"3d15211c-50f6-54e4-80f6-78a8c1f7ae1f","","checkpoint-status","not-started","","","TRUE","TRUE","Site QA","Floor Finishes","WING B1","B.65A ENSUITE","Carpet / Vinyl","Vinyl skirt and coving used as per finishes markup - 150mm height"
"12f80e58-6cd2-57b1-bcb0-7f6bb61d85e0","","checkpoint-status","not-started","","","TRUE","TRUE","Site QA","Floor Finishes","WING B1","B.65A ENSUITE","Carpet / Vinyl","Installer Sign Off: Carpet / Vinyl installed as per manufacturer's instructions"
"09fd4bac-436a-5686-8d78-69411e236bf1","","checkpoint-status","not-started","","","TRUE","TRUE","Site QA","Floor Finishes","WING B1","B.65A ENSUITE","Carpet / Vinyl","Add-Floors Sign Off"
"b2ea274b-fbf1-5b3f-b9c2-cb0fdd9c4101","","checkpoint-status","not-started","","","TRUE","TRUE","Site QA","Floor Finishes","WING B1","B.65A ENSUITE","Carpet / Vinyl","Foreman installation sign off"
"9b941c98-6fd5-5d03-8c8c-86c58b25022b","","checkpoint-group","not-started","","","FALSE","FALSE","Site QA","Floor Finishes","WING B1","B.65A ENSUITE","Wall Finish"
"e87ecc51-3cac-5f14-bbe1-485c9cb93a22","","checkpoint-status","not-started","","","TRUE","TRUE","Site QA","Floor Finishes","WING B1","B.65A ENSUITE","Wall Finish","Wall Finish installed as per plan"
"ef1ab14f-4474-5904-bb77-acc0962a3889","","checkpoint-group","not-started","","","FALSE","FALSE","Site QA","Floor Finishes","WING B1","B.65A ENSUITE","Protection and Handover"
"a5ab0bc4-d735-5200-a5dc-df495e683e74","","checkpoint-status","not-started","","","TRUE","TRUE","Site QA","Floor Finishes","WING B1","B.65A ENSUITE","Protection and Handover","Installation complete, checked and reviewed - as per specification"
"210039c3-bf59-57eb-836d-bd08fd5fc64c","","checkpoint-status","not-started","","","TRUE","TRUE","Site QA","Floor Finishes","WING B1","B.65A ENSUITE","Protection and Handover","Floor protected with bubbleweave floor protection or polyweave"
"029e7ae0-c7f4-5a2a-8de5-a7dc061cd124","","checkpoint-status","not-started","","","TRUE","TRUE","Site QA","Floor Finishes","WING B1","B.65A ENSUITE","Protection and Handover","Installer Sign Off: Protection installed as per manufacturer's instructions"
"9deb75e0-31ca-42a9-ab45-d18925a6658c","","checklist-sectioned","not-started","5a8a68d1221a9e608c282940756e19ac2c3c1dd54ffd7888cef6f74664a05c9a","checklist","FALSE","FALSE","Site QA","Floor Finishes","WING B1","B.71 ACCESS BED"
"9aaf7666-0728-59dd-b122-ea5a291508aa","","checkpoint-group","not-started","","","FALSE","FALSE","Site QA","Floor Finishes","WING B1","B.71 ACCESS BED","Subfloor, Floor Preparation, Adhesive"
"4e343eb2-27ba-598f-b0f0-19c4aaf0e291","","checkpoint-status","not-started","","","TRUE","TRUE","Site QA","Floor Finishes","WING B1","B.71 ACCESS BED","Subfloor, Floor Preparation, Adhesive","Confirm area of work is accessible & acceptable to commence (If not comment below)"
"0f763bc4-1718-5eac-973c-df82e229f19f","","checkpoint-status","not-started","","","TRUE","TRUE","Site QA","Floor Finishes","WING B1","B.71 ACCESS BED","Subfloor, Floor Preparation, Adhesive","Subfloor mechanically diamond ground"
"1aa2846e-bde4-4ed1-b82f-bf4139d88d35","","checkpoint-status","not-started","","","TRUE","TRUE","Site QA","Floor Finishes","WING B1","B.71 ACCESS BED","Subfloor, Floor Preparation, Adhesive","Floor preparation product installed in accordance with manufacturer's instructions"
"b4658f86-63a4-5743-873a-94f0787edb57","","checkpoint-status","not-started","","","TRUE","TRUE","Site QA","Floor Finishes","WING B1","B.71 ACCESS BED","Subfloor, Floor Preparation, Adhesive","Floor transitions installed as per instructions from builder"
"1fb8b46c-388f-4f11-997e-b3f7ff96ea72","","checkpoint-status","not-started","","","TRUE","TRUE","Site QA","Floor Finishes","WING B1","B.71 ACCESS BED","Subfloor, Floor Preparation, Adhesive","Waterproof tested for falls, and water test completed by waterproofers"
"e0131f9b-e23c-58d7-8089-23403890c2f3","","checkpoint-status","not-started","","","TRUE","TRUE","Site QA","Floor Finishes","WING B1","B.71 ACCESS BED","Subfloor, Floor Preparation, Adhesive","Correct adhesive used"
"2dac719c-b7b6-52d4-b087-d7c5e6d0d363","","checkpoint-group","not-started","","","FALSE","FALSE","Site QA","Floor Finishes","WING B1","B.71 ACCESS BED","Carpet / Vinyl"
"33b0aded-86b0-596f-8fc4-ee62276a347f","","checkpoint-status","not-started","","","TRUE","TRUE","Site QA","Floor Finishes","WING B1","B.71 ACCESS BED","Carpet / Vinyl","Confirm area of work is accessible & acceptable to commence (If not comment below)"
"45ef3dfe-9d8b-5e1d-b84c-95b30570e0a0","","checkpoint-status","not-started","","","TRUE","TRUE","Site QA","Floor Finishes","WING B1","B.71 ACCESS BED","Carpet / Vinyl","Vinyl installed as per plan"
"cbc61f01-2907-5654-9c1d-a3552553a528","","checkpoint-status","not-started","","","TRUE","TRUE","Site QA","Floor Finishes","WING B1","B.71 ACCESS BED","Carpet / Vinyl","Carpet installed as per plan"
"0cb40e4c-5173-54e9-abb0-e8c2aebbdc62","","checkpoint-status","not-started","","","TRUE","TRUE","Site QA","Floor Finishes","WING B1","B.71 ACCESS BED","Carpet / Vinyl","Joints sealed with heat welded seams and mitres as per AS 1884-2012"
"6cdc47c4-b129-5d5e-8218-15382b12bae8","","checkpoint-status","not-started","","","TRUE","TRUE","Site QA","Floor Finishes","WING B1","B.71 ACCESS BED","Carpet / Vinyl","Vinyl skirt and coving used as per finishes markup - 150mm height"
"fec16128-ad09-5b1d-9da5-d181169a613b","","checkpoint-status","not-started","","","TRUE","TRUE","Site QA","Floor Finishes","WING B1","B.71 ACCESS BED","Carpet / Vinyl","Installer Sign Off: Carpet / Vinyl installed as per manufacturer's instructions"
"e5c764ee-7185-51df-9f69-eb608b2a55b1","","checkpoint-status","not-started","","","TRUE","TRUE","Site QA","Floor Finishes","WING B1","B.71 ACCESS BED","Carpet / Vinyl","Add-Floors Sign Off"
"a7e525f4-7bb7-548e-964b-c5fa83ca5847","","checkpoint-status","not-started","","","TRUE","TRUE","Site QA","Floor Finishes","WING B1","B.71 ACCESS BED","Carpet / Vinyl","Foreman installation sign off"
"716a1ae0-01f8-560d-9700-d2f1f7434eac","","checkpoint-group","not-started","","","FALSE","FALSE","Site QA","Floor Finishes","WING B1","B.71 ACCESS BED","Wall Finish"
"b17d188d-9785-510c-be21-ea40a5068016","","checkpoint-status","not-started","","","TRUE","TRUE","Site QA","Floor Finishes","WING B1","B.71 ACCESS BED","Wall Finish","Wall Finish installed as per plan"
"53f9ec04-6c77-5b47-bcc6-000b0ad2bbd7","","checkpoint-group","not-started","","","FALSE","FALSE","Site QA","Floor Finishes","WING B1","B.71 ACCESS BED","Protection and Handover"
"ccbb7b80-cba5-533b-a145-2e7f842f5796","","checkpoint-status","not-started","","","TRUE","TRUE","Site QA","Floor Finishes","WING B1","B.71 ACCESS BED","Protection and Handover","Installation complete, checked and reviewed - as per specification"
"dc488771-4c4e-55aa-854e-aa4c7c002af2","","checkpoint-status","not-started","","","TRUE","TRUE","Site QA","Floor Finishes","WING B1","B.71 ACCESS BED","Protection and Handover","Floor protected with bubbleweave floor protection or polyweave"
"d13afdd5-0784-55cb-b166-045e6dff6f0e","","checkpoint-status","not-started","","","TRUE","TRUE","Site QA","Floor Finishes","WING B1","B.71 ACCESS BED","Protection and Handover","Installer Sign Off: Protection installed as per manufacturer's instructions"
"68cc4e99-6e3c-4b9e-aed6-f311231bbd84","","checklist-sectioned","not-started","5a8a68d1221a9e608c282940756e19ac2c3c1dd54ffd7888cef6f74664a05c9a","checklist","FALSE","FALSE","Site QA","Floor Finishes","WING B1","B.71A ACCESS ENSUITE"
"7b45d850-2526-50f7-8983-be08c79d4813","","checkpoint-group","not-started","","","FALSE","FALSE","Site QA","Floor Finishes","WING B1","B.71A ACCESS ENSUITE","Subfloor, Floor Preparation, Adhesive"
"fea0fe98-c7a0-5f17-bef3-90b97fd4f4b3","","checkpoint-status","not-started","","","TRUE","TRUE","Site QA","Floor Finishes","WING B1","B.71A ACCESS ENSUITE","Subfloor, Floor Preparation, Adhesive","Confirm area of work is accessible & acceptable to commence (If not comment below)"
"bb9406e6-9773-55a6-bba5-a97653c15f7a","","checkpoint-status","not-started","","","TRUE","TRUE","Site QA","Floor Finishes","WING B1","B.71A ACCESS ENSUITE","Subfloor, Floor Preparation, Adhesive","Subfloor mechanically diamond ground"
"5ca944c0-8ef6-4adc-859d-5043a64ae766","","checkpoint-status","not-started","","","TRUE","TRUE","Site QA","Floor Finishes","WING B1","B.71A ACCESS ENSUITE","Subfloor, Floor Preparation, Adhesive","Floor preparation product installed in accordance with manufacturer's instructions"
"aa03e583-b121-5d10-baf3-e1775aa3409a","","checkpoint-status","not-started","","","TRUE","TRUE","Site QA","Floor Finishes","WING B1","B.71A ACCESS ENSUITE","Subfloor, Floor Preparation, Adhesive","Floor transitions installed as per instructions from builder"
"1119cefb-8cf1-482f-bc8f-873e7db7bd88","","checkpoint-status","not-started","","","TRUE","TRUE","Site QA","Floor Finishes","WING B1","B.71A ACCESS ENSUITE","Subfloor, Floor Preparation, Adhesive","Waterproof tested for falls, and water test completed by waterproofers"
"c4cc6d0f-f18e-56b5-a5ce-3d7bba42c14f","","checkpoint-status","not-started","","","TRUE","TRUE","Site QA","Floor Finishes","WING B1","B.71A ACCESS ENSUITE","Subfloor, Floor Preparation, Adhesive","Correct adhesive used"
"0c98b6e0-141f-554b-8770-7e8718eadd20","","checkpoint-group","not-started","","","FALSE","FALSE","Site QA","Floor Finishes","WING B1","B.71A ACCESS ENSUITE","Carpet / Vinyl"
"54119c72-e77d-5d6c-b9ff-ebaa677d9763","","checkpoint-status","not-started","","","TRUE","TRUE","Site QA","Floor Finishes","WING B1","B.71A ACCESS ENSUITE","Carpet / Vinyl","Confirm area of work is accessible & acceptable to commence (If not comment below)"
"acad01de-b515-55df-b3a5-ef3fce330aca","","checkpoint-status","not-started","","","TRUE","TRUE","Site QA","Floor Finishes","WING B1","B.71A ACCESS ENSUITE","Carpet / Vinyl","Vinyl installed as per plan"
"d66c77a6-0374-5ca7-b46e-101537406272","","checkpoint-status","not-started","","","TRUE","TRUE","Site QA","Floor Finishes","WING B1","B.71A ACCESS ENSUITE","Carpet / Vinyl","Carpet installed as per plan"
"cc9c3eea-589e-5fa2-a546-f4f03639316b","","checkpoint-status","not-started","","","TRUE","TRUE","Site QA","Floor Finishes","WING B1","B.71A ACCESS ENSUITE","Carpet / Vinyl","Joints sealed with heat welded seams and mitres as per AS 1884-2012"
"5f3b88d7-3b65-5886-bb20-9a783ff31537","","checkpoint-status","not-started","","","TRUE","TRUE","Site QA","Floor Finishes","WING B1","B.71A ACCESS ENSUITE","Carpet / Vinyl","Vinyl skirt and coving used as per finishes markup - 150mm height"
"41802b2b-6f16-5f82-a8cf-359e45524e88","","checkpoint-status","not-started","","","TRUE","TRUE","Site QA","Floor Finishes","WING B1","B.71A ACCESS ENSUITE","Carpet / Vinyl","Installer Sign Off: Carpet / Vinyl installed as per manufacturer's instructions"
"1956c3ca-04a4-53b8-8856-cbdb7e5f174c","","checkpoint-status","not-started","","","TRUE","TRUE","Site QA","Floor Finishes","WING B1","B.71A ACCESS ENSUITE","Carpet / Vinyl","Add-Floors Sign Off"
"cf073830-76a3-5c8b-bd3a-986fcc8bca63","","checkpoint-status","not-started","","","TRUE","TRUE","Site QA","Floor Finishes","WING B1","B.71A ACCESS ENSUITE","Carpet / Vinyl","Foreman installation sign off"
"fd5a5fbd-02ec-5203-8b2f-fb4261e4492a","","checkpoint-group","not-started","","","FALSE","FALSE","Site QA","Floor Finishes","WING B1","B.71A ACCESS ENSUITE","Wall Finish"
"d0f50a4d-dcf3-5179-b363-064321af7e4c","","checkpoint-status","not-started","","","TRUE","TRUE","Site QA","Floor Finishes","WING B1","B.71A ACCESS ENSUITE","Wall Finish","Wall Finish installed as per plan"
"8100ae93-359c-593c-a879-361b0863235f","","checkpoint-group","not-started","","","FALSE","FALSE","Site QA","Floor Finishes","WING B1","B.71A ACCESS ENSUITE","Protection and Handover"
"9683fe10-b0c8-523a-8673-e070da1b6241","","checkpoint-status","not-started","","","TRUE","TRUE","Site QA","Floor Finishes","WING B1","B.71A ACCESS ENSUITE","Protection and Handover","Installation complete, checked and reviewed - as per specification"
"6e348a0f-0b0d-5b6f-a939-998726a771f7","","checkpoint-status","not-started","","","TRUE","TRUE","Site QA","Floor Finishes","WING B1","B.71A ACCESS ENSUITE","Protection and Handover","Floor protected with bubbleweave floor protection or polyweave"
"b5d3019d-c495-5686-9741-74682f765150","","checkpoint-status","not-started","","","TRUE","TRUE","Site QA","Floor Finishes","WING B1","B.71A ACCESS ENSUITE","Protection and Handover","Installer Sign Off: Protection installed as per manufacturer's instructions"
"0dd3ff67-1383-41e2-ba9a-f7e718ec3cae","","checklist-sectioned","not-started","5a8a68d1221a9e608c282940756e19ac2c3c1dd54ffd7888cef6f74664a05c9a","checklist","FALSE","FALSE","Site QA","Floor Finishes","WING B1","B.72 STORE"
"041b2185-887e-51a3-bc39-5196a28cda13","","checkpoint-group","not-started","","","FALSE","FALSE","Site QA","Floor Finishes","WING B1","B.72 STORE","Subfloor, Floor Preparation, Adhesive"
"9ac0bf0e-f035-5d9f-8e7b-163101849a14","","checkpoint-status","not-started","","","TRUE","TRUE","Site QA","Floor Finishes","WING B1","B.72 STORE","Subfloor, Floor Preparation, Adhesive","Confirm area of work is accessible & acceptable to commence (If not comment below)"
"734fdd34-2bd8-5d49-94e3-4d62ec462278","","checkpoint-status","not-started","","","TRUE","TRUE","Site QA","Floor Finishes","WING B1","B.72 STORE","Subfloor, Floor Preparation, Adhesive","Subfloor mechanically diamond ground"
"7031c332-7a28-4825-94c5-f7d3f846eb3e","","checkpoint-status","not-started","","","TRUE","TRUE","Site QA","Floor Finishes","WING B1","B.72 STORE","Subfloor, Floor Preparation, Adhesive","Floor preparation product installed in accordance with manufacturer's instructions"
"43baf6c0-e1cf-55d1-a9bf-8a66db17d426","","checkpoint-status","not-started","","","TRUE","TRUE","Site QA","Floor Finishes","WING B1","B.72 STORE","Subfloor, Floor Preparation, Adhesive","Floor transitions installed as per instructions from builder"
"6b2272d2-d6a6-4332-b4a1-44c86d9c9fb2","","checkpoint-status","not-started","","","TRUE","TRUE","Site QA","Floor Finishes","WING B1","B.72 STORE","Subfloor, Floor Preparation, Adhesive","Waterproof tested for falls, and water test completed by waterproofers"
"cbcdcb3e-6666-5f71-90a7-9cd2b9b914eb","","checkpoint-status","not-started","","","TRUE","TRUE","Site QA","Floor Finishes","WING B1","B.72 STORE","Subfloor, Floor Preparation, Adhesive","Correct adhesive used"
"0545b6a7-383a-53a9-a9b1-df68e3aa581f","","checkpoint-group","not-started","","","FALSE","FALSE","Site QA","Floor Finishes","WING B1","B.72 STORE","Carpet / Vinyl"
"2144f630-379d-5515-91bc-bad6a08205cf","","checkpoint-status","not-started","","","TRUE","TRUE","Site QA","Floor Finishes","WING B1","B.72 STORE","Carpet / Vinyl","Confirm area of work is accessible & acceptable to commence (If not comment below)"
"a1678e22-e11f-5f43-baae-1ae5f63dbb13","","checkpoint-status","not-started","","","TRUE","TRUE","Site QA","Floor Finishes","WING B1","B.72 STORE","Carpet / Vinyl","Vinyl installed as per plan"
"ac8f7c53-ee73-546f-89a9-65632163e026","","checkpoint-status","not-started","","","TRUE","TRUE","Site QA","Floor Finishes","WING B1","B.72 STORE","Carpet / Vinyl","Carpet installed as per plan"
"3fe8eb52-7e7e-565e-90d9-3399a36b421c","","checkpoint-status","not-started","","","TRUE","TRUE","Site QA","Floor Finishes","WING B1","B.72 STORE","Carpet / Vinyl","Joints sealed with heat welded seams and mitres as per AS 1884-2012"
"055138da-df8c-532c-a447-83a529927e86","","checkpoint-status","not-started","","","TRUE","TRUE","Site QA","Floor Finishes","WING B1","B.72 STORE","Carpet / Vinyl","Vinyl skirt and coving used as per finishes markup - 150mm height"
"c1b09002-c0a3-5083-bd30-e37f36ede468","","checkpoint-status","not-started","","","TRUE","TRUE","Site QA","Floor Finishes","WING B1","B.72 STORE","Carpet / Vinyl","Installer Sign Off: Carpet / Vinyl installed as per manufacturer's instructions"
"c130ec6b-6b16-5c1d-b84c-e8ede76def2a","","checkpoint-status","not-started","","","TRUE","TRUE","Site QA","Floor Finishes","WING B1","B.72 STORE","Carpet / Vinyl","Add-Floors Sign Off"
"dd494ca6-4b13-5454-a6b0-66b6477555ef","","checkpoint-status","not-started","","","TRUE","TRUE","Site QA","Floor Finishes","WING B1","B.72 STORE","Carpet / Vinyl","Foreman installation sign off"
"d5760af6-a24a-5242-bfa5-7480e4d1e645","","checkpoint-group","not-started","","","FALSE","FALSE","Site QA","Floor Finishes","WING B1","B.72 STORE","Wall Finish"
"7fb97288-0df8-59be-88ff-91d7fd90bfcb","","checkpoint-status","not-started","","","TRUE","TRUE","Site QA","Floor Finishes","WING B1","B.72 STORE","Wall Finish","Wall Finish installed as per plan"
"adfaa7df-8eba-51fd-b718-5093b53ce39a","","checkpoint-group","not-started","","","FALSE","FALSE","Site QA","Floor Finishes","WING B1","B.72 STORE","Protection and Handover"
"893a40d5-48ff-5758-929d-1f8744b5ee6b","","checkpoint-status","not-started","","","TRUE","TRUE","Site QA","Floor Finishes","WING B1","B.72 STORE","Protection and Handover","Installation complete, checked and reviewed - as per specification"
"3209e71d-48fa-5ac4-ab7d-8086d332302e","","checkpoint-status","not-started","","","TRUE","TRUE","Site QA","Floor Finishes","WING B1","B.72 STORE","Protection and Handover","Floor protected with bubbleweave floor protection or polyweave"
"10b4d0a9-cbe5-5a72-bb6a-60e02281f189","","checkpoint-status","not-started","","","TRUE","TRUE","Site QA","Floor Finishes","WING B1","B.72 STORE","Protection and Handover","Installer Sign Off: Protection installed as per manufacturer's instructions"
"a8c38c68-7491-4560-b164-e5e24362bbb3","","checklist-sectioned","not-started","5a8a68d1221a9e608c282940756e19ac2c3c1dd54ffd7888cef6f74664a05c9a","checklist","FALSE","FALSE","Site QA","Floor Finishes","WING B1","B.73 BED"
"b4710547-3a59-5dee-9fac-5b5de4be8b54","","checkpoint-group","not-started","","","FALSE","FALSE","Site QA","Floor Finishes","WING B1","B.73 BED","Subfloor, Floor Preparation, Adhesive"
"0914bdb2-7411-55ee-aaad-92910af0b569","","checkpoint-status","not-started","","","TRUE","TRUE","Site QA","Floor Finishes","WING B1","B.73 BED","Subfloor, Floor Preparation, Adhesive","Confirm area of work is accessible & acceptable to commence (If not comment below)"
"74b87e89-db20-5535-ae17-10027153c0a1","","checkpoint-status","not-started","","","TRUE","TRUE","Site QA","Floor Finishes","WING B1","B.73 BED","Subfloor, Floor Preparation, Adhesive","Subfloor mechanically diamond ground"
"a59a5a30-72f8-41e3-8df0-0e3eea2a2ed2","","checkpoint-status","not-started","","","TRUE","TRUE","Site QA","Floor Finishes","WING B1","B.73 BED","Subfloor, Floor Preparation, Adhesive","Floor preparation product installed in accordance with manufacturer's instructions"
"21014959-d57d-51e2-860f-a06104d0bc5e","","checkpoint-status","not-started","","","TRUE","TRUE","Site QA","Floor Finishes","WING B1","B.73 BED","Subfloor, Floor Preparation, Adhesive","Floor transitions installed as per instructions from builder"
"290cea21-9a62-4388-a3b6-e262a6addcb4","","checkpoint-status","not-started","","","TRUE","TRUE","Site QA","Floor Finishes","WING B1","B.73 BED","Subfloor, Floor Preparation, Adhesive","Waterproof tested for falls, and water test completed by waterproofers"
"17898400-f366-5a86-ac09-22f86c871324","","checkpoint-status","not-started","","","TRUE","TRUE","Site QA","Floor Finishes","WING B1","B.73 BED","Subfloor, Floor Preparation, Adhesive","Correct adhesive used"
"b7887d23-e8a1-522b-9094-79876cf0b220","","checkpoint-group","not-started","","","FALSE","FALSE","Site QA","Floor Finishes","WING B1","B.73 BED","Carpet / Vinyl"
"89577691-4d86-5ab0-8c08-be8297bc26df","","checkpoint-status","not-started","","","TRUE","TRUE","Site QA","Floor Finishes","WING B1","B.73 BED","Carpet / Vinyl","Confirm area of work is accessible & acceptable to commence (If not comment below)"
"b31a495d-2185-505e-8765-652e4036da0e","","checkpoint-status","not-started","","","TRUE","TRUE","Site QA","Floor Finishes","WING B1","B.73 BED","Carpet / Vinyl","Vinyl installed as per plan"
"4346ff56-2f30-5232-bda6-7a19474a6045","","checkpoint-status","not-started","","","TRUE","TRUE","Site QA","Floor Finishes","WING B1","B.73 BED","Carpet / Vinyl","Carpet installed as per plan"
"01fbfbaa-ec56-57aa-bd6d-54dfeb9aceef","","checkpoint-status","not-started","","","TRUE","TRUE","Site QA","Floor Finishes","WING B1","B.73 BED","Carpet / Vinyl","Joints sealed with heat welded seams and mitres as per AS 1884-2012"
"376ee582-58e1-5bc4-abb8-a4cef7a31ccb","","checkpoint-status","not-started","","","TRUE","TRUE","Site QA","Floor Finishes","WING B1","B.73 BED","Carpet / Vinyl","Vinyl skirt and coving used as per finishes markup - 150mm height"
"f972b480-24f2-5af7-a290-f7f0074930c3","","checkpoint-status","not-started","","","TRUE","TRUE","Site QA","Floor Finishes","WING B1","B.73 BED","Carpet / Vinyl","Installer Sign Off: Carpet / Vinyl installed as per manufacturer's instructions"
"82a53532-5935-59a7-8b99-197df8afdc55","","checkpoint-status","not-started","","","TRUE","TRUE","Site QA","Floor Finishes","WING B1","B.73 BED","Carpet / Vinyl","Add-Floors Sign Off"
"fea2feb0-5e98-505f-9b3b-beff2dd1f282","","checkpoint-status","not-started","","","TRUE","TRUE","Site QA","Floor Finishes","WING B1","B.73 BED","Carpet / Vinyl","Foreman installation sign off"
"391dde3e-17c1-5f05-8712-af24baf20758","","checkpoint-group","not-started","","","FALSE","FALSE","Site QA","Floor Finishes","WING B1","B.73 BED","Wall Finish"
"9160ce80-1219-5e6c-9478-8db3f60e9d9a","","checkpoint-status","not-started","","","TRUE","TRUE","Site QA","Floor Finishes","WING B1","B.73 BED","Wall Finish","Wall Finish installed as per plan"
"cf6f3960-7e26-551e-a9c4-416de9675473","","checkpoint-group","not-started","","","FALSE","FALSE","Site QA","Floor Finishes","WING B1","B.73 BED","Protection and Handover"
"5465eaab-935f-543d-8e94-ef617da6a697","","checkpoint-status","not-started","","","TRUE","TRUE","Site QA","Floor Finishes","WING B1","B.73 BED","Protection and Handover","Installation complete, checked and reviewed - as per specification"
"68feba6a-0dd0-5b27-99d7-a736b7dc0f23","","checkpoint-status","not-started","","","TRUE","TRUE","Site QA","Floor Finishes","WING B1","B.73 BED","Protection and Handover","Floor protected with bubbleweave floor protection or polyweave"
"b9200a31-6e17-50e8-ae4d-ddae9bb5544b","","checkpoint-status","not-started","","","TRUE","TRUE","Site QA","Floor Finishes","WING B1","B.73 BED","Protection and Handover","Installer Sign Off: Protection installed as per manufacturer's instructions"
"8f323e84-5ef6-4683-b55c-ede75a2edd57","","checklist-sectioned","not-started","5a8a68d1221a9e608c282940756e19ac2c3c1dd54ffd7888cef6f74664a05c9a","checklist","FALSE","FALSE","Site QA","Floor Finishes","WING B1","B.73A ENSUITE"
"ce80a6b9-f2a2-52a6-b588-5a7182e7b2ed","","checkpoint-group","not-started","","","FALSE","FALSE","Site QA","Floor Finishes","WING B1","B.73A ENSUITE","Subfloor, Floor Preparation, Adhesive"
"d2bef1fb-5a6b-59ed-80f4-2fd6b1560a53","","checkpoint-status","not-started","","","TRUE","TRUE","Site QA","Floor Finishes","WING B1","B.73A ENSUITE","Subfloor, Floor Preparation, Adhesive","Confirm area of work is accessible & acceptable to commence (If not comment below)"
"aef24718-b788-51fb-8fdb-1e92a786523c","","checkpoint-status","not-started","","","TRUE","TRUE","Site QA","Floor Finishes","WING B1","B.73A ENSUITE","Subfloor, Floor Preparation, Adhesive","Subfloor mechanically diamond ground"
"3f7eb630-8755-4be7-a499-8dacc5059ccc","","checkpoint-status","not-started","","","TRUE","TRUE","Site QA","Floor Finishes","WING B1","B.73A ENSUITE","Subfloor, Floor Preparation, Adhesive","Floor preparation product installed in accordance with manufacturer's instructions"
"418dffe2-36da-5377-988f-a219fdcf4ce8","","checkpoint-status","not-started","","","TRUE","TRUE","Site QA","Floor Finishes","WING B1","B.73A ENSUITE","Subfloor, Floor Preparation, Adhesive","Floor transitions installed as per instructions from builder"
"5facc0c6-0208-4dc3-a997-9de4bf1a4035","","checkpoint-status","not-started","","","TRUE","TRUE","Site QA","Floor Finishes","WING B1","B.73A ENSUITE","Subfloor, Floor Preparation, Adhesive","Waterproof tested for falls, and water test completed by waterproofers"
"7bff48a9-0a39-580e-b796-e1a23266c9ec","","checkpoint-status","not-started","","","TRUE","TRUE","Site QA","Floor Finishes","WING B1","B.73A ENSUITE","Subfloor, Floor Preparation, Adhesive","Correct adhesive used"
"40ae04d8-c107-5af6-a397-1e9c4dfb3a12","","checkpoint-group","not-started","","","FALSE","FALSE","Site QA","Floor Finishes","WING B1","B.73A ENSUITE","Carpet / Vinyl"
"a16ea661-60c5-502f-ab5e-fdce4ea8d5ef","","checkpoint-status","not-started","","","TRUE","TRUE","Site QA","Floor Finishes","WING B1","B.73A ENSUITE","Carpet / Vinyl","Confirm area of work is accessible & acceptable to commence (If not comment below)"
"ce40af79-422e-5286-aa76-2ed136b10f14","","checkpoint-status","not-started","","","TRUE","TRUE","Site QA","Floor Finishes","WING B1","B.73A ENSUITE","Carpet / Vinyl","Vinyl installed as per plan"
"05b1f82c-d20f-5461-8dfd-84c6e74781a8","","checkpoint-status","not-started","","","TRUE","TRUE","Site QA","Floor Finishes","WING B1","B.73A ENSUITE","Carpet / Vinyl","Carpet installed as per plan"
"17352238-5d79-5384-8994-958405fe3d7f","","checkpoint-status","not-started","","","TRUE","TRUE","Site QA","Floor Finishes","WING B1","B.73A ENSUITE","Carpet / Vinyl","Joints sealed with heat welded seams and mitres as per AS 1884-2012"
"e6d36cae-1dda-5242-927c-a9fc40921b0a","","checkpoint-status","not-started","","","TRUE","TRUE","Site QA","Floor Finishes","WING B1","B.73A ENSUITE","Carpet / Vinyl","Vinyl skirt and coving used as per finishes markup - 150mm height"
"413ea60e-0104-59f1-8fee-169ea4c94d21","","checkpoint-status","not-started","","","TRUE","TRUE","Site QA","Floor Finishes","WING B1","B.73A ENSUITE","Carpet / Vinyl","Installer Sign Off: Carpet / Vinyl installed as per manufacturer's instructions"
"e9bf1765-1098-534a-ae75-7a4f2a4e2e6a","","checkpoint-status","not-started","","","TRUE","TRUE","Site QA","Floor Finishes","WING B1","B.73A ENSUITE","Carpet / Vinyl","Add-Floors Sign Off"
"dd11dc3a-316f-54ad-83ea-6155523514a6","","checkpoint-status","not-started","","","TRUE","TRUE","Site QA","Floor Finishes","WING B1","B.73A ENSUITE","Carpet / Vinyl","Foreman installation sign off"
"612188da-6967-5ef3-b2d9-e961ca8b97ce","","checkpoint-group","not-started","","","FALSE","FALSE","Site QA","Floor Finishes","WING B1","B.73A ENSUITE","Wall Finish"
"2e54d5c0-089c-5c9b-b234-aae10944102b","","checkpoint-status","not-started","","","TRUE","TRUE","Site QA","Floor Finishes","WING B1","B.73A ENSUITE","Wall Finish","Wall Finish installed as per plan"
"45318abd-9edb-57ff-acc1-bbe51feff45b","","checkpoint-group","not-started","","","FALSE","FALSE","Site QA","Floor Finishes","WING B1","B.73A ENSUITE","Protection and Handover"
"840e354a-5d74-5664-bec1-a35e328b7995","","checkpoint-status","not-started","","","TRUE","TRUE","Site QA","Floor Finishes","WING B1","B.73A ENSUITE","Protection and Handover","Installation complete, checked and reviewed - as per specification"
"61c9f76c-c81c-5c21-b06b-e1ff045e5003","","checkpoint-status","not-started","","","TRUE","TRUE","Site QA","Floor Finishes","WING B1","B.73A ENSUITE","Protection and Handover","Floor protected with bubbleweave floor protection or polyweave"
"08351b8c-3228-5558-a547-562979f35bb4","","checkpoint-status","not-started","","","TRUE","TRUE","Site QA","Floor Finishes","WING B1","B.73A ENSUITE","Protection and Handover","Installer Sign Off: Protection installed as per manufacturer's instructions"
"8aaa9f24-cb2e-4bb3-ba63-4d2c59d10f01","","checklist-sectioned","not-started","5a8a68d1221a9e608c282940756e19ac2c3c1dd54ffd7888cef6f74664a05c9a","checklist","FALSE","FALSE","Site QA","Floor Finishes","WING B1","B.74 BED"
"d17d3304-c523-52af-a863-52625810be34","","checkpoint-group","not-started","","","FALSE","FALSE","Site QA","Floor Finishes","WING B1","B.74 BED","Subfloor, Floor Preparation, Adhesive"
"cdca4942-86bd-54dc-ad0a-951174626894","","checkpoint-status","not-started","","","TRUE","TRUE","Site QA","Floor Finishes","WING B1","B.74 BED","Subfloor, Floor Preparation, Adhesive","Confirm area of work is accessible & acceptable to commence (If not comment below)"
"f9d1afe3-a3ce-59e8-8c98-abf95dca20db","","checkpoint-status","not-started","","","TRUE","TRUE","Site QA","Floor Finishes","WING B1","B.74 BED","Subfloor, Floor Preparation, Adhesive","Subfloor mechanically diamond ground"
"957a1e15-0eff-4a75-808c-119ddfe5190a","","checkpoint-status","not-started","","","TRUE","TRUE","Site QA","Floor Finishes","WING B1","B.74 BED","Subfloor, Floor Preparation, Adhesive","Floor preparation product installed in accordance with manufacturer's instructions"
"087b2b74-c1b4-59a2-92a2-e9ad67a2da8c","","checkpoint-status","not-started","","","TRUE","TRUE","Site QA","Floor Finishes","WING B1","B.74 BED","Subfloor, Floor Preparation, Adhesive","Floor transitions installed as per instructions from builder"
"47a0da8d-cd4e-4365-b183-d7eefe3e1185","","checkpoint-status","not-started","","","TRUE","TRUE","Site QA","Floor Finishes","WING B1","B.74 BED","Subfloor, Floor Preparation, Adhesive","Waterproof tested for falls, and water test completed by waterproofers"
"fbad9130-525b-5ff8-b2b7-e4b9aad04cfa","","checkpoint-status","not-started","","","TRUE","TRUE","Site QA","Floor Finishes","WING B1","B.74 BED","Subfloor, Floor Preparation, Adhesive","Correct adhesive used"
"4fbe12de-95b6-5e00-bac4-d64873e60054","","checkpoint-group","not-started","","","FALSE","FALSE","Site QA","Floor Finishes","WING B1","B.74 BED","Carpet / Vinyl"
"235a65ea-9b96-5a3b-a667-135a3ce1842b","","checkpoint-status","not-started","","","TRUE","TRUE","Site QA","Floor Finishes","WING B1","B.74 BED","Carpet / Vinyl","Confirm area of work is accessible & acceptable to commence (If not comment below)"
"3eb151cb-b80e-54cb-a1ba-4a477a470af3","","checkpoint-status","not-started","","","TRUE","TRUE","Site QA","Floor Finishes","WING B1","B.74 BED","Carpet / Vinyl","Vinyl installed as per plan"
"94ad3cea-0b4a-5d61-ab20-1edd6dfae15b","","checkpoint-status","not-started","","","TRUE","TRUE","Site QA","Floor Finishes","WING B1","B.74 BED","Carpet / Vinyl","Carpet installed as per plan"
"7d4dc672-300c-5135-b817-7b723c718021","","checkpoint-status","not-started","","","TRUE","TRUE","Site QA","Floor Finishes","WING B1","B.74 BED","Carpet / Vinyl","Joints sealed with heat welded seams and mitres as per AS 1884-2012"
"1570cb8e-ab8c-5aa1-b465-77bcb5b4e60e","","checkpoint-status","not-started","","","TRUE","TRUE","Site QA","Floor Finishes","WING B1","B.74 BED","Carpet / Vinyl","Vinyl skirt and coving used as per finishes markup - 150mm height"
"f38c09a8-bd1e-566c-9ba6-0e46ed55dfed","","checkpoint-status","not-started","","","TRUE","TRUE","Site QA","Floor Finishes","WING B1","B.74 BED","Carpet / Vinyl","Installer Sign Off: Carpet / Vinyl installed as per manufacturer's instructions"
"f07f5e76-5a64-51f5-9e3d-f2b047e790a1","","checkpoint-status","not-started","","","TRUE","TRUE","Site QA","Floor Finishes","WING B1","B.74 BED","Carpet / Vinyl","Add-Floors Sign Off"
"5ff660cf-da2a-553d-9df7-5f8cbc1171da","","checkpoint-status","not-started","","","TRUE","TRUE","Site QA","Floor Finishes","WING B1","B.74 BED","Carpet / Vinyl","Foreman installation sign off"
"2d782f6f-b499-5424-bcc2-d38f403d031a","","checkpoint-group","not-started","","","FALSE","FALSE","Site QA","Floor Finishes","WING B1","B.74 BED","Wall Finish"
"a80153da-f15e-57ee-81cd-7e0a87bd4f01","","checkpoint-status","not-started","","","TRUE","TRUE","Site QA","Floor Finishes","WING B1","B.74 BED","Wall Finish","Wall Finish installed as per plan"
"f8b50b57-884c-5bf7-941e-07ab52e35ed7","","checkpoint-group","not-started","","","FALSE","FALSE","Site QA","Floor Finishes","WING B1","B.74 BED","Protection and Handover"
"2ded33ec-b65f-5ace-8e2c-d34dc9f2d034","","checkpoint-status","not-started","","","TRUE","TRUE","Site QA","Floor Finishes","WING B1","B.74 BED","Protection and Handover","Installation complete, checked and reviewed - as per specification"
"64de6b27-89d2-5e01-96d6-0e83b6b1cdd6","","checkpoint-status","not-started","","","TRUE","TRUE","Site QA","Floor Finishes","WING B1","B.74 BED","Protection and Handover","Floor protected with bubbleweave floor protection or polyweave"
"59662675-3ff0-5c0f-9b77-3e3f38de0049","","checkpoint-status","not-started","","","TRUE","TRUE","Site QA","Floor Finishes","WING B1","B.74 BED","Protection and Handover","Installer Sign Off: Protection installed as per manufacturer's instructions"
"a9b39f85-7f9a-4c80-ab33-dc23c83d3347","","checklist-sectioned","not-started","5a8a68d1221a9e608c282940756e19ac2c3c1dd54ffd7888cef6f74664a05c9a","checklist","FALSE","FALSE","Site QA","Floor Finishes","WING B1","B.74A ENSUITE"
"f086df9b-ff8c-5681-a5f4-e2e3b4d4858a","","checkpoint-group","not-started","","","FALSE","FALSE","Site QA","Floor Finishes","WING B1","B.74A ENSUITE","Subfloor, Floor Preparation, Adhesive"
"0a6da20d-67d4-5650-8a36-d395ff804d59","","checkpoint-status","not-started","","","TRUE","TRUE","Site QA","Floor Finishes","WING B1","B.74A ENSUITE","Subfloor, Floor Preparation, Adhesive","Confirm area of work is accessible & acceptable to commence (If not comment below)"
"c52d0076-6d53-5fcc-a63c-21bd221cf010","","checkpoint-status","not-started","","","TRUE","TRUE","Site QA","Floor Finishes","WING B1","B.74A ENSUITE","Subfloor, Floor Preparation, Adhesive","Subfloor mechanically diamond ground"
"7dba2739-de80-43c4-930f-30a84f5ea1b6","","checkpoint-status","not-started","","","TRUE","TRUE","Site QA","Floor Finishes","WING B1","B.74A ENSUITE","Subfloor, Floor Preparation, Adhesive","Floor preparation product installed in accordance with manufacturer's instructions"
"b9f03f27-9b36-50a9-bdc9-840656407b18","","checkpoint-status","not-started","","","TRUE","TRUE","Site QA","Floor Finishes","WING B1","B.74A ENSUITE","Subfloor, Floor Preparation, Adhesive","Floor transitions installed as per instructions from builder"
"e4f8fd26-b437-41d2-b815-aaa2d7d065ec","","checkpoint-status","not-started","","","TRUE","TRUE","Site QA","Floor Finishes","WING B1","B.74A ENSUITE","Subfloor, Floor Preparation, Adhesive","Waterproof tested for falls, and water test completed by waterproofers"
"bbefa9b7-aa8f-5570-a52c-5919489618a2","","checkpoint-status","not-started","","","TRUE","TRUE","Site QA","Floor Finishes","WING B1","B.74A ENSUITE","Subfloor, Floor Preparation, Adhesive","Correct adhesive used"
"8119e592-c079-5c95-9c85-a346e123ad57","","checkpoint-group","not-started","","","FALSE","FALSE","Site QA","Floor Finishes","WING B1","B.74A ENSUITE","Carpet / Vinyl"
"a16162a4-fe60-5dcf-83b0-3261d86216d9","","checkpoint-status","not-started","","","TRUE","TRUE","Site QA","Floor Finishes","WING B1","B.74A ENSUITE","Carpet / Vinyl","Confirm area of work is accessible & acceptable to commence (If not comment below)"
"5e5cda32-da82-5c50-a630-a624d12cf9b9","","checkpoint-status","not-started","","","TRUE","TRUE","Site QA","Floor Finishes","WING B1","B.74A ENSUITE","Carpet / Vinyl","Vinyl installed as per plan"
"09de11c1-5ecb-5c0e-8ea6-d445149c2894","","checkpoint-status","not-started","","","TRUE","TRUE","Site QA","Floor Finishes","WING B1","B.74A ENSUITE","Carpet / Vinyl","Carpet installed as per plan"
"4325b709-c8f2-502c-82a0-19576db1a1fa","","checkpoint-status","not-started","","","TRUE","TRUE","Site QA","Floor Finishes","WING B1","B.74A ENSUITE","Carpet / Vinyl","Joints sealed with heat welded seams and mitres as per AS 1884-2012"
"73a4691d-5a8e-575e-a576-e8f67f819f2d","","checkpoint-status","not-started","","","TRUE","TRUE","Site QA","Floor Finishes","WING B1","B.74A ENSUITE","Carpet / Vinyl","Vinyl skirt and coving used as per finishes markup - 150mm height"
"8029fca2-9845-50cf-827d-6bfac82448e1","","checkpoint-status","not-started","","","TRUE","TRUE","Site QA","Floor Finishes","WING B1","B.74A ENSUITE","Carpet / Vinyl","Installer Sign Off: Carpet / Vinyl installed as per manufacturer's instructions"
"f0003918-a507-55c0-a30a-cd1588f14322","","checkpoint-status","not-started","","","TRUE","TRUE","Site QA","Floor Finishes","WING B1","B.74A ENSUITE","Carpet / Vinyl","Add-Floors Sign Off"
"5d305275-4a0a-5416-9e7e-9ec6a7471dd3","","checkpoint-status","not-started","","","TRUE","TRUE","Site QA","Floor Finishes","WING B1","B.74A ENSUITE","Carpet / Vinyl","Foreman installation sign off"
"bfd7f37c-fab2-5698-b2cf-2df7b15dd323","","checkpoint-group","not-started","","","FALSE","FALSE","Site QA","Floor Finishes","WING B1","B.74A ENSUITE","Wall Finish"
"bf6b352c-3a1b-5777-975d-86ab44ee8913","","checkpoint-status","not-started","","","TRUE","TRUE","Site QA","Floor Finishes","WING B1","B.74A ENSUITE","Wall Finish","Wall Finish installed as per plan"
"77b03f7a-67e8-5275-9a24-6a16c858086a","","checkpoint-group","not-started","","","FALSE","FALSE","Site QA","Floor Finishes","WING B1","B.74A ENSUITE","Protection and Handover"
"08083019-d026-52ce-89b1-cb5973b1631a","","checkpoint-status","not-started","","","TRUE","TRUE","Site QA","Floor Finishes","WING B1","B.74A ENSUITE","Protection and Handover","Installation complete, checked and reviewed - as per specification"
"221bc72e-21c1-5a33-84f4-29ed4e093c5e","","checkpoint-status","not-started","","","TRUE","TRUE","Site QA","Floor Finishes","WING B1","B.74A ENSUITE","Protection and Handover","Floor protected with bubbleweave floor protection or polyweave"
"1899887b-2379-59a2-bc27-4f24b66c177e","","checkpoint-status","not-started","","","TRUE","TRUE","Site QA","Floor Finishes","WING B1","B.74A ENSUITE","Protection and Handover","Installer Sign Off: Protection installed as per manufacturer's instructions"
"1ba05e79-94ce-4669-9d0c-af3f7ef3f6be","","checklist-sectioned","not-started","5a8a68d1221a9e608c282940756e19ac2c3c1dd54ffd7888cef6f74664a05c9a","checklist","FALSE","FALSE","Site QA","Floor Finishes","WING B1","B.75 BED"
"44a97390-ae63-5bdf-b337-fb7f36066b00","","checkpoint-group","not-started","","","FALSE","FALSE","Site QA","Floor Finishes","WING B1","B.75 BED","Subfloor, Floor Preparation, Adhesive"
"59c0cef0-479b-5a28-b011-40d6d57c40a4","","checkpoint-status","not-started","","","TRUE","TRUE","Site QA","Floor Finishes","WING B1","B.75 BED","Subfloor, Floor Preparation, Adhesive","Confirm area of work is accessible & acceptable to commence (If not comment below)"
"37995f3b-c49c-52f3-abd8-683117d23df2","","checkpoint-status","not-started","","","TRUE","TRUE","Site QA","Floor Finishes","WING B1","B.75 BED","Subfloor, Floor Preparation, Adhesive","Subfloor mechanically diamond ground"
"58eee6ec-2236-4084-818d-cc01f0e20afa","","checkpoint-status","not-started","","","TRUE","TRUE","Site QA","Floor Finishes","WING B1","B.75 BED","Subfloor, Floor Preparation, Adhesive","Floor preparation product installed in accordance with manufacturer's instructions"
"4feb0df8-f0db-5249-8065-9d2fe27f3969","","checkpoint-status","not-started","","","TRUE","TRUE","Site QA","Floor Finishes","WING B1","B.75 BED","Subfloor, Floor Preparation, Adhesive","Floor transitions installed as per instructions from builder"
"2bcfdf92-9378-4375-9ad6-58ec911d8803","","checkpoint-status","not-started","","","TRUE","TRUE","Site QA","Floor Finishes","WING B1","B.75 BED","Subfloor, Floor Preparation, Adhesive","Waterproof tested for falls, and water test completed by waterproofers"
"e73324ac-779f-5f16-b8c3-e670a12096ae","","checkpoint-status","not-started","","","TRUE","TRUE","Site QA","Floor Finishes","WING B1","B.75 BED","Subfloor, Floor Preparation, Adhesive","Correct adhesive used"
"cd96c171-6cb9-5ec1-a12e-2f5263bac735","","checkpoint-group","not-started","","","FALSE","FALSE","Site QA","Floor Finishes","WING B1","B.75 BED","Carpet / Vinyl"
"db8e9cf2-19e0-5157-ae97-c405231dcc92","","checkpoint-status","not-started","","","TRUE","TRUE","Site QA","Floor Finishes","WING B1","B.75 BED","Carpet / Vinyl","Confirm area of work is accessible & acceptable to commence (If not comment below)"
"8c915551-9c95-5d50-b068-fd8b24e6cdbb","","checkpoint-status","not-started","","","TRUE","TRUE","Site QA","Floor Finishes","WING B1","B.75 BED","Carpet / Vinyl","Vinyl installed as per plan"
"26c446c3-d7b5-5360-89e0-217af3b87d39","","checkpoint-status","not-started","","","TRUE","TRUE","Site QA","Floor Finishes","WING B1","B.75 BED","Carpet / Vinyl","Carpet installed as per plan"
"3587821a-368e-52d6-abff-be488c026568","","checkpoint-status","not-started","","","TRUE","TRUE","Site QA","Floor Finishes","WING B1","B.75 BED","Carpet / Vinyl","Joints sealed with heat welded seams and mitres as per AS 1884-2012"
"0d04a1ad-b6cb-5ade-86b0-72d906aa3126","","checkpoint-status","not-started","","","TRUE","TRUE","Site QA","Floor Finishes","WING B1","B.75 BED","Carpet / Vinyl","Vinyl skirt and coving used as per finishes markup - 150mm height"
"7c191736-b917-5e0a-abd3-d812283e65de","","checkpoint-status","not-started","","","TRUE","TRUE","Site QA","Floor Finishes","WING B1","B.75 BED","Carpet / Vinyl","Installer Sign Off: Carpet / Vinyl installed as per manufacturer's instructions"
"38b1d3e4-63f9-55f0-85d6-abcc3904b12e","","checkpoint-status","not-started","","","TRUE","TRUE","Site QA","Floor Finishes","WING B1","B.75 BED","Carpet / Vinyl","Add-Floors Sign Off"
"741e15f4-d1bf-542a-bd87-0d45f64f2dc1","","checkpoint-status","not-started","","","TRUE","TRUE","Site QA","Floor Finishes","WING B1","B.75 BED","Carpet / Vinyl","Foreman installation sign off"
"c9f49622-74e6-5421-8346-723e8effe119","","checkpoint-group","not-started","","","FALSE","FALSE","Site QA","Floor Finishes","WING B1","B.75 BED","Wall Finish"
"f3d951a2-e8ba-5022-b903-8120203f6449","","checkpoint-status","not-started","","","TRUE","TRUE","Site QA","Floor Finishes","WING B1","B.75 BED","Wall Finish","Wall Finish installed as per plan"
"95b91567-7d39-54aa-8030-f9acc8bcb181","","checkpoint-group","not-started","","","FALSE","FALSE","Site QA","Floor Finishes","WING B1","B.75 BED","Protection and Handover"
"25b5ed57-5675-5f87-9c63-549bf031add8","","checkpoint-status","not-started","","","TRUE","TRUE","Site QA","Floor Finishes","WING B1","B.75 BED","Protection and Handover","Installation complete, checked and reviewed - as per specification"
"264f4370-2e91-5758-b930-9d5ed908b9e3","","checkpoint-status","not-started","","","TRUE","TRUE","Site QA","Floor Finishes","WING B1","B.75 BED","Protection and Handover","Floor protected with bubbleweave floor protection or polyweave"
"c657067b-3d4d-5ee1-8d79-a7714c69108d","","checkpoint-status","not-started","","","TRUE","TRUE","Site QA","Floor Finishes","WING B1","B.75 BED","Protection and Handover","Installer Sign Off: Protection installed as per manufacturer's instructions"
"8a14cf0a-6df8-4dbb-9c55-d3514cba2bd1","","checklist-sectioned","not-started","5a8a68d1221a9e608c282940756e19ac2c3c1dd54ffd7888cef6f74664a05c9a","checklist","FALSE","FALSE","Site QA","Floor Finishes","WING B1","B.75A ENSUITE"
"d2a63e13-9da7-5e95-a852-c0d4b094cacc","","checkpoint-group","not-started","","","FALSE","FALSE","Site QA","Floor Finishes","WING B1","B.75A ENSUITE","Subfloor, Floor Preparation, Adhesive"
"5a7fb558-e2a0-5ce9-8860-a397f4c1910d","","checkpoint-status","not-started","","","TRUE","TRUE","Site QA","Floor Finishes","WING B1","B.75A ENSUITE","Subfloor, Floor Preparation, Adhesive","Confirm area of work is accessible & acceptable to commence (If not comment below)"
"3f56214d-674e-5529-914a-ca0780a8b206","","checkpoint-status","not-started","","","TRUE","TRUE","Site QA","Floor Finishes","WING B1","B.75A ENSUITE","Subfloor, Floor Preparation, Adhesive","Subfloor mechanically diamond ground"
"8b442acb-6321-4d1d-85d5-755ab796b9f3","","checkpoint-status","not-started","","","TRUE","TRUE","Site QA","Floor Finishes","WING B1","B.75A ENSUITE","Subfloor, Floor Preparation, Adhesive","Floor preparation product installed in accordance with manufacturer's instructions"
"443112f9-4a6d-529b-a379-69afded28d3e","","checkpoint-status","not-started","","","TRUE","TRUE","Site QA","Floor Finishes","WING B1","B.75A ENSUITE","Subfloor, Floor Preparation, Adhesive","Floor transitions installed as per instructions from builder"
"776d278e-f959-4236-8734-998361b68817","","checkpoint-status","not-started","","","TRUE","TRUE","Site QA","Floor Finishes","WING B1","B.75A ENSUITE","Subfloor, Floor Preparation, Adhesive","Waterproof tested for falls, and water test completed by waterproofers"
"54625846-2b7c-5f79-b03d-fe7145cede3b","","checkpoint-status","not-started","","","TRUE","TRUE","Site QA","Floor Finishes","WING B1","B.75A ENSUITE","Subfloor, Floor Preparation, Adhesive","Correct adhesive used"
"a21ae4d5-10bd-59d1-b0eb-a9f4ae8ea0a0","","checkpoint-group","not-started","","","FALSE","FALSE","Site QA","Floor Finishes","WING B1","B.75A ENSUITE","Carpet / Vinyl"
"0d86a549-4adb-55ef-be12-7fd34194442a","","checkpoint-status","not-started","","","TRUE","TRUE","Site QA","Floor Finishes","WING B1","B.75A ENSUITE","Carpet / Vinyl","Confirm area of work is accessible & acceptable to commence (If not comment below)"
"9d35ea45-0aea-5bea-836f-2f7a16c1478d","","checkpoint-status","not-started","","","TRUE","TRUE","Site QA","Floor Finishes","WING B1","B.75A ENSUITE","Carpet / Vinyl","Vinyl installed as per plan"
"9e78dbef-103e-5ab7-93f6-18caee2a3d03","","checkpoint-status","not-started","","","TRUE","TRUE","Site QA","Floor Finishes","WING B1","B.75A ENSUITE","Carpet / Vinyl","Carpet installed as per plan"
"c4351cc6-2d8c-5d2c-8981-21af3d77d516","","checkpoint-status","not-started","","","TRUE","TRUE","Site QA","Floor Finishes","WING B1","B.75A ENSUITE","Carpet / Vinyl","Joints sealed with heat welded seams and mitres as per AS 1884-2012"
"b845bfb0-26f7-548a-84bb-cc50def6c898","","checkpoint-status","not-started","","","TRUE","TRUE","Site QA","Floor Finishes","WING B1","B.75A ENSUITE","Carpet / Vinyl","Vinyl skirt and coving used as per finishes markup - 150mm height"
"24126b62-8eba-56d1-bc29-d188594ea073","","checkpoint-status","not-started","","","TRUE","TRUE","Site QA","Floor Finishes","WING B1","B.75A ENSUITE","Carpet / Vinyl","Installer Sign Off: Carpet / Vinyl installed as per manufacturer's instructions"
"71675266-d18f-5070-b599-0eded5ad1abb","","checkpoint-status","not-started","","","TRUE","TRUE","Site QA","Floor Finishes","WING B1","B.75A ENSUITE","Carpet / Vinyl","Add-Floors Sign Off"
"968d9848-0cae-5c28-9c6d-d38867b8944a","","checkpoint-status","not-started","","","TRUE","TRUE","Site QA","Floor Finishes","WING B1","B.75A ENSUITE","Carpet / Vinyl","Foreman installation sign off"
"5dbff7b0-1bb3-5851-b89c-5d9d1185628c","","checkpoint-group","not-started","","","FALSE","FALSE","Site QA","Floor Finishes","WING B1","B.75A ENSUITE","Wall Finish"
"d644d0bc-12b0-5790-b683-71c87f309673","","checkpoint-status","not-started","","","TRUE","TRUE","Site QA","Floor Finishes","WING B1","B.75A ENSUITE","Wall Finish","Wall Finish installed as per plan"
"137f281a-bcec-50cd-84d4-1c62f7308deb","","checkpoint-group","not-started","","","FALSE","FALSE","Site QA","Floor Finishes","WING B1","B.75A ENSUITE","Protection and Handover"
"e1346039-c45a-5a6f-b555-4bb131fdeea6","","checkpoint-status","not-started","","","TRUE","TRUE","Site QA","Floor Finishes","WING B1","B.75A ENSUITE","Protection and Handover","Installation complete, checked and reviewed - as per specification"
"f4762d20-0a08-50a2-b7d4-dcb37dddda6d","","checkpoint-status","not-started","","","TRUE","TRUE","Site QA","Floor Finishes","WING B1","B.75A ENSUITE","Protection and Handover","Floor protected with bubbleweave floor protection or polyweave"
"d8c98d6f-1c67-57fa-a25d-40b7e01a1fe8","","checkpoint-status","not-started","","","TRUE","TRUE","Site QA","Floor Finishes","WING B1","B.75A ENSUITE","Protection and Handover","Installer Sign Off: Protection installed as per manufacturer's instructions"
"b42df4ac-1a55-4798-8a5b-f3ce57932f27","","checklist-sectioned","not-started","5a8a68d1221a9e608c282940756e19ac2c3c1dd54ffd7888cef6f74664a05c9a","checklist","FALSE","FALSE","Site QA","Floor Finishes","WING B1","B.76 BED"
"b021eaee-08f8-556e-8a87-6d03c887cf19","","checkpoint-group","not-started","","","FALSE","FALSE","Site QA","Floor Finishes","WING B1","B.76 BED","Subfloor, Floor Preparation, Adhesive"
"a424a367-6bde-5ecb-8aae-628a5ad044d7","","checkpoint-status","not-started","","","TRUE","TRUE","Site QA","Floor Finishes","WING B1","B.76 BED","Subfloor, Floor Preparation, Adhesive","Confirm area of work is accessible & acceptable to commence (If not comment below)"
"8b3142fe-9f28-5f10-8fab-84575c1f95fb","","checkpoint-status","not-started","","","TRUE","TRUE","Site QA","Floor Finishes","WING B1","B.76 BED","Subfloor, Floor Preparation, Adhesive","Subfloor mechanically diamond ground"
"6f4ba45f-5f72-4ab9-aa92-8da6bc388470","","checkpoint-status","not-started","","","TRUE","TRUE","Site QA","Floor Finishes","WING B1","B.76 BED","Subfloor, Floor Preparation, Adhesive","Floor preparation product installed in accordance with manufacturer's instructions"
"9cde6f99-1626-5ac9-942a-612e2bf90bf3","","checkpoint-status","not-started","","","TRUE","TRUE","Site QA","Floor Finishes","WING B1","B.76 BED","Subfloor, Floor Preparation, Adhesive","Floor transitions installed as per instructions from builder"
"aced191b-7bcc-46df-9f04-fab1142e4d82","","checkpoint-status","not-started","","","TRUE","TRUE","Site QA","Floor Finishes","WING B1","B.76 BED","Subfloor, Floor Preparation, Adhesive","Waterproof tested for falls, and water test completed by waterproofers"
"7ed068c8-13e1-5cd0-b665-dad8f6727448","","checkpoint-status","not-started","","","TRUE","TRUE","Site QA","Floor Finishes","WING B1","B.76 BED","Subfloor, Floor Preparation, Adhesive","Correct adhesive used"
"227af9f9-ff01-5275-b8b8-13a83066b937","","checkpoint-group","not-started","","","FALSE","FALSE","Site QA","Floor Finishes","WING B1","B.76 BED","Carpet / Vinyl"
"595ff014-037c-5e42-a826-a31e14f97571","","checkpoint-status","not-started","","","TRUE","TRUE","Site QA","Floor Finishes","WING B1","B.76 BED","Carpet / Vinyl","Confirm area of work is accessible & acceptable to commence (If not comment below)"
"a2042092-545e-5190-b433-2e60ff9cbe53","","checkpoint-status","not-started","","","TRUE","TRUE","Site QA","Floor Finishes","WING B1","B.76 BED","Carpet / Vinyl","Vinyl installed as per plan"
"cc320a28-14bd-5440-b43f-4ed61d595cdf","","checkpoint-status","not-started","","","TRUE","TRUE","Site QA","Floor Finishes","WING B1","B.76 BED","Carpet / Vinyl","Carpet installed as per plan"
"eeb1a985-52c0-5424-bd96-9399fffef998","","checkpoint-status","not-started","","","TRUE","TRUE","Site QA","Floor Finishes","WING B1","B.76 BED","Carpet / Vinyl","Joints sealed with heat welded seams and mitres as per AS 1884-2012"
"36a1d731-92ef-55d7-90c8-5b7ec7487ae6","","checkpoint-status","not-started","","","TRUE","TRUE","Site QA","Floor Finishes","WING B1","B.76 BED","Carpet / Vinyl","Vinyl skirt and coving used as per finishes markup - 150mm height"
"104e46b8-8a4a-5828-a05d-775155d98aaf","","checkpoint-status","not-started","","","TRUE","TRUE","Site QA","Floor Finishes","WING B1","B.76 BED","Carpet / Vinyl","Installer Sign Off: Carpet / Vinyl installed as per manufacturer's instructions"
"024c4a49-03fd-5253-a633-7689925c6298","","checkpoint-status","not-started","","","TRUE","TRUE","Site QA","Floor Finishes","WING B1","B.76 BED","Carpet / Vinyl","Add-Floors Sign Off"
"337a27e6-6611-5a1f-adea-ccdc457350f6","","checkpoint-status","not-started","","","TRUE","TRUE","Site QA","Floor Finishes","WING B1","B.76 BED","Carpet / Vinyl","Foreman installation sign off"
"4b9d3164-e2f5-5a2e-a295-fb5f7e86a720","","checkpoint-group","not-started","","","FALSE","FALSE","Site QA","Floor Finishes","WING B1","B.76 BED","Wall Finish"
"74ba37c5-274b-58eb-8fc7-cd189e83e5dd","","checkpoint-status","not-started","","","TRUE","TRUE","Site QA","Floor Finishes","WING B1","B.76 BED","Wall Finish","Wall Finish installed as per plan"
"c37e8867-03d0-552d-ac74-847bde2a27b4","","checkpoint-group","not-started","","","FALSE","FALSE","Site QA","Floor Finishes","WING B1","B.76 BED","Protection and Handover"
"84db0821-584b-5cdf-a718-994b453bc39d","","checkpoint-status","not-started","","","TRUE","TRUE","Site QA","Floor Finishes","WING B1","B.76 BED","Protection and Handover","Installation complete, checked and reviewed - as per specification"
"077ff0a5-1b7d-5cb2-b44e-ff9d8642e5bc","","checkpoint-status","not-started","","","TRUE","TRUE","Site QA","Floor Finishes","WING B1","B.76 BED","Protection and Handover","Floor protected with bubbleweave floor protection or polyweave"
"60bc70dc-8934-542d-b364-fe2ef37b30f7","","checkpoint-status","not-started","","","TRUE","TRUE","Site QA","Floor Finishes","WING B1","B.76 BED","Protection and Handover","Installer Sign Off: Protection installed as per manufacturer's instructions"
"c65363ae-f61a-4f17-88b9-85d72588e176","","checklist-sectioned","not-started","5a8a68d1221a9e608c282940756e19ac2c3c1dd54ffd7888cef6f74664a05c9a","checklist","FALSE","FALSE","Site QA","Floor Finishes","WING B1","B.77 BED"
"0e50943c-383c-5487-921d-e94c3a1e0076","","checkpoint-group","not-started","","","FALSE","FALSE","Site QA","Floor Finishes","WING B1","B.77 BED","Subfloor, Floor Preparation, Adhesive"
"0c14300c-66bf-536c-9172-642294b141e4","","checkpoint-status","not-started","","","TRUE","TRUE","Site QA","Floor Finishes","WING B1","B.77 BED","Subfloor, Floor Preparation, Adhesive","Confirm area of work is accessible & acceptable to commence (If not comment below)"
"786cad02-b967-5354-8d57-2180fc488a83","","checkpoint-status","not-started","","","TRUE","TRUE","Site QA","Floor Finishes","WING B1","B.77 BED","Subfloor, Floor Preparation, Adhesive","Subfloor mechanically diamond ground"
"52b7771e-228c-4fa3-bf42-f31f2cc75573","","checkpoint-status","not-started","","","TRUE","TRUE","Site QA","Floor Finishes","WING B1","B.77 BED","Subfloor, Floor Preparation, Adhesive","Floor preparation product installed in accordance with manufacturer's instructions"
"54ef9e92-9639-5d41-bede-07984fd096fb","","checkpoint-status","not-started","","","TRUE","TRUE","Site QA","Floor Finishes","WING B1","B.77 BED","Subfloor, Floor Preparation, Adhesive","Floor transitions installed as per instructions from builder"
"1f4379c1-ee2d-498b-a6fc-5e3425807f3c","","checkpoint-status","not-started","","","TRUE","TRUE","Site QA","Floor Finishes","WING B1","B.77 BED","Subfloor, Floor Preparation, Adhesive","Waterproof tested for falls, and water test completed by waterproofers"
"0ccecca1-be48-51d3-bd36-e2dbc38cf6ab","","checkpoint-status","not-started","","","TRUE","TRUE","Site QA","Floor Finishes","WING B1","B.77 BED","Subfloor, Floor Preparation, Adhesive","Correct adhesive used"
"8b43348c-ebb7-5ab8-a523-056120c01275","","checkpoint-group","not-started","","","FALSE","FALSE","Site QA","Floor Finishes","WING B1","B.77 BED","Carpet / Vinyl"
"671405d8-05c4-5daf-895b-c899db774233","","checkpoint-status","not-started","","","TRUE","TRUE","Site QA","Floor Finishes","WING B1","B.77 BED","Carpet / Vinyl","Confirm area of work is accessible & acceptable to commence (If not comment below)"
"838d9693-4fff-5f29-b2ee-3cf37e880458","","checkpoint-status","not-started","","","TRUE","TRUE","Site QA","Floor Finishes","WING B1","B.77 BED","Carpet / Vinyl","Vinyl installed as per plan"
"088a6563-8435-57e7-8e5a-62bc815c548f","","checkpoint-status","not-started","","","TRUE","TRUE","Site QA","Floor Finishes","WING B1","B.77 BED","Carpet / Vinyl","Carpet installed as per plan"
"c5d7e017-79e1-51e0-93e7-f1d02709eea6","","checkpoint-status","not-started","","","TRUE","TRUE","Site QA","Floor Finishes","WING B1","B.77 BED","Carpet / Vinyl","Joints sealed with heat welded seams and mitres as per AS 1884-2012"
"d374631e-6969-55c5-8a43-1f90ff0dff7a","","checkpoint-status","not-started","","","TRUE","TRUE","Site QA","Floor Finishes","WING B1","B.77 BED","Carpet / Vinyl","Vinyl skirt and coving used as per finishes markup - 150mm height"
"276efb79-c99d-5d3e-ab26-540a82dee192","","checkpoint-status","not-started","","","TRUE","TRUE","Site QA","Floor Finishes","WING B1","B.77 BED","Carpet / Vinyl","Installer Sign Off: Carpet / Vinyl installed as per manufacturer's instructions"
"2018d01e-f8a4-52e8-9291-51eb181ae493","","checkpoint-status","not-started","","","TRUE","TRUE","Site QA","Floor Finishes","WING B1","B.77 BED","Carpet / Vinyl","Add-Floors Sign Off"
"5ea43687-9d38-59c0-bd51-3c5137e8d158","","checkpoint-status","not-started","","","TRUE","TRUE","Site QA","Floor Finishes","WING B1","B.77 BED","Carpet / Vinyl","Foreman installation sign off"
"982b7b3c-013a-5c09-994a-4601487c4c8d","","checkpoint-group","not-started","","","FALSE","FALSE","Site QA","Floor Finishes","WING B1","B.77 BED","Wall Finish"
"82c68170-ed93-5575-8d6a-34e420828f06","","checkpoint-status","not-started","","","TRUE","TRUE","Site QA","Floor Finishes","WING B1","B.77 BED","Wall Finish","Wall Finish installed as per plan"
"1a629763-8693-5de6-806b-c27fe74e5c4f","","checkpoint-group","not-started","","","FALSE","FALSE","Site QA","Floor Finishes","WING B1","B.77 BED","Protection and Handover"
"8631677c-1983-54d9-bf37-cdc9f9a1ca3f","","checkpoint-status","not-started","","","TRUE","TRUE","Site QA","Floor Finishes","WING B1","B.77 BED","Protection and Handover","Installation complete, checked and reviewed - as per specification"
"12fd3402-3271-5fcc-8202-11a4675098b4","","checkpoint-status","not-started","","","TRUE","TRUE","Site QA","Floor Finishes","WING B1","B.77 BED","Protection and Handover","Floor protected with bubbleweave floor protection or polyweave"
"0b9dea2b-52de-5beb-84bc-b3d3588e7172","","checkpoint-status","not-started","","","TRUE","TRUE","Site QA","Floor Finishes","WING B1","B.77 BED","Protection and Handover","Installer Sign Off: Protection installed as per manufacturer's instructions"
"71e82f74-7569-45b6-a845-1de49ed54a18","","checklist-sectioned","not-started","5a8a68d1221a9e608c282940756e19ac2c3c1dd54ffd7888cef6f74664a05c9a","checklist","FALSE","FALSE","Site QA","Floor Finishes","WING B1","B.77A ENSUITE"
"b855bd3e-5121-5bc0-ab07-28ff29c9264d","","checkpoint-group","not-started","","","FALSE","FALSE","Site QA","Floor Finishes","WING B1","B.77A ENSUITE","Subfloor, Floor Preparation, Adhesive"
"8463d4e1-e5e7-5c94-88c0-476451379481","","checkpoint-status","not-started","","","TRUE","TRUE","Site QA","Floor Finishes","WING B1","B.77A ENSUITE","Subfloor, Floor Preparation, Adhesive","Confirm area of work is accessible & acceptable to commence (If not comment below)"
"83b78b6d-1cb6-5231-9c65-186edb2393cf","","checkpoint-status","not-started","","","TRUE","TRUE","Site QA","Floor Finishes","WING B1","B.77A ENSUITE","Subfloor, Floor Preparation, Adhesive","Subfloor mechanically diamond ground"
"f631906a-28ff-4015-b4c5-7368bf481d07","","checkpoint-status","not-started","","","TRUE","TRUE","Site QA","Floor Finishes","WING B1","B.77A ENSUITE","Subfloor, Floor Preparation, Adhesive","Floor preparation product installed in accordance with manufacturer's instructions"
"f4acda87-7da8-59e0-b100-3e370e53353e","","checkpoint-status","not-started","","","TRUE","TRUE","Site QA","Floor Finishes","WING B1","B.77A ENSUITE","Subfloor, Floor Preparation, Adhesive","Floor transitions installed as per instructions from builder"
"7e595ea6-2a60-4f0a-995b-46848dea53cb","","checkpoint-status","not-started","","","TRUE","TRUE","Site QA","Floor Finishes","WING B1","B.77A ENSUITE","Subfloor, Floor Preparation, Adhesive","Waterproof tested for falls, and water test completed by waterproofers"
"ae30d3f6-7533-5a75-8dc8-cdc8b73c8be9","","checkpoint-status","not-started","","","TRUE","TRUE","Site QA","Floor Finishes","WING B1","B.77A ENSUITE","Subfloor, Floor Preparation, Adhesive","Correct adhesive used"
"edb2d5a5-7bc3-53a1-99aa-abf12963c23a","","checkpoint-group","not-started","","","FALSE","FALSE","Site QA","Floor Finishes","WING B1","B.77A ENSUITE","Carpet / Vinyl"
"e15ba6c4-6afd-58fa-b365-38ddc29b09b9","","checkpoint-status","not-started","","","TRUE","TRUE","Site QA","Floor Finishes","WING B1","B.77A ENSUITE","Carpet / Vinyl","Confirm area of work is accessible & acceptable to commence (If not comment below)"
"ab09ba09-d1a6-5247-a5e7-cf0f1be9f6e5","","checkpoint-status","not-started","","","TRUE","TRUE","Site QA","Floor Finishes","WING B1","B.77A ENSUITE","Carpet / Vinyl","Vinyl installed as per plan"
"c3c88efa-82ad-5220-95b7-0425262fabaf","","checkpoint-status","not-started","","","TRUE","TRUE","Site QA","Floor Finishes","WING B1","B.77A ENSUITE","Carpet / Vinyl","Carpet installed as per plan"
"fac0cfc9-122e-51ab-8c8b-8b7bc783bd01","","checkpoint-status","not-started","","","TRUE","TRUE","Site QA","Floor Finishes","WING B1","B.77A ENSUITE","Carpet / Vinyl","Joints sealed with heat welded seams and mitres as per AS 1884-2012"
"ef25637c-390f-58f7-b8f8-a3a5049fa10e","","checkpoint-status","not-started","","","TRUE","TRUE","Site QA","Floor Finishes","WING B1","B.77A ENSUITE","Carpet / Vinyl","Vinyl skirt and coving used as per finishes markup - 150mm height"
"c5522d5a-73e6-5ded-93bb-e5786a609229","","checkpoint-status","not-started","","","TRUE","TRUE","Site QA","Floor Finishes","WING B1","B.77A ENSUITE","Carpet / Vinyl","Installer Sign Off: Carpet / Vinyl installed as per manufacturer's instructions"
"c59d62c0-07ba-5177-af77-f962a6f4a391","","checkpoint-status","not-started","","","TRUE","TRUE","Site QA","Floor Finishes","WING B1","B.77A ENSUITE","Carpet / Vinyl","Add-Floors Sign Off"
"49bd2c4b-0553-58de-a289-dae7d416c502","","checkpoint-status","not-started","","","TRUE","TRUE","Site QA","Floor Finishes","WING B1","B.77A ENSUITE","Carpet / Vinyl","Foreman installation sign off"
"be50f5c7-6b62-56e7-817f-30127c215800","","checkpoint-group","not-started","","","FALSE","FALSE","Site QA","Floor Finishes","WING B1","B.77A ENSUITE","Wall Finish"
"20f1921b-ba18-57db-9cb7-cbb6442ebb31","","checkpoint-status","not-started","","","TRUE","TRUE","Site QA","Floor Finishes","WING B1","B.77A ENSUITE","Wall Finish","Wall Finish installed as per plan"
"ec2d35d9-dd45-54a3-8474-e5e9409dc3f4","","checkpoint-group","not-started","","","FALSE","FALSE","Site QA","Floor Finishes","WING B1","B.77A ENSUITE","Protection and Handover"
"d0b14c8f-d8e4-5038-a1a8-e3c94ca1cae5","","checkpoint-status","not-started","","","TRUE","TRUE","Site QA","Floor Finishes","WING B1","B.77A ENSUITE","Protection and Handover","Installation complete, checked and reviewed - as per specification"
"7b00ca1b-8d81-581c-94c7-72cea40e71fc","","checkpoint-status","not-started","","","TRUE","TRUE","Site QA","Floor Finishes","WING B1","B.77A ENSUITE","Protection and Handover","Floor protected with bubbleweave floor protection or polyweave"
"6ddd340c-76df-527c-93b2-cf98fd197772","","checkpoint-status","not-started","","","TRUE","TRUE","Site QA","Floor Finishes","WING B1","B.77A ENSUITE","Protection and Handover","Installer Sign Off: Protection installed as per manufacturer's instructions"
"61d7574c-31b4-414c-8e07-e1509861444e","","checklist-sectioned","not-started","5a8a68d1221a9e608c282940756e19ac2c3c1dd54ffd7888cef6f74664a05c9a","checklist","FALSE","FALSE","Site QA","Floor Finishes","WING B1","B.78 BED"
"b379c26d-b36d-5e46-a665-bc771b42e6e1","","checkpoint-group","not-started","","","FALSE","FALSE","Site QA","Floor Finishes","WING B1","B.78 BED","Subfloor, Floor Preparation, Adhesive"
"a246261d-cbf0-5799-b254-bf218173b1b5","","checkpoint-status","not-started","","","TRUE","TRUE","Site QA","Floor Finishes","WING B1","B.78 BED","Subfloor, Floor Preparation, Adhesive","Confirm area of work is accessible & acceptable to commence (If not comment below)"
"7d43a3ce-f692-563f-b429-a871f55974cc","","checkpoint-status","not-started","","","TRUE","TRUE","Site QA","Floor Finishes","WING B1","B.78 BED","Subfloor, Floor Preparation, Adhesive","Subfloor mechanically diamond ground"
"4b5fbffa-bf2b-4a32-b404-1c9e4322365d","","checkpoint-status","not-started","","","TRUE","TRUE","Site QA","Floor Finishes","WING B1","B.78 BED","Subfloor, Floor Preparation, Adhesive","Floor preparation product installed in accordance with manufacturer's instructions"
"36adcad5-8810-5f41-979c-93b994dfff50","","checkpoint-status","not-started","","","TRUE","TRUE","Site QA","Floor Finishes","WING B1","B.78 BED","Subfloor, Floor Preparation, Adhesive","Floor transitions installed as per instructions from builder"
"8c182119-b936-46b6-a372-f09ac4f3f20f","","checkpoint-status","not-started","","","TRUE","TRUE","Site QA","Floor Finishes","WING B1","B.78 BED","Subfloor, Floor Preparation, Adhesive","Waterproof tested for falls, and water test completed by waterproofers"
"a4981991-8d39-5023-88a8-bb420f40ecbc","","checkpoint-status","not-started","","","TRUE","TRUE","Site QA","Floor Finishes","WING B1","B.78 BED","Subfloor, Floor Preparation, Adhesive","Correct adhesive used"
"425a68ea-5e69-5113-9610-ae260d64b7b4","","checkpoint-group","not-started","","","FALSE","FALSE","Site QA","Floor Finishes","WING B1","B.78 BED","Carpet / Vinyl"
"4f6043ea-96eb-51da-ad33-cb6527dc298d","","checkpoint-status","not-started","","","TRUE","TRUE","Site QA","Floor Finishes","WING B1","B.78 BED","Carpet / Vinyl","Confirm area of work is accessible & acceptable to commence (If not comment below)"
"c2d8722a-4ee2-5885-8664-ec192915b13e","","checkpoint-status","not-started","","","TRUE","TRUE","Site QA","Floor Finishes","WING B1","B.78 BED","Carpet / Vinyl","Vinyl installed as per plan"
"a568b844-7551-5473-8d80-eff1f1a23da5","","checkpoint-status","not-started","","","TRUE","TRUE","Site QA","Floor Finishes","WING B1","B.78 BED","Carpet / Vinyl","Carpet installed as per plan"
"694184b2-351b-5bbc-99e5-d123f29c5ae4","","checkpoint-status","not-started","","","TRUE","TRUE","Site QA","Floor Finishes","WING B1","B.78 BED","Carpet / Vinyl","Joints sealed with heat welded seams and mitres as per AS 1884-2012"
"3cee3242-4229-5b10-92a3-19acf4088eea","","checkpoint-status","not-started","","","TRUE","TRUE","Site QA","Floor Finishes","WING B1","B.78 BED","Carpet / Vinyl","Vinyl skirt and coving used as per finishes markup - 150mm height"
"3fcc8870-ca81-5258-a031-27349ca45b3e","","checkpoint-status","not-started","","","TRUE","TRUE","Site QA","Floor Finishes","WING B1","B.78 BED","Carpet / Vinyl","Installer Sign Off: Carpet / Vinyl installed as per manufacturer's instructions"
"b234ce66-1656-56ef-80eb-81da89e1d37a","","checkpoint-status","not-started","","","TRUE","TRUE","Site QA","Floor Finishes","WING B1","B.78 BED","Carpet / Vinyl","Add-Floors Sign Off"
"be3729a3-83c9-5dda-a368-6e9fa5309707","","checkpoint-status","not-started","","","TRUE","TRUE","Site QA","Floor Finishes","WING B1","B.78 BED","Carpet / Vinyl","Foreman installation sign off"
"5b2051fb-30c8-5465-be70-cd72792e3c08","","checkpoint-group","not-started","","","FALSE","FALSE","Site QA","Floor Finishes","WING B1","B.78 BED","Wall Finish"
"726956b5-22e5-5972-92fa-2db3389dcc79","","checkpoint-status","not-started","","","TRUE","TRUE","Site QA","Floor Finishes","WING B1","B.78 BED","Wall Finish","Wall Finish installed as per plan"
"c0aa6568-6e02-57c5-9073-7bb760179d0d","","checkpoint-group","not-started","","","FALSE","FALSE","Site QA","Floor Finishes","WING B1","B.78 BED","Protection and Handover"
"96a6e29b-1e79-5b8f-a93e-454f9b5c0068","","checkpoint-status","not-started","","","TRUE","TRUE","Site QA","Floor Finishes","WING B1","B.78 BED","Protection and Handover","Installation complete, checked and reviewed - as per specification"
"54d63eca-7955-5b4b-a0f0-bc8256b8eae5","","checkpoint-status","not-started","","","TRUE","TRUE","Site QA","Floor Finishes","WING B1","B.78 BED","Protection and Handover","Floor protected with bubbleweave floor protection or polyweave"
"a02e8a4a-d56f-5a09-a593-8f34debe9efb","","checkpoint-status","not-started","","","TRUE","TRUE","Site QA","Floor Finishes","WING B1","B.78 BED","Protection and Handover","Installer Sign Off: Protection installed as per manufacturer's instructions"
"9844e2a1-4e06-492e-9437-0a3db8d0e126","","checklist-sectioned","not-started","5a8a68d1221a9e608c282940756e19ac2c3c1dd54ffd7888cef6f74664a05c9a","checklist","FALSE","FALSE","Site QA","Floor Finishes","WING B1","B.78A ENSUITE"
"aae9a43b-5668-5a4b-bf79-2e26668bfb53","","checkpoint-group","not-started","","","FALSE","FALSE","Site QA","Floor Finishes","WING B1","B.78A ENSUITE","Subfloor, Floor Preparation, Adhesive"
"315442e1-27d3-57f2-b1d8-7c96a199f730","","checkpoint-status","not-started","","","TRUE","TRUE","Site QA","Floor Finishes","WING B1","B.78A ENSUITE","Subfloor, Floor Preparation, Adhesive","Confirm area of work is accessible & acceptable to commence (If not comment below)"
"69319a9c-4938-5aa3-b627-8fda9e89bfef","","checkpoint-status","not-started","","","TRUE","TRUE","Site QA","Floor Finishes","WING B1","B.78A ENSUITE","Subfloor, Floor Preparation, Adhesive","Subfloor mechanically diamond ground"
"77225c9c-ea33-4a32-92c8-5788bda04473","","checkpoint-status","not-started","","","TRUE","TRUE","Site QA","Floor Finishes","WING B1","B.78A ENSUITE","Subfloor, Floor Preparation, Adhesive","Floor preparation product installed in accordance with manufacturer's instructions"
"68aaced2-f0c2-54f8-a731-e127727eb218","","checkpoint-status","not-started","","","TRUE","TRUE","Site QA","Floor Finishes","WING B1","B.78A ENSUITE","Subfloor, Floor Preparation, Adhesive","Floor transitions installed as per instructions from builder"
"508ed7a4-7870-4e5d-9026-d3fefa7ecc9c","","checkpoint-status","not-started","","","TRUE","TRUE","Site QA","Floor Finishes","WING B1","B.78A ENSUITE","Subfloor, Floor Preparation, Adhesive","Waterproof tested for falls, and water test completed by waterproofers"
"ae65c479-ea72-5dd1-b222-40a88397ba64","","checkpoint-status","not-started","","","TRUE","TRUE","Site QA","Floor Finishes","WING B1","B.78A ENSUITE","Subfloor, Floor Preparation, Adhesive","Correct adhesive used"
"f53327c8-b815-585d-a676-7ab04baf52be","","checkpoint-group","not-started","","","FALSE","FALSE","Site QA","Floor Finishes","WING B1","B.78A ENSUITE","Carpet / Vinyl"
"1baf4c09-c0c2-5965-8da5-03591268842f","","checkpoint-status","not-started","","","TRUE","TRUE","Site QA","Floor Finishes","WING B1","B.78A ENSUITE","Carpet / Vinyl","Confirm area of work is accessible & acceptable to commence (If not comment below)"
"05f1880d-ce31-59c4-85cc-094ef8999b46","","checkpoint-status","not-started","","","TRUE","TRUE","Site QA","Floor Finishes","WING B1","B.78A ENSUITE","Carpet / Vinyl","Vinyl installed as per plan"
"0bf4beac-ec05-51fa-ac0d-264bb6d0c6d2","","checkpoint-status","not-started","","","TRUE","TRUE","Site QA","Floor Finishes","WING B1","B.78A ENSUITE","Carpet / Vinyl","Carpet installed as per plan"
"5b3d11db-a94a-52be-93e6-d20380a25756","","checkpoint-status","not-started","","","TRUE","TRUE","Site QA","Floor Finishes","WING B1","B.78A ENSUITE","Carpet / Vinyl","Joints sealed with heat welded seams and mitres as per AS 1884-2012"
"3af79f07-b1e6-5906-a3cf-53c7ed81131b","","checkpoint-status","not-started","","","TRUE","TRUE","Site QA","Floor Finishes","WING B1","B.78A ENSUITE","Carpet / Vinyl","Vinyl skirt and coving used as per finishes markup - 150mm height"
"e10c7d15-f32f-55be-a8de-f68a74691ebd","","checkpoint-status","not-started","","","TRUE","TRUE","Site QA","Floor Finishes","WING B1","B.78A ENSUITE","Carpet / Vinyl","Installer Sign Off: Carpet / Vinyl installed as per manufacturer's instructions"
"4d45d8ff-f8e8-5cae-8427-765e9195333d","","checkpoint-status","not-started","","","TRUE","TRUE","Site QA","Floor Finishes","WING B1","B.78A ENSUITE","Carpet / Vinyl","Add-Floors Sign Off"
"90a01119-33aa-5cf3-8088-02be0a9febb9","","checkpoint-status","not-started","","","TRUE","TRUE","Site QA","Floor Finishes","WING B1","B.78A ENSUITE","Carpet / Vinyl","Foreman installation sign off"
"69985f34-8a2a-5594-ae91-1f86a0e8e1c1","","checkpoint-group","not-started","","","FALSE","FALSE","Site QA","Floor Finishes","WING B1","B.78A ENSUITE","Wall Finish"
"7b4ce726-8fec-5bb4-816d-dbb301f8461e","","checkpoint-status","not-started","","","TRUE","TRUE","Site QA","Floor Finishes","WING B1","B.78A ENSUITE","Wall Finish","Wall Finish installed as per plan"
"f692e834-7ad9-51a2-8a44-ce86a4f6d493","","checkpoint-group","not-started","","","FALSE","FALSE","Site QA","Floor Finishes","WING B1","B.78A ENSUITE","Protection and Handover"
"728322a0-11ad-517c-af41-be881c8a526f","","checkpoint-status","not-started","","","TRUE","TRUE","Site QA","Floor Finishes","WING B1","B.78A ENSUITE","Protection and Handover","Installation complete, checked and reviewed - as per specification"
"28753381-0e5f-5578-9534-b4b30b4b92dd","","checkpoint-status","not-started","","","TRUE","TRUE","Site QA","Floor Finishes","WING B1","B.78A ENSUITE","Protection and Handover","Floor protected with bubbleweave floor protection or polyweave"
"734580d9-72ae-57be-8765-bcd320079ccc","","checkpoint-status","not-started","","","TRUE","TRUE","Site QA","Floor Finishes","WING B1","B.78A ENSUITE","Protection and Handover","Installer Sign Off: Protection installed as per manufacturer's instructions"
"b563ed5a-0e13-4560-80df-9e1e17204fa6","","checklist-sectioned","not-started","5a8a68d1221a9e608c282940756e19ac2c3c1dd54ffd7888cef6f74664a05c9a","checklist","FALSE","FALSE","Site QA","Floor Finishes","WING B1","B.79 BED"
"391d054a-4bd8-5d8e-aa79-919496b51ce9","","checkpoint-group","not-started","","","FALSE","FALSE","Site QA","Floor Finishes","WING B1","B.79 BED","Subfloor, Floor Preparation, Adhesive"
"9eb01330-cad9-5830-bd54-8767e78837e0","","checkpoint-status","not-started","","","TRUE","TRUE","Site QA","Floor Finishes","WING B1","B.79 BED","Subfloor, Floor Preparation, Adhesive","Confirm area of work is accessible & acceptable to commence (If not comment below)"
"b6f6ea6e-0377-5a07-9ae5-ccbfbebe6778","","checkpoint-status","not-started","","","TRUE","TRUE","Site QA","Floor Finishes","WING B1","B.79 BED","Subfloor, Floor Preparation, Adhesive","Subfloor mechanically diamond ground"
"400a36a7-d98a-44c6-b8c6-d4fba93b9542","","checkpoint-status","not-started","","","TRUE","TRUE","Site QA","Floor Finishes","WING B1","B.79 BED","Subfloor, Floor Preparation, Adhesive","Floor preparation product installed in accordance with manufacturer's instructions"
"4b61a098-54bb-5303-835f-83b4fb055d5d","","checkpoint-status","not-started","","","TRUE","TRUE","Site QA","Floor Finishes","WING B1","B.79 BED","Subfloor, Floor Preparation, Adhesive","Floor transitions installed as per instructions from builder"
"63ddef06-b49a-4ddd-929c-68d5ccbfcaa8","","checkpoint-status","not-started","","","TRUE","TRUE","Site QA","Floor Finishes","WING B1","B.79 BED","Subfloor, Floor Preparation, Adhesive","Waterproof tested for falls, and water test completed by waterproofers"
"c71d5061-d6b5-58b5-b21e-54bfa83cd347","","checkpoint-status","not-started","","","TRUE","TRUE","Site QA","Floor Finishes","WING B1","B.79 BED","Subfloor, Floor Preparation, Adhesive","Correct adhesive used"
"88b337cb-424a-52ec-b4eb-0b0ead3dbcc9","","checkpoint-group","not-started","","","FALSE","FALSE","Site QA","Floor Finishes","WING B1","B.79 BED","Carpet / Vinyl"
"8b9a7f23-116e-5b5b-973c-f81ff432458c","","checkpoint-status","not-started","","","TRUE","TRUE","Site QA","Floor Finishes","WING B1","B.79 BED","Carpet / Vinyl","Confirm area of work is accessible & acceptable to commence (If not comment below)"
"7b9dd78e-46db-588b-88e3-494e34331b7e","","checkpoint-status","not-started","","","TRUE","TRUE","Site QA","Floor Finishes","WING B1","B.79 BED","Carpet / Vinyl","Vinyl installed as per plan"
"d89fee56-39c4-5f2d-a082-d47b800f15dd","","checkpoint-status","not-started","","","TRUE","TRUE","Site QA","Floor Finishes","WING B1","B.79 BED","Carpet / Vinyl","Carpet installed as per plan"
"a9e55d25-6b58-5ac1-a161-a23ed97d424d","","checkpoint-status","not-started","","","TRUE","TRUE","Site QA","Floor Finishes","WING B1","B.79 BED","Carpet / Vinyl","Joints sealed with heat welded seams and mitres as per AS 1884-2012"
"f195df77-8543-5d47-9e3f-4218e8744bdd","","checkpoint-status","not-started","","","TRUE","TRUE","Site QA","Floor Finishes","WING B1","B.79 BED","Carpet / Vinyl","Vinyl skirt and coving used as per finishes markup - 150mm height"
"f71851ea-0353-511a-b5a9-05d0f621cbad","","checkpoint-status","not-started","","","TRUE","TRUE","Site QA","Floor Finishes","WING B1","B.79 BED","Carpet / Vinyl","Installer Sign Off: Carpet / Vinyl installed as per manufacturer's instructions"
"8f66a0d0-e157-575c-985a-d67e7278719e","","checkpoint-status","not-started","","","TRUE","TRUE","Site QA","Floor Finishes","WING B1","B.79 BED","Carpet / Vinyl","Add-Floors Sign Off"
"5d6db9fb-0688-52b6-9660-c113a939a098","","checkpoint-status","not-started","","","TRUE","TRUE","Site QA","Floor Finishes","WING B1","B.79 BED","Carpet / Vinyl","Foreman installation sign off"
"e7d0a0ab-fda9-512f-a303-6ebcae5773d7","","checkpoint-group","not-started","","","FALSE","FALSE","Site QA","Floor Finishes","WING B1","B.79 BED","Wall Finish"
"1b35f285-4c6c-50a5-bb37-d44a5fbb50a7","","checkpoint-status","not-started","","","TRUE","TRUE","Site QA","Floor Finishes","WING B1","B.79 BED","Wall Finish","Wall Finish installed as per plan"
"44442e92-a219-5ecf-b31a-8c9abae58d53","","checkpoint-group","not-started","","","FALSE","FALSE","Site QA","Floor Finishes","WING B1","B.79 BED","Protection and Handover"
"10c9f204-3f72-5c8f-86c0-a5a13adbcd89","","checkpoint-status","not-started","","","TRUE","TRUE","Site QA","Floor Finishes","WING B1","B.79 BED","Protection and Handover","Installation complete, checked and reviewed - as per specification"
"f2362635-6cc6-51e8-b171-7fe120cede9a","","checkpoint-status","not-started","","","TRUE","TRUE","Site QA","Floor Finishes","WING B1","B.79 BED","Protection and Handover","Floor protected with bubbleweave floor protection or polyweave"
"b985f90b-7d4d-53b5-b433-7e8d406b9124","","checkpoint-status","not-started","","","TRUE","TRUE","Site QA","Floor Finishes","WING B1","B.79 BED","Protection and Handover","Installer Sign Off: Protection installed as per manufacturer's instructions"
"ccf0ab21-fe65-4ddd-a100-f1261794b9bd","","checklist-sectioned","not-started","5a8a68d1221a9e608c282940756e19ac2c3c1dd54ffd7888cef6f74664a05c9a","checklist","FALSE","FALSE","Site QA","Floor Finishes","WING B1","B.79A ENSUITE"
"dfad2aa1-c9e3-5c5f-bc51-cb3454de47df","","checkpoint-group","not-started","","","FALSE","FALSE","Site QA","Floor Finishes","WING B1","B.79A ENSUITE","Subfloor, Floor Preparation, Adhesive"
"e157ac72-d778-50da-aa17-56f1d25096c6","","checkpoint-status","not-started","","","TRUE","TRUE","Site QA","Floor Finishes","WING B1","B.79A ENSUITE","Subfloor, Floor Preparation, Adhesive","Confirm area of work is accessible & acceptable to commence (If not comment below)"
"e3090b0b-c70b-5c59-acbd-c2ccf02ffe2a","","checkpoint-status","not-started","","","TRUE","TRUE","Site QA","Floor Finishes","WING B1","B.79A ENSUITE","Subfloor, Floor Preparation, Adhesive","Subfloor mechanically diamond ground"
"40110d8c-d914-4b77-bb0d-f03b9abd000d","","checkpoint-status","not-started","","","TRUE","TRUE","Site QA","Floor Finishes","WING B1","B.79A ENSUITE","Subfloor, Floor Preparation, Adhesive","Floor preparation product installed in accordance with manufacturer's instructions"
"2a856ff5-ac26-5996-a62e-19bfed591633","","checkpoint-status","not-started","","","TRUE","TRUE","Site QA","Floor Finishes","WING B1","B.79A ENSUITE","Subfloor, Floor Preparation, Adhesive","Floor transitions installed as per instructions from builder"
"a90471f0-d863-43ec-8782-e4147ef337cb","","checkpoint-status","not-started","","","TRUE","TRUE","Site QA","Floor Finishes","WING B1","B.79A ENSUITE","Subfloor, Floor Preparation, Adhesive","Waterproof tested for falls, and water test completed by waterproofers"
"0010fdec-84a4-53bf-b325-e7d01abcfc9f","","checkpoint-status","not-started","","","TRUE","TRUE","Site QA","Floor Finishes","WING B1","B.79A ENSUITE","Subfloor, Floor Preparation, Adhesive","Correct adhesive used"
"0010c12e-3089-59f8-91a5-f8ace1a5df86","","checkpoint-group","not-started","","","FALSE","FALSE","Site QA","Floor Finishes","WING B1","B.79A ENSUITE","Carpet / Vinyl"
"bea9e423-0b2e-5f8b-8834-a67b1a86c4d5","","checkpoint-status","not-started","","","TRUE","TRUE","Site QA","Floor Finishes","WING B1","B.79A ENSUITE","Carpet / Vinyl","Confirm area of work is accessible & acceptable to commence (If not comment below)"
"0fd6b927-4dd2-56d1-9394-49c2e00641ac","","checkpoint-status","not-started","","","TRUE","TRUE","Site QA","Floor Finishes","WING B1","B.79A ENSUITE","Carpet / Vinyl","Vinyl installed as per plan"
"03c23f11-2506-5485-b0ed-fc35c132ca7e","","checkpoint-status","not-started","","","TRUE","TRUE","Site QA","Floor Finishes","WING B1","B.79A ENSUITE","Carpet / Vinyl","Carpet installed as per plan"
"ca3936f5-a324-5e7a-94a5-417f1de4bb55","","checkpoint-status","not-started","","","TRUE","TRUE","Site QA","Floor Finishes","WING B1","B.79A ENSUITE","Carpet / Vinyl","Joints sealed with heat welded seams and mitres as per AS 1884-2012"
"0b6aabc9-9e2a-518f-8c00-fcc301911a11","","checkpoint-status","not-started","","","TRUE","TRUE","Site QA","Floor Finishes","WING B1","B.79A ENSUITE","Carpet / Vinyl","Vinyl skirt and coving used as per finishes markup - 150mm height"
"86eca5ae-fc8c-5e92-a1de-96d3be4cd867","","checkpoint-status","not-started","","","TRUE","TRUE","Site QA","Floor Finishes","WING B1","B.79A ENSUITE","Carpet / Vinyl","Installer Sign Off: Carpet / Vinyl installed as per manufacturer's instructions"
"c497733e-ab66-59bc-865e-505b1665772c","","checkpoint-status","not-started","","","TRUE","TRUE","Site QA","Floor Finishes","WING B1","B.79A ENSUITE","Carpet / Vinyl","Add-Floors Sign Off"
"cd9ed22a-a2c6-5775-b30a-3e3463f1b94a","","checkpoint-status","not-started","","","TRUE","TRUE","Site QA","Floor Finishes","WING B1","B.79A ENSUITE","Carpet / Vinyl","Foreman installation sign off"
"24296e89-c957-54a9-9594-04b1eca5d20e","","checkpoint-group","not-started","","","FALSE","FALSE","Site QA","Floor Finishes","WING B1","B.79A ENSUITE","Wall Finish"
"b07a29f7-c182-503a-bc98-eb17d464d959","","checkpoint-status","not-started","","","TRUE","TRUE","Site QA","Floor Finishes","WING B1","B.79A ENSUITE","Wall Finish","Wall Finish installed as per plan"
"5050fa03-51a1-5fac-b9d7-37a1fcedab8e","","checkpoint-group","not-started","","","FALSE","FALSE","Site QA","Floor Finishes","WING B1","B.79A ENSUITE","Protection and Handover"
"70ae3fd8-307f-5b84-8b21-50b99d039715","","checkpoint-status","not-started","","","TRUE","TRUE","Site QA","Floor Finishes","WING B1","B.79A ENSUITE","Protection and Handover","Installation complete, checked and reviewed - as per specification"
"6fefa952-0b10-5066-b1fd-94530924f913","","checkpoint-status","not-started","","","TRUE","TRUE","Site QA","Floor Finishes","WING B1","B.79A ENSUITE","Protection and Handover","Floor protected with bubbleweave floor protection or polyweave"
"811f7602-3e2e-59f3-a7a3-6ed6de5b2250","","checkpoint-status","not-started","","","TRUE","TRUE","Site QA","Floor Finishes","WING B1","B.79A ENSUITE","Protection and Handover","Installer Sign Off: Protection installed as per manufacturer's instructions"
"c169e1ae-775d-437e-9102-d43804603e98","","checklist-sectioned","not-started","5a8a68d1221a9e608c282940756e19ac2c3c1dd54ffd7888cef6f74664a05c9a","checklist","FALSE","FALSE","Site QA","Floor Finishes","WING B1","B.80 BED"
"4127358f-f70b-570b-b7b0-f60002eef8be","","checkpoint-group","not-started","","","FALSE","FALSE","Site QA","Floor Finishes","WING B1","B.80 BED","Subfloor, Floor Preparation, Adhesive"
"a28eacc6-4831-53b6-b075-9a2573a93a0e","","checkpoint-status","not-started","","","TRUE","TRUE","Site QA","Floor Finishes","WING B1","B.80 BED","Subfloor, Floor Preparation, Adhesive","Confirm area of work is accessible & acceptable to commence (If not comment below)"
"34c28b93-1455-575f-8571-e45c3799fad3","","checkpoint-status","not-started","","","TRUE","TRUE","Site QA","Floor Finishes","WING B1","B.80 BED","Subfloor, Floor Preparation, Adhesive","Subfloor mechanically diamond ground"
"5286559c-2990-4519-8697-38dcba582a1e","","checkpoint-status","not-started","","","TRUE","TRUE","Site QA","Floor Finishes","WING B1","B.80 BED","Subfloor, Floor Preparation, Adhesive","Floor preparation product installed in accordance with manufacturer's instructions"
"f324e9aa-9246-5156-b6ee-471d93851c3a","","checkpoint-status","not-started","","","TRUE","TRUE","Site QA","Floor Finishes","WING B1","B.80 BED","Subfloor, Floor Preparation, Adhesive","Floor transitions installed as per instructions from builder"
"0bfad366-8811-4d81-8ec8-a745bae64d61","","checkpoint-status","not-started","","","TRUE","TRUE","Site QA","Floor Finishes","WING B1","B.80 BED","Subfloor, Floor Preparation, Adhesive","Waterproof tested for falls, and water test completed by waterproofers"
"af8101da-d190-5c99-9f2a-c84e2250ceee","","checkpoint-status","not-started","","","TRUE","TRUE","Site QA","Floor Finishes","WING B1","B.80 BED","Subfloor, Floor Preparation, Adhesive","Correct adhesive used"
"a400bb42-fa4c-51cf-9774-bb93ce26a15e","","checkpoint-group","not-started","","","FALSE","FALSE","Site QA","Floor Finishes","WING B1","B.80 BED","Carpet / Vinyl"
"00b3dcdc-3f81-526e-a241-d28d9f7f39b1","","checkpoint-status","not-started","","","TRUE","TRUE","Site QA","Floor Finishes","WING B1","B.80 BED","Carpet / Vinyl","Confirm area of work is accessible & acceptable to commence (If not comment below)"
"a1b0ec95-503a-590a-9187-f4ec078abb83","","checkpoint-status","not-started","","","TRUE","TRUE","Site QA","Floor Finishes","WING B1","B.80 BED","Carpet / Vinyl","Vinyl installed as per plan"
"a8b30ade-106e-57c8-b8f2-3129a9887d17","","checkpoint-status","not-started","","","TRUE","TRUE","Site QA","Floor Finishes","WING B1","B.80 BED","Carpet / Vinyl","Carpet installed as per plan"
"a01e8097-bc38-5c33-b836-b6db165e1f17","","checkpoint-status","not-started","","","TRUE","TRUE","Site QA","Floor Finishes","WING B1","B.80 BED","Carpet / Vinyl","Joints sealed with heat welded seams and mitres as per AS 1884-2012"
"c8049cd8-9cf7-5a70-8031-d3d7e5af0da9","","checkpoint-status","not-started","","","TRUE","TRUE","Site QA","Floor Finishes","WING B1","B.80 BED","Carpet / Vinyl","Vinyl skirt and coving used as per finishes markup - 150mm height"
"b81c07f4-a63f-5c2c-aa19-176724487417","","checkpoint-status","not-started","","","TRUE","TRUE","Site QA","Floor Finishes","WING B1","B.80 BED","Carpet / Vinyl","Installer Sign Off: Carpet / Vinyl installed as per manufacturer's instructions"
"69d57e6b-eba7-5738-baaf-da8b305d036b","","checkpoint-status","not-started","","","TRUE","TRUE","Site QA","Floor Finishes","WING B1","B.80 BED","Carpet / Vinyl","Add-Floors Sign Off"
"e765b5df-2e2d-5ef8-8baf-c6e4f5894667","","checkpoint-status","not-started","","","TRUE","TRUE","Site QA","Floor Finishes","WING B1","B.80 BED","Carpet / Vinyl","Foreman installation sign off"
"067b1675-a3e8-5935-992c-e3fc843e03cc","","checkpoint-group","not-started","","","FALSE","FALSE","Site QA","Floor Finishes","WING B1","B.80 BED","Wall Finish"
"66a3a160-348f-527a-b068-761097c1bad2","","checkpoint-status","not-started","","","TRUE","TRUE","Site QA","Floor Finishes","WING B1","B.80 BED","Wall Finish","Wall Finish installed as per plan"
"7ebd3db4-d7dd-5a51-bd2e-e3dd5a420ff8","","checkpoint-group","not-started","","","FALSE","FALSE","Site QA","Floor Finishes","WING B1","B.80 BED","Protection and Handover"
"3b924b0d-daa8-58ad-9df3-4f559bdbebdf","","checkpoint-status","not-started","","","TRUE","TRUE","Site QA","Floor Finishes","WING B1","B.80 BED","Protection and Handover","Installation complete, checked and reviewed - as per specification"
"596ffae3-ece6-5e11-a4ad-8a46282b253d","","checkpoint-status","not-started","","","TRUE","TRUE","Site QA","Floor Finishes","WING B1","B.80 BED","Protection and Handover","Floor protected with bubbleweave floor protection or polyweave"
"b74452a0-33bb-5285-87d4-448c3e9dfe99","","checkpoint-status","not-started","","","TRUE","TRUE","Site QA","Floor Finishes","WING B1","B.80 BED","Protection and Handover","Installer Sign Off: Protection installed as per manufacturer's instructions"
"f0ee640e-471f-4b9e-ab37-3fd2029995ca","","checklist-sectioned","not-started","5a8a68d1221a9e608c282940756e19ac2c3c1dd54ffd7888cef6f74664a05c9a","checklist","FALSE","FALSE","Site QA","Floor Finishes","WING B1","B.80A ENSUITE"
"d1178be8-2111-5318-ab0a-8d88fe47abb6","","checkpoint-group","not-started","","","FALSE","FALSE","Site QA","Floor Finishes","WING B1","B.80A ENSUITE","Subfloor, Floor Preparation, Adhesive"
"bf3d399b-5195-5c5f-8579-bde57d30937a","","checkpoint-status","not-started","","","TRUE","TRUE","Site QA","Floor Finishes","WING B1","B.80A ENSUITE","Subfloor, Floor Preparation, Adhesive","Confirm area of work is accessible & acceptable to commence (If not comment below)"
"451eec48-b562-5ed8-895a-8c503bfde74b","","checkpoint-status","not-started","","","TRUE","TRUE","Site QA","Floor Finishes","WING B1","B.80A ENSUITE","Subfloor, Floor Preparation, Adhesive","Subfloor mechanically diamond ground"
"61a59128-6969-47c8-8bd6-c65b6521c2a6","","checkpoint-status","not-started","","","TRUE","TRUE","Site QA","Floor Finishes","WING B1","B.80A ENSUITE","Subfloor, Floor Preparation, Adhesive","Floor preparation product installed in accordance with manufacturer's instructions"
"2664617f-85cd-52b0-8d3f-55dc0554b377","","checkpoint-status","not-started","","","TRUE","TRUE","Site QA","Floor Finishes","WING B1","B.80A ENSUITE","Subfloor, Floor Preparation, Adhesive","Floor transitions installed as per instructions from builder"
"700490c2-2e61-4dd5-ab6a-77f5d4227705","","checkpoint-status","not-started","","","TRUE","TRUE","Site QA","Floor Finishes","WING B1","B.80A ENSUITE","Subfloor, Floor Preparation, Adhesive","Waterproof tested for falls, and water test completed by waterproofers"
"6403b797-f957-5711-a84d-c4c5ced7e45f","","checkpoint-status","not-started","","","TRUE","TRUE","Site QA","Floor Finishes","WING B1","B.80A ENSUITE","Subfloor, Floor Preparation, Adhesive","Correct adhesive used"
"fe8b900a-c17a-5194-83d0-a9dfaa27d301","","checkpoint-group","not-started","","","FALSE","FALSE","Site QA","Floor Finishes","WING B1","B.80A ENSUITE","Carpet / Vinyl"
"f83efa29-0936-5d8d-8778-9f1d482569b1","","checkpoint-status","not-started","","","TRUE","TRUE","Site QA","Floor Finishes","WING B1","B.80A ENSUITE","Carpet / Vinyl","Confirm area of work is accessible & acceptable to commence (If not comment below)"
"fb11dcf0-ae2a-510f-afef-838ba48052bd","","checkpoint-status","not-started","","","TRUE","TRUE","Site QA","Floor Finishes","WING B1","B.80A ENSUITE","Carpet / Vinyl","Vinyl installed as per plan"
"4dec0442-b911-5f32-9fc7-5c4622ad8232","","checkpoint-status","not-started","","","TRUE","TRUE","Site QA","Floor Finishes","WING B1","B.80A ENSUITE","Carpet / Vinyl","Carpet installed as per plan"
"9b03449a-0c2a-5ab9-b2c2-c2399776b6d7","","checkpoint-status","not-started","","","TRUE","TRUE","Site QA","Floor Finishes","WING B1","B.80A ENSUITE","Carpet / Vinyl","Joints sealed with heat welded seams and mitres as per AS 1884-2012"
"931228a1-90d3-51f8-91f9-f16e4f0fb3bc","","checkpoint-status","not-started","","","TRUE","TRUE","Site QA","Floor Finishes","WING B1","B.80A ENSUITE","Carpet / Vinyl","Vinyl skirt and coving used as per finishes markup - 150mm height"
"415842cd-5f12-5a93-ab9d-c334f8f00512","","checkpoint-status","not-started","","","TRUE","TRUE","Site QA","Floor Finishes","WING B1","B.80A ENSUITE","Carpet / Vinyl","Installer Sign Off: Carpet / Vinyl installed as per manufacturer's instructions"
"81abdd47-ef2a-5073-abec-325ac6ec4f4a","","checkpoint-status","not-started","","","TRUE","TRUE","Site QA","Floor Finishes","WING B1","B.80A ENSUITE","Carpet / Vinyl","Add-Floors Sign Off"
"1109efd5-5b5a-59d2-a3d7-99750caa1029","","checkpoint-status","not-started","","","TRUE","TRUE","Site QA","Floor Finishes","WING B1","B.80A ENSUITE","Carpet / Vinyl","Foreman installation sign off"
"9b944732-6e50-596c-9844-b6ac02dbb387","","checkpoint-group","not-started","","","FALSE","FALSE","Site QA","Floor Finishes","WING B1","B.80A ENSUITE","Wall Finish"
"b2fe066e-c578-53c7-9658-63a4a56c999d","","checkpoint-status","not-started","","","TRUE","TRUE","Site QA","Floor Finishes","WING B1","B.80A ENSUITE","Wall Finish","Wall Finish installed as per plan"
"8a718cb2-522f-58ab-abe7-b0d868a9baa3","","checkpoint-group","not-started","","","FALSE","FALSE","Site QA","Floor Finishes","WING B1","B.80A ENSUITE","Protection and Handover"
"04a211ac-d819-5dce-a614-0369987a37be","","checkpoint-status","not-started","","","TRUE","TRUE","Site QA","Floor Finishes","WING B1","B.80A ENSUITE","Protection and Handover","Installation complete, checked and reviewed - as per specification"
"1f9b283b-0c54-54c1-89d4-192ccf9103fd","","checkpoint-status","not-started","","","TRUE","TRUE","Site QA","Floor Finishes","WING B1","B.80A ENSUITE","Protection and Handover","Floor protected with bubbleweave floor protection or polyweave"
"6c780404-576a-5616-b8a1-90f8d962754c","","checkpoint-status","not-started","","","TRUE","TRUE","Site QA","Floor Finishes","WING B1","B.80A ENSUITE","Protection and Handover","Installer Sign Off: Protection installed as per manufacturer's instructions"
"dd57a630-d9ab-49ab-8520-3e4ce6f5fb5e","","checklist-sectioned","not-started","5a8a68d1221a9e608c282940756e19ac2c3c1dd54ffd7888cef6f74664a05c9a","checklist","FALSE","FALSE","Site QA","Floor Finishes","WING B1","B.81 BED"
"3f03fc7c-f957-5610-84d8-e82c5bd0cedf","","checkpoint-group","not-started","","","FALSE","FALSE","Site QA","Floor Finishes","WING B1","B.81 BED","Subfloor, Floor Preparation, Adhesive"
"a446e443-6a44-505e-bb76-03d955232536","","checkpoint-status","not-started","","","TRUE","TRUE","Site QA","Floor Finishes","WING B1","B.81 BED","Subfloor, Floor Preparation, Adhesive","Confirm area of work is accessible & acceptable to commence (If not comment below)"
"ec838970-e3f6-5cf4-b22f-e8cb3777e86f","","checkpoint-status","not-started","","","TRUE","TRUE","Site QA","Floor Finishes","WING B1","B.81 BED","Subfloor, Floor Preparation, Adhesive","Subfloor mechanically diamond ground"
"4f9a087e-b14b-4238-b223-5ed3754fc877","","checkpoint-status","not-started","","","TRUE","TRUE","Site QA","Floor Finishes","WING B1","B.81 BED","Subfloor, Floor Preparation, Adhesive","Floor preparation product installed in accordance with manufacturer's instructions"
"7b14d518-8238-5278-abe4-72037d0d7e48","","checkpoint-status","not-started","","","TRUE","TRUE","Site QA","Floor Finishes","WING B1","B.81 BED","Subfloor, Floor Preparation, Adhesive","Floor transitions installed as per instructions from builder"
"fcb004ff-75ee-4e18-bd53-8db774c51f72","","checkpoint-status","not-started","","","TRUE","TRUE","Site QA","Floor Finishes","WING B1","B.81 BED","Subfloor, Floor Preparation, Adhesive","Waterproof tested for falls, and water test completed by waterproofers"
"6c19e310-a250-546c-ab71-ac98645a7b5b","","checkpoint-status","not-started","","","TRUE","TRUE","Site QA","Floor Finishes","WING B1","B.81 BED","Subfloor, Floor Preparation, Adhesive","Correct adhesive used"
"14f09325-1c34-5ab3-bdbb-8b144a412f79","","checkpoint-group","not-started","","","FALSE","FALSE","Site QA","Floor Finishes","WING B1","B.81 BED","Carpet / Vinyl"
"a0d82288-50ce-5d9c-ae22-806675e71ae8","","checkpoint-status","not-started","","","TRUE","TRUE","Site QA","Floor Finishes","WING B1","B.81 BED","Carpet / Vinyl","Confirm area of work is accessible & acceptable to commence (If not comment below)"
"a1fe4faa-a5a8-5536-922a-8cb9431e2f20","","checkpoint-status","not-started","","","TRUE","TRUE","Site QA","Floor Finishes","WING B1","B.81 BED","Carpet / Vinyl","Vinyl installed as per plan"
"c7ef5cfe-fb33-52ff-b879-c058b1ba4fee","","checkpoint-status","not-started","","","TRUE","TRUE","Site QA","Floor Finishes","WING B1","B.81 BED","Carpet / Vinyl","Carpet installed as per plan"
"67025622-ea57-5f94-a417-bd6936a956b3","","checkpoint-status","not-started","","","TRUE","TRUE","Site QA","Floor Finishes","WING B1","B.81 BED","Carpet / Vinyl","Joints sealed with heat welded seams and mitres as per AS 1884-2012"
"ca69047b-8d53-513b-9dc9-25563f038df9","","checkpoint-status","not-started","","","TRUE","TRUE","Site QA","Floor Finishes","WING B1","B.81 BED","Carpet / Vinyl","Vinyl skirt and coving used as per finishes markup - 150mm height"
"62409e01-61b3-5a68-8239-be93bf447a0f","","checkpoint-status","not-started","","","TRUE","TRUE","Site QA","Floor Finishes","WING B1","B.81 BED","Carpet / Vinyl","Installer Sign Off: Carpet / Vinyl installed as per manufacturer's instructions"
"e0d7235f-ced4-5c3b-b47d-62739a09d7d2","","checkpoint-status","not-started","","","TRUE","TRUE","Site QA","Floor Finishes","WING B1","B.81 BED","Carpet / Vinyl","Add-Floors Sign Off"
"5c8fe29d-d767-5f9d-93fe-4d49ecdc1239","","checkpoint-status","not-started","","","TRUE","TRUE","Site QA","Floor Finishes","WING B1","B.81 BED","Carpet / Vinyl","Foreman installation sign off"
"ca26c42c-ac49-54ba-a799-e1f5b35e68d8","","checkpoint-group","not-started","","","FALSE","FALSE","Site QA","Floor Finishes","WING B1","B.81 BED","Wall Finish"
"baa7a7ed-9d06-5899-a354-11c7bec31f92","","checkpoint-status","not-started","","","TRUE","TRUE","Site QA","Floor Finishes","WING B1","B.81 BED","Wall Finish","Wall Finish installed as per plan"
"9a79fbf5-f77e-5fc8-ba03-e82889fbc26b","","checkpoint-group","not-started","","","FALSE","FALSE","Site QA","Floor Finishes","WING B1","B.81 BED","Protection and Handover"
"8dfc9f8c-97c7-5c95-8b81-1d44781bd77e","","checkpoint-status","not-started","","","TRUE","TRUE","Site QA","Floor Finishes","WING B1","B.81 BED","Protection and Handover","Installation complete, checked and reviewed - as per specification"
"2bff3247-652a-5bb6-8417-34a1f89202d7","","checkpoint-status","not-started","","","TRUE","TRUE","Site QA","Floor Finishes","WING B1","B.81 BED","Protection and Handover","Floor protected with bubbleweave floor protection or polyweave"
"b4c76906-b32a-5008-a27c-d18015b8cb1c","","checkpoint-status","not-started","","","TRUE","TRUE","Site QA","Floor Finishes","WING B1","B.81 BED","Protection and Handover","Installer Sign Off: Protection installed as per manufacturer's instructions"
"41cd9a7f-7b57-493d-bf9d-2981318a5022","","checklist-sectioned","not-started","5a8a68d1221a9e608c282940756e19ac2c3c1dd54ffd7888cef6f74664a05c9a","checklist","FALSE","FALSE","Site QA","Floor Finishes","WING B1","B.81A ENSUITE"
"b534f850-5bb6-531b-8499-0322eeeea038","","checkpoint-group","not-started","","","FALSE","FALSE","Site QA","Floor Finishes","WING B1","B.81A ENSUITE","Subfloor, Floor Preparation, Adhesive"
"c496307c-fd06-55a7-98e3-dac47864058e","","checkpoint-status","not-started","","","TRUE","TRUE","Site QA","Floor Finishes","WING B1","B.81A ENSUITE","Subfloor, Floor Preparation, Adhesive","Confirm area of work is accessible & acceptable to commence (If not comment below)"
"f526961b-3818-550f-a69e-0551fb549bd8","","checkpoint-status","not-started","","","TRUE","TRUE","Site QA","Floor Finishes","WING B1","B.81A ENSUITE","Subfloor, Floor Preparation, Adhesive","Subfloor mechanically diamond ground"
"6801b88f-dfe0-4ae9-b0e3-dbf153da98ec","","checkpoint-status","not-started","","","TRUE","TRUE","Site QA","Floor Finishes","WING B1","B.81A ENSUITE","Subfloor, Floor Preparation, Adhesive","Floor preparation product installed in accordance with manufacturer's instructions"
"83d9e3a2-1e68-5326-a649-3845978d10c3","","checkpoint-status","not-started","","","TRUE","TRUE","Site QA","Floor Finishes","WING B1","B.81A ENSUITE","Subfloor, Floor Preparation, Adhesive","Floor transitions installed as per instructions from builder"
"6ecdb408-865f-4115-a2c4-a029871f3a14","","checkpoint-status","not-started","","","TRUE","TRUE","Site QA","Floor Finishes","WING B1","B.81A ENSUITE","Subfloor, Floor Preparation, Adhesive","Waterproof tested for falls, and water test completed by waterproofers"
"270249e8-3be1-58bf-a896-e7fe7fe50139","","checkpoint-status","not-started","","","TRUE","TRUE","Site QA","Floor Finishes","WING B1","B.81A ENSUITE","Subfloor, Floor Preparation, Adhesive","Correct adhesive used"
"dd5800ce-380f-53b4-bc27-c623f5291a94","","checkpoint-group","not-started","","","FALSE","FALSE","Site QA","Floor Finishes","WING B1","B.81A ENSUITE","Carpet / Vinyl"
"447993d8-868e-54e3-b03d-5ddb1463209d","","checkpoint-status","not-started","","","TRUE","TRUE","Site QA","Floor Finishes","WING B1","B.81A ENSUITE","Carpet / Vinyl","Confirm area of work is accessible & acceptable to commence (If not comment below)"
"40f4359e-2625-5ff0-9fd1-60c116488bbd","","checkpoint-status","not-started","","","TRUE","TRUE","Site QA","Floor Finishes","WING B1","B.81A ENSUITE","Carpet / Vinyl","Vinyl installed as per plan"
"71cdaa9e-d3c8-5266-a093-9f491e56fad9","","checkpoint-status","not-started","","","TRUE","TRUE","Site QA","Floor Finishes","WING B1","B.81A ENSUITE","Carpet / Vinyl","Carpet installed as per plan"
"d24d63ab-1fef-5cc9-9404-d5066e90236c","","checkpoint-status","not-started","","","TRUE","TRUE","Site QA","Floor Finishes","WING B1","B.81A ENSUITE","Carpet / Vinyl","Joints sealed with heat welded seams and mitres as per AS 1884-2012"
"a7bba9c5-9e54-5686-8c91-9d4da298e654","","checkpoint-status","not-started","","","TRUE","TRUE","Site QA","Floor Finishes","WING B1","B.81A ENSUITE","Carpet / Vinyl","Vinyl skirt and coving used as per finishes markup - 150mm height"
"a9df5fdf-48df-5ec4-b3b6-b7508dcd107e","","checkpoint-status","not-started","","","TRUE","TRUE","Site QA","Floor Finishes","WING B1","B.81A ENSUITE","Carpet / Vinyl","Installer Sign Off: Carpet / Vinyl installed as per manufacturer's instructions"
"a552196e-e0c9-5d6d-b922-028375042064","","checkpoint-status","not-started","","","TRUE","TRUE","Site QA","Floor Finishes","WING B1","B.81A ENSUITE","Carpet / Vinyl","Add-Floors Sign Off"
"213743f6-4d2d-53c0-8026-1564f6a87be7","","checkpoint-status","not-started","","","TRUE","TRUE","Site QA","Floor Finishes","WING B1","B.81A ENSUITE","Carpet / Vinyl","Foreman installation sign off"
"12775a70-add7-54a9-b9cf-6821cd84b336","","checkpoint-group","not-started","","","FALSE","FALSE","Site QA","Floor Finishes","WING B1","B.81A ENSUITE","Wall Finish"
"3bd0fbd5-8039-5682-9553-82e4fc3230e7","","checkpoint-status","not-started","","","TRUE","TRUE","Site QA","Floor Finishes","WING B1","B.81A ENSUITE","Wall Finish","Wall Finish installed as per plan"
"09a6cebf-fb6d-5248-b633-ef625616f8cd","","checkpoint-group","not-started","","","FALSE","FALSE","Site QA","Floor Finishes","WING B1","B.81A ENSUITE","Protection and Handover"
"064a291f-da9e-54f8-8e44-b8bc55a09930","","checkpoint-status","not-started","","","TRUE","TRUE","Site QA","Floor Finishes","WING B1","B.81A ENSUITE","Protection and Handover","Installation complete, checked and reviewed - as per specification"
"0f58fb87-ebd4-5e63-a032-fc2db0ac22d2","","checkpoint-status","not-started","","","TRUE","TRUE","Site QA","Floor Finishes","WING B1","B.81A ENSUITE","Protection and Handover","Floor protected with bubbleweave floor protection or polyweave"
"46ce11a4-b174-5fad-96b6-012715a24c01","","checkpoint-status","not-started","","","TRUE","TRUE","Site QA","Floor Finishes","WING B1","B.81A ENSUITE","Protection and Handover","Installer Sign Off: Protection installed as per manufacturer's instructions"
"4e1715fb-283a-49b2-8c6c-4be73cc380c2","","checklist-sectioned","not-started","5a8a68d1221a9e608c282940756e19ac2c3c1dd54ffd7888cef6f74664a05c9a","checklist","FALSE","FALSE","Site QA","Floor Finishes","WING B1","B.82 CORRIDOR"
"eff84ca7-9297-5a67-9e4a-e5a589dec385","","checkpoint-group","not-started","","","FALSE","FALSE","Site QA","Floor Finishes","WING B1","B.82 CORRIDOR","Subfloor, Floor Preparation, Adhesive"
"1f9dada8-7a52-5b05-af88-f9390ef74c50","","checkpoint-status","not-started","","","TRUE","TRUE","Site QA","Floor Finishes","WING B1","B.82 CORRIDOR","Subfloor, Floor Preparation, Adhesive","Confirm area of work is accessible & acceptable to commence (If not comment below)"
"f9cde5c5-ba7c-567e-a74e-c5f8904b5b65","","checkpoint-status","not-started","","","TRUE","TRUE","Site QA","Floor Finishes","WING B1","B.82 CORRIDOR","Subfloor, Floor Preparation, Adhesive","Subfloor mechanically diamond ground"
"2a899c7c-9a7e-48b4-8f23-07533086010e","","checkpoint-status","not-started","","","TRUE","TRUE","Site QA","Floor Finishes","WING B1","B.82 CORRIDOR","Subfloor, Floor Preparation, Adhesive","Floor preparation product installed in accordance with manufacturer's instructions"
"d7001ecc-1fae-5fb9-8116-66bbcc9edfbf","","checkpoint-status","not-started","","","TRUE","TRUE","Site QA","Floor Finishes","WING B1","B.82 CORRIDOR","Subfloor, Floor Preparation, Adhesive","Floor transitions installed as per instructions from builder"
"5c9fb169-23f0-404b-8680-98be2fc001ec","","checkpoint-status","not-started","","","TRUE","TRUE","Site QA","Floor Finishes","WING B1","B.82 CORRIDOR","Subfloor, Floor Preparation, Adhesive","Waterproof tested for falls, and water test completed by waterproofers"
"35c51108-16b7-5609-af56-148197a1273e","","checkpoint-status","not-started","","","TRUE","TRUE","Site QA","Floor Finishes","WING B1","B.82 CORRIDOR","Subfloor, Floor Preparation, Adhesive","Correct adhesive used"
"bcef966d-1307-5044-8912-d43618cb585c","","checkpoint-group","not-started","","","FALSE","FALSE","Site QA","Floor Finishes","WING B1","B.82 CORRIDOR","Carpet / Vinyl"
"8c588572-9fbc-5fdf-a567-0cee33b7178c","","checkpoint-status","not-started","","","TRUE","TRUE","Site QA","Floor Finishes","WING B1","B.82 CORRIDOR","Carpet / Vinyl","Confirm area of work is accessible & acceptable to commence (If not comment below)"
"c777eb70-bde7-58e3-9bf2-fbfb26ce662b","","checkpoint-status","not-started","","","TRUE","TRUE","Site QA","Floor Finishes","WING B1","B.82 CORRIDOR","Carpet / Vinyl","Vinyl installed as per plan"
"eb4e2d9e-afea-5454-97dd-bc50f57de84e","","checkpoint-status","not-started","","","TRUE","TRUE","Site QA","Floor Finishes","WING B1","B.82 CORRIDOR","Carpet / Vinyl","Carpet installed as per plan"
"35115383-2597-516c-b3a5-dfd6bca391bb","","checkpoint-status","not-started","","","TRUE","TRUE","Site QA","Floor Finishes","WING B1","B.82 CORRIDOR","Carpet / Vinyl","Joints sealed with heat welded seams and mitres as per AS 1884-2012"
"696b4f9d-3643-53af-bc13-873aba468068","","checkpoint-status","not-started","","","TRUE","TRUE","Site QA","Floor Finishes","WING B1","B.82 CORRIDOR","Carpet / Vinyl","Vinyl skirt and coving used as per finishes markup - 150mm height"
"957125bf-f2fd-5a44-850c-29d4892a19be","","checkpoint-status","not-started","","","TRUE","TRUE","Site QA","Floor Finishes","WING B1","B.82 CORRIDOR","Carpet / Vinyl","Installer Sign Off: Carpet / Vinyl installed as per manufacturer's instructions"
"f65b1893-4bfa-525c-8827-ad35f3e9ecb1","","checkpoint-status","not-started","","","TRUE","TRUE","Site QA","Floor Finishes","WING B1","B.82 CORRIDOR","Carpet / Vinyl","Add-Floors Sign Off"
"2528c9c9-b4b0-5d69-aea9-ae8c84153924","","checkpoint-status","not-started","","","TRUE","TRUE","Site QA","Floor Finishes","WING B1","B.82 CORRIDOR","Carpet / Vinyl","Foreman installation sign off"
"58b15731-bbab-5ff3-a9ff-f7d8675cc27c","","checkpoint-group","not-started","","","FALSE","FALSE","Site QA","Floor Finishes","WING B1","B.82 CORRIDOR","Wall Finish"
"140ecc7d-5758-51b2-8467-d525e6aafe77","","checkpoint-status","not-started","","","TRUE","TRUE","Site QA","Floor Finishes","WING B1","B.82 CORRIDOR","Wall Finish","Wall Finish installed as per plan"
"b1166df5-7873-5194-af28-ac658139c1c6","","checkpoint-group","not-started","","","FALSE","FALSE","Site QA","Floor Finishes","WING B1","B.82 CORRIDOR","Protection and Handover"
"e6c2af0f-032c-58e8-b2af-def26d337002","","checkpoint-status","not-started","","","TRUE","TRUE","Site QA","Floor Finishes","WING B1","B.82 CORRIDOR","Protection and Handover","Installation complete, checked and reviewed - as per specification"
"2820ab0d-7e8c-5576-9674-16ce281ebd4b","","checkpoint-status","not-started","","","TRUE","TRUE","Site QA","Floor Finishes","WING B1","B.82 CORRIDOR","Protection and Handover","Floor protected with bubbleweave floor protection or polyweave"
"3cf30e3b-1e1d-548d-bdb5-cf64a686135b","","checkpoint-status","not-started","","","TRUE","TRUE","Site QA","Floor Finishes","WING B1","B.82 CORRIDOR","Protection and Handover","Installer Sign Off: Protection installed as per manufacturer's instructions"
"eab30c41-da4d-4808-8144-0b72eb203a1f","","checklist-sectioned","not-started","5a8a68d1221a9e608c282940756e19ac2c3c1dd54ffd7888cef6f74664a05c9a","checklist","FALSE","FALSE","Site QA","Floor Finishes","WING B1","B.83 BED"
"8a50785b-c97a-559e-ac4d-43b502150563","","checkpoint-group","not-started","","","FALSE","FALSE","Site QA","Floor Finishes","WING B1","B.83 BED","Subfloor, Floor Preparation, Adhesive"
"9e09e0e0-9ebb-5597-9c81-c1487ceca8c3","","checkpoint-status","not-started","","","TRUE","TRUE","Site QA","Floor Finishes","WING B1","B.83 BED","Subfloor, Floor Preparation, Adhesive","Confirm area of work is accessible & acceptable to commence (If not comment below)"
"b15180c7-55f7-5574-8aea-2b0a7706bce5","","checkpoint-status","not-started","","","TRUE","TRUE","Site QA","Floor Finishes","WING B1","B.83 BED","Subfloor, Floor Preparation, Adhesive","Subfloor mechanically diamond ground"
"d6785a54-a505-4b29-9f99-eb5f521f715b","","checkpoint-status","not-started","","","TRUE","TRUE","Site QA","Floor Finishes","WING B1","B.83 BED","Subfloor, Floor Preparation, Adhesive","Floor preparation product installed in accordance with manufacturer's instructions"
"1f03e008-9731-5487-a3e9-5c2c12ed8727","","checkpoint-status","not-started","","","TRUE","TRUE","Site QA","Floor Finishes","WING B1","B.83 BED","Subfloor, Floor Preparation, Adhesive","Floor transitions installed as per instructions from builder"
"0d93a6ae-bd99-426b-9f09-f0552480c8cd","","checkpoint-status","not-started","","","TRUE","TRUE","Site QA","Floor Finishes","WING B1","B.83 BED","Subfloor, Floor Preparation, Adhesive","Waterproof tested for falls, and water test completed by waterproofers"
"fa91f9bb-1b15-512b-bfd6-c70b895979ee","","checkpoint-status","not-started","","","TRUE","TRUE","Site QA","Floor Finishes","WING B1","B.83 BED","Subfloor, Floor Preparation, Adhesive","Correct adhesive used"
"240c6bff-6ab4-5da7-bd42-042c595f58d4","","checkpoint-group","not-started","","","FALSE","FALSE","Site QA","Floor Finishes","WING B1","B.83 BED","Carpet / Vinyl"
"1f9bc1fa-516a-5f60-9258-2566e6eab020","","checkpoint-status","not-started","","","TRUE","TRUE","Site QA","Floor Finishes","WING B1","B.83 BED","Carpet / Vinyl","Confirm area of work is accessible & acceptable to commence (If not comment below)"
"3183ed25-56fe-5a5d-8dd3-706f717f4382","","checkpoint-status","not-started","","","TRUE","TRUE","Site QA","Floor Finishes","WING B1","B.83 BED","Carpet / Vinyl","Vinyl installed as per plan"
"19e8d590-d8ef-5823-9b65-ce3e221ed798","","checkpoint-status","not-started","","","TRUE","TRUE","Site QA","Floor Finishes","WING B1","B.83 BED","Carpet / Vinyl","Carpet installed as per plan"
"83965789-3fa6-51ee-b3cc-bdc37d4923a6","","checkpoint-status","not-started","","","TRUE","TRUE","Site QA","Floor Finishes","WING B1","B.83 BED","Carpet / Vinyl","Joints sealed with heat welded seams and mitres as per AS 1884-2012"
"f46e0586-ac4b-5bae-af8b-099b28021a9e","","checkpoint-status","not-started","","","TRUE","TRUE","Site QA","Floor Finishes","WING B1","B.83 BED","Carpet / Vinyl","Vinyl skirt and coving used as per finishes markup - 150mm height"
"dd02c3f9-e8b1-5ad0-bf51-5a5ea4ac85f9","","checkpoint-status","not-started","","","TRUE","TRUE","Site QA","Floor Finishes","WING B1","B.83 BED","Carpet / Vinyl","Installer Sign Off: Carpet / Vinyl installed as per manufacturer's instructions"
"81f5547e-c496-5914-84c7-fadb1f13f406","","checkpoint-status","not-started","","","TRUE","TRUE","Site QA","Floor Finishes","WING B1","B.83 BED","Carpet / Vinyl","Add-Floors Sign Off"
"ca7128dd-abf1-5040-b771-9e907c8b2af5","","checkpoint-status","not-started","","","TRUE","TRUE","Site QA","Floor Finishes","WING B1","B.83 BED","Carpet / Vinyl","Foreman installation sign off"
"18988e6e-0448-5a6b-af77-385bccc63379","","checkpoint-group","not-started","","","FALSE","FALSE","Site QA","Floor Finishes","WING B1","B.83 BED","Wall Finish"
"f4c471de-16c6-5b67-90d0-effd56d27b56","","checkpoint-status","not-started","","","TRUE","TRUE","Site QA","Floor Finishes","WING B1","B.83 BED","Wall Finish","Wall Finish installed as per plan"
"5c5b90d1-0227-5e51-8ff0-a20cd130eb0a","","checkpoint-group","not-started","","","FALSE","FALSE","Site QA","Floor Finishes","WING B1","B.83 BED","Protection and Handover"
"389a235c-8554-57db-9a8c-d2abd0f8ee2c","","checkpoint-status","not-started","","","TRUE","TRUE","Site QA","Floor Finishes","WING B1","B.83 BED","Protection and Handover","Installation complete, checked and reviewed - as per specification"
"05687031-8fe8-5f6e-b532-b575573f772b","","checkpoint-status","not-started","","","TRUE","TRUE","Site QA","Floor Finishes","WING B1","B.83 BED","Protection and Handover","Floor protected with bubbleweave floor protection or polyweave"
"f7b094e3-8163-560f-92fb-844f36fa5da9","","checkpoint-status","not-started","","","TRUE","TRUE","Site QA","Floor Finishes","WING B1","B.83 BED","Protection and Handover","Installer Sign Off: Protection installed as per manufacturer's instructions"
"4b9c87b2-dc8f-40e9-aca7-081fc44efd54","","checklist-sectioned","not-started","5a8a68d1221a9e608c282940756e19ac2c3c1dd54ffd7888cef6f74664a05c9a","checklist","FALSE","FALSE","Site QA","Floor Finishes","WING B1","B.83A ENSUITE"
"3096f161-d8cf-577b-84b8-9bc581b3ddbd","","checkpoint-group","not-started","","","FALSE","FALSE","Site QA","Floor Finishes","WING B1","B.83A ENSUITE","Subfloor, Floor Preparation, Adhesive"
"8cae84f3-a155-52e3-a92b-70a0c7ec6346","","checkpoint-status","not-started","","","TRUE","TRUE","Site QA","Floor Finishes","WING B1","B.83A ENSUITE","Subfloor, Floor Preparation, Adhesive","Confirm area of work is accessible & acceptable to commence (If not comment below)"
"59816f54-4479-54c6-b844-0d46d3c4a30c","","checkpoint-status","not-started","","","TRUE","TRUE","Site QA","Floor Finishes","WING B1","B.83A ENSUITE","Subfloor, Floor Preparation, Adhesive","Subfloor mechanically diamond ground"
"55940820-aae3-46e0-96e9-14e50675b323","","checkpoint-status","not-started","","","TRUE","TRUE","Site QA","Floor Finishes","WING B1","B.83A ENSUITE","Subfloor, Floor Preparation, Adhesive","Floor preparation product installed in accordance with manufacturer's instructions"
"2c09762f-f155-5db8-80f8-fe7cfb849732","","checkpoint-status","not-started","","","TRUE","TRUE","Site QA","Floor Finishes","WING B1","B.83A ENSUITE","Subfloor, Floor Preparation, Adhesive","Floor transitions installed as per instructions from builder"
"7b49203d-83d7-4f9f-a99f-a9dc4777c0c4","","checkpoint-status","not-started","","","TRUE","TRUE","Site QA","Floor Finishes","WING B1","B.83A ENSUITE","Subfloor, Floor Preparation, Adhesive","Waterproof tested for falls, and water test completed by waterproofers"
"99d59358-2eb5-5f68-8d95-0507418a547b","","checkpoint-status","not-started","","","TRUE","TRUE","Site QA","Floor Finishes","WING B1","B.83A ENSUITE","Subfloor, Floor Preparation, Adhesive","Correct adhesive used"
"9b255f25-e401-58e9-9a84-35bbe3c4653a","","checkpoint-group","not-started","","","FALSE","FALSE","Site QA","Floor Finishes","WING B1","B.83A ENSUITE","Carpet / Vinyl"
"62e5908d-8eab-5a67-a57e-a50bb9e2744c","","checkpoint-status","not-started","","","TRUE","TRUE","Site QA","Floor Finishes","WING B1","B.83A ENSUITE","Carpet / Vinyl","Confirm area of work is accessible & acceptable to commence (If not comment below)"
"f94cb160-cf57-5e29-b8c5-4b558fcdc42e","","checkpoint-status","not-started","","","TRUE","TRUE","Site QA","Floor Finishes","WING B1","B.83A ENSUITE","Carpet / Vinyl","Vinyl installed as per plan"
"c0181db8-5444-5191-b695-80ba2aa9f212","","checkpoint-status","not-started","","","TRUE","TRUE","Site QA","Floor Finishes","WING B1","B.83A ENSUITE","Carpet / Vinyl","Carpet installed as per plan"
"918ac60a-e718-51cc-9dc1-d25a3baa09b3","","checkpoint-status","not-started","","","TRUE","TRUE","Site QA","Floor Finishes","WING B1","B.83A ENSUITE","Carpet / Vinyl","Joints sealed with heat welded seams and mitres as per AS 1884-2012"
"076429da-4e6a-51e3-99f1-871f7e67b46a","","checkpoint-status","not-started","","","TRUE","TRUE","Site QA","Floor Finishes","WING B1","B.83A ENSUITE","Carpet / Vinyl","Vinyl skirt and coving used as per finishes markup - 150mm height"
"0356dfc9-3a0c-5e66-9abc-ef13adcb0aa2","","checkpoint-status","not-started","","","TRUE","TRUE","Site QA","Floor Finishes","WING B1","B.83A ENSUITE","Carpet / Vinyl","Installer Sign Off: Carpet / Vinyl installed as per manufacturer's instructions"
"da57addb-3545-5cb6-987e-f7f61e21ef52","","checkpoint-status","not-started","","","TRUE","TRUE","Site QA","Floor Finishes","WING B1","B.83A ENSUITE","Carpet / Vinyl","Add-Floors Sign Off"
"924cc827-519f-5af3-8934-08f93e389158","","checkpoint-status","not-started","","","TRUE","TRUE","Site QA","Floor Finishes","WING B1","B.83A ENSUITE","Carpet / Vinyl","Foreman installation sign off"
"6e00a25a-18da-57dd-a770-1db542429489","","checkpoint-group","not-started","","","FALSE","FALSE","Site QA","Floor Finishes","WING B1","B.83A ENSUITE","Wall Finish"
"c5c8a7b5-4318-57f0-9a74-ceffa2ce7a77","","checkpoint-status","not-started","","","TRUE","TRUE","Site QA","Floor Finishes","WING B1","B.83A ENSUITE","Wall Finish","Wall Finish installed as per plan"
"462bc263-4319-5b9d-bf79-e5ee56943a40","","checkpoint-group","not-started","","","FALSE","FALSE","Site QA","Floor Finishes","WING B1","B.83A ENSUITE","Protection and Handover"
"2bcb9baf-3fd5-5af3-9d92-baef341dca9c","","checkpoint-status","not-started","","","TRUE","TRUE","Site QA","Floor Finishes","WING B1","B.83A ENSUITE","Protection and Handover","Installation complete, checked and reviewed - as per specification"
"31b2b163-6cc4-5cf2-a5d7-dcae196fe312","","checkpoint-status","not-started","","","TRUE","TRUE","Site QA","Floor Finishes","WING B1","B.83A ENSUITE","Protection and Handover","Floor protected with bubbleweave floor protection or polyweave"
"3df17a9a-9916-5d66-832c-bda2ae28570c","","checkpoint-status","not-started","","","TRUE","TRUE","Site QA","Floor Finishes","WING B1","B.83A ENSUITE","Protection and Handover","Installer Sign Off: Protection installed as per manufacturer's instructions"
"71b2736f-d296-4011-8482-778573a89fa2","","checklist-sectioned","not-started","5a8a68d1221a9e608c282940756e19ac2c3c1dd54ffd7888cef6f74664a05c9a","checklist","FALSE","FALSE","Site QA","Floor Finishes","WING B1","B.84 BED"
"1765ea87-380c-5cb4-85c4-dd7602b7b7d6","","checkpoint-group","not-started","","","FALSE","FALSE","Site QA","Floor Finishes","WING B1","B.84 BED","Subfloor, Floor Preparation, Adhesive"
"2321bb14-1f89-5eb3-9755-6ad785080212","","checkpoint-status","not-started","","","TRUE","TRUE","Site QA","Floor Finishes","WING B1","B.84 BED","Subfloor, Floor Preparation, Adhesive","Confirm area of work is accessible & acceptable to commence (If not comment below)"
"f52fece2-46c2-5323-a392-fdb3fc25d9e8","","checkpoint-status","not-started","","","TRUE","TRUE","Site QA","Floor Finishes","WING B1","B.84 BED","Subfloor, Floor Preparation, Adhesive","Subfloor mechanically diamond ground"
"b9b93f3e-f9ee-44ff-bbe2-068a93f7d627","","checkpoint-status","not-started","","","TRUE","TRUE","Site QA","Floor Finishes","WING B1","B.84 BED","Subfloor, Floor Preparation, Adhesive","Floor preparation product installed in accordance with manufacturer's instructions"
"78f393fd-cac3-5f2c-86bb-dac0d632a6b5","","checkpoint-status","not-started","","","TRUE","TRUE","Site QA","Floor Finishes","WING B1","B.84 BED","Subfloor, Floor Preparation, Adhesive","Floor transitions installed as per instructions from builder"
"a01678c8-f24d-4a54-9150-10c36c798acc","","checkpoint-status","not-started","","","TRUE","TRUE","Site QA","Floor Finishes","WING B1","B.84 BED","Subfloor, Floor Preparation, Adhesive","Waterproof tested for falls, and water test completed by waterproofers"
"24297dab-4e02-5029-a6d8-c385e58b8026","","checkpoint-status","not-started","","","TRUE","TRUE","Site QA","Floor Finishes","WING B1","B.84 BED","Subfloor, Floor Preparation, Adhesive","Correct adhesive used"
"d259251b-4853-5fed-9d0e-660c419564eb","","checkpoint-group","not-started","","","FALSE","FALSE","Site QA","Floor Finishes","WING B1","B.84 BED","Carpet / Vinyl"
"6397ed2f-0e0f-5322-88b5-fa4ad3213127","","checkpoint-status","not-started","","","TRUE","TRUE","Site QA","Floor Finishes","WING B1","B.84 BED","Carpet / Vinyl","Confirm area of work is accessible & acceptable to commence (If not comment below)"
"a3b0db94-7d45-56fb-9c2f-b7e68ae74966","","checkpoint-status","not-started","","","TRUE","TRUE","Site QA","Floor Finishes","WING B1","B.84 BED","Carpet / Vinyl","Vinyl installed as per plan"
"8a883d1b-401d-5d8d-825c-da36a0b483c7","","checkpoint-status","not-started","","","TRUE","TRUE","Site QA","Floor Finishes","WING B1","B.84 BED","Carpet / Vinyl","Carpet installed as per plan"
"6454e051-b97d-5650-a6c7-a5d054898cab","","checkpoint-status","not-started","","","TRUE","TRUE","Site QA","Floor Finishes","WING B1","B.84 BED","Carpet / Vinyl","Joints sealed with heat welded seams and mitres as per AS 1884-2012"
"3848b419-7201-5227-a458-cbe0f02a3d98","","checkpoint-status","not-started","","","TRUE","TRUE","Site QA","Floor Finishes","WING B1","B.84 BED","Carpet / Vinyl","Vinyl skirt and coving used as per finishes markup - 150mm height"
"10cd9083-e372-5084-af1e-f5d8f53fc791","","checkpoint-status","not-started","","","TRUE","TRUE","Site QA","Floor Finishes","WING B1","B.84 BED","Carpet / Vinyl","Installer Sign Off: Carpet / Vinyl installed as per manufacturer's instructions"
"686f4e98-731a-5364-87a1-e9ea15f04dfa","","checkpoint-status","not-started","","","TRUE","TRUE","Site QA","Floor Finishes","WING B1","B.84 BED","Carpet / Vinyl","Add-Floors Sign Off"
"088c02c3-7ff0-5cb5-a302-61afc68b31ce","","checkpoint-status","not-started","","","TRUE","TRUE","Site QA","Floor Finishes","WING B1","B.84 BED","Carpet / Vinyl","Foreman installation sign off"
"478fb405-3a6d-511b-9e4b-ca3ca8f7ca93","","checkpoint-group","not-started","","","FALSE","FALSE","Site QA","Floor Finishes","WING B1","B.84 BED","Wall Finish"
"cd7d17b4-b947-5c70-bb57-aae4a992ab63","","checkpoint-status","not-started","","","TRUE","TRUE","Site QA","Floor Finishes","WING B1","B.84 BED","Wall Finish","Wall Finish installed as per plan"
"fe89eb8b-e2d6-53a8-860c-d575055253fa","","checkpoint-group","not-started","","","FALSE","FALSE","Site QA","Floor Finishes","WING B1","B.84 BED","Protection and Handover"
"7de723e1-a1a0-52fe-8532-f8f5b4c20e7a","","checkpoint-status","not-started","","","TRUE","TRUE","Site QA","Floor Finishes","WING B1","B.84 BED","Protection and Handover","Installation complete, checked and reviewed - as per specification"
"65287572-27b6-5c0a-8c88-1fac63d5f8e1","","checkpoint-status","not-started","","","TRUE","TRUE","Site QA","Floor Finishes","WING B1","B.84 BED","Protection and Handover","Floor protected with bubbleweave floor protection or polyweave"
"66e61284-375b-556f-8070-955bd7ac323a","","checkpoint-status","not-started","","","TRUE","TRUE","Site QA","Floor Finishes","WING B1","B.84 BED","Protection and Handover","Installer Sign Off: Protection installed as per manufacturer's instructions"
"e426da49-5a72-4b03-a8a1-a3e9561edcae","","checklist-sectioned","not-started","5a8a68d1221a9e608c282940756e19ac2c3c1dd54ffd7888cef6f74664a05c9a","checklist","FALSE","FALSE","Site QA","Floor Finishes","WING B1","B.84A ENSUITE"
"d21148c1-b39e-5be3-bdb0-2d2ee43398cc","","checkpoint-group","not-started","","","FALSE","FALSE","Site QA","Floor Finishes","WING B1","B.84A ENSUITE","Subfloor, Floor Preparation, Adhesive"
"8015c6f6-5801-52f2-8e9b-44f105914090","","checkpoint-status","not-started","","","TRUE","TRUE","Site QA","Floor Finishes","WING B1","B.84A ENSUITE","Subfloor, Floor Preparation, Adhesive","Confirm area of work is accessible & acceptable to commence (If not comment below)"
"cf00c606-65d4-5ee6-8ed9-2ff17c65145d","","checkpoint-status","not-started","","","TRUE","TRUE","Site QA","Floor Finishes","WING B1","B.84A ENSUITE","Subfloor, Floor Preparation, Adhesive","Subfloor mechanically diamond ground"
"1da74e4b-9743-4796-8d84-7c51500e36ca","","checkpoint-status","not-started","","","TRUE","TRUE","Site QA","Floor Finishes","WING B1","B.84A ENSUITE","Subfloor, Floor Preparation, Adhesive","Floor preparation product installed in accordance with manufacturer's instructions"
"701405f5-fa35-56ba-9c23-a8f2a76e28da","","checkpoint-status","not-started","","","TRUE","TRUE","Site QA","Floor Finishes","WING B1","B.84A ENSUITE","Subfloor, Floor Preparation, Adhesive","Floor transitions installed as per instructions from builder"
"2968392d-3129-4020-a819-e7e1b7f01571","","checkpoint-status","not-started","","","TRUE","TRUE","Site QA","Floor Finishes","WING B1","B.84A ENSUITE","Subfloor, Floor Preparation, Adhesive","Waterproof tested for falls, and water test completed by waterproofers"
"5c9855f8-460f-5158-ab2e-988841859817","","checkpoint-status","not-started","","","TRUE","TRUE","Site QA","Floor Finishes","WING B1","B.84A ENSUITE","Subfloor, Floor Preparation, Adhesive","Correct adhesive used"
"a0b6472a-4cc6-581c-b55f-a69bbc8cf604","","checkpoint-group","not-started","","","FALSE","FALSE","Site QA","Floor Finishes","WING B1","B.84A ENSUITE","Carpet / Vinyl"
"7101a453-fd3a-5e01-8712-3adba21ecfd1","","checkpoint-status","not-started","","","TRUE","TRUE","Site QA","Floor Finishes","WING B1","B.84A ENSUITE","Carpet / Vinyl","Confirm area of work is accessible & acceptable to commence (If not comment below)"
"6e62fe50-33bc-54b0-8b98-28f9af9fb942","","checkpoint-status","not-started","","","TRUE","TRUE","Site QA","Floor Finishes","WING B1","B.84A ENSUITE","Carpet / Vinyl","Vinyl installed as per plan"
"72026d80-f90c-53f3-b894-657c1f8c0a44","","checkpoint-status","not-started","","","TRUE","TRUE","Site QA","Floor Finishes","WING B1","B.84A ENSUITE","Carpet / Vinyl","Carpet installed as per plan"
"e9f0569c-1030-5e12-8ca0-ab14c730d8eb","","checkpoint-status","not-started","","","TRUE","TRUE","Site QA","Floor Finishes","WING B1","B.84A ENSUITE","Carpet / Vinyl","Joints sealed with heat welded seams and mitres as per AS 1884-2012"
"d665eb5d-1090-5f3b-9786-ec9cda5d44d8","","checkpoint-status","not-started","","","TRUE","TRUE","Site QA","Floor Finishes","WING B1","B.84A ENSUITE","Carpet / Vinyl","Vinyl skirt and coving used as per finishes markup - 150mm height"
"d962ce81-acb9-58c9-8c7b-8399f319ea9a","","checkpoint-status","not-started","","","TRUE","TRUE","Site QA","Floor Finishes","WING B1","B.84A ENSUITE","Carpet / Vinyl","Installer Sign Off: Carpet / Vinyl installed as per manufacturer's instructions"
"5e002bc3-329e-589c-81aa-a95e51ff0f49","","checkpoint-status","not-started","","","TRUE","TRUE","Site QA","Floor Finishes","WING B1","B.84A ENSUITE","Carpet / Vinyl","Add-Floors Sign Off"
"44c62f87-8723-50f0-a008-ada92ee602a5","","checkpoint-status","not-started","","","TRUE","TRUE","Site QA","Floor Finishes","WING B1","B.84A ENSUITE","Carpet / Vinyl","Foreman installation sign off"
"94fb0dca-f549-5c12-970b-a85fb8255eec","","checkpoint-group","not-started","","","FALSE","FALSE","Site QA","Floor Finishes","WING B1","B.84A ENSUITE","Wall Finish"
"1b01a1a2-6af5-595a-b1a0-f825de1c3146","","checkpoint-status","not-started","","","TRUE","TRUE","Site QA","Floor Finishes","WING B1","B.84A ENSUITE","Wall Finish","Wall Finish installed as per plan"
"b5c7b81a-bff9-55e5-acb6-51e0af22649e","","checkpoint-group","not-started","","","FALSE","FALSE","Site QA","Floor Finishes","WING B1","B.84A ENSUITE","Protection and Handover"
"14297acd-982c-50da-9c0c-745fdb924390","","checkpoint-status","not-started","","","TRUE","TRUE","Site QA","Floor Finishes","WING B1","B.84A ENSUITE","Protection and Handover","Installation complete, checked and reviewed - as per specification"
"cb3d89e7-c3e2-5f5b-bbf7-19924764188e","","checkpoint-status","not-started","","","TRUE","TRUE","Site QA","Floor Finishes","WING B1","B.84A ENSUITE","Protection and Handover","Floor protected with bubbleweave floor protection or polyweave"
"86d3aaf9-6882-5bee-a18d-e34fd0b89bf6","","checkpoint-status","not-started","","","TRUE","TRUE","Site QA","Floor Finishes","WING B1","B.84A ENSUITE","Protection and Handover","Installer Sign Off: Protection installed as per manufacturer's instructions"
"5cb362d9-ffdd-4600-bba8-33290b197af5","","checklist-sectioned","not-started","5a8a68d1221a9e608c282940756e19ac2c3c1dd54ffd7888cef6f74664a05c9a","checklist","FALSE","FALSE","Site QA","Floor Finishes","WING B1","B.85 BED"
"be3875f7-df35-5af5-aee9-484c3ebc079d","","checkpoint-group","not-started","","","FALSE","FALSE","Site QA","Floor Finishes","WING B1","B.85 BED","Subfloor, Floor Preparation, Adhesive"
"2d2a43fe-3fad-50b1-af95-c13789377127","","checkpoint-status","not-started","","","TRUE","TRUE","Site QA","Floor Finishes","WING B1","B.85 BED","Subfloor, Floor Preparation, Adhesive","Confirm area of work is accessible & acceptable to commence (If not comment below)"
"d65608d2-d0c4-59f1-b651-df92f21b84cf","","checkpoint-status","not-started","","","TRUE","TRUE","Site QA","Floor Finishes","WING B1","B.85 BED","Subfloor, Floor Preparation, Adhesive","Subfloor mechanically diamond ground"
"fee9e347-12d7-4bbc-ac45-a7045c33faf2","","checkpoint-status","not-started","","","TRUE","TRUE","Site QA","Floor Finishes","WING B1","B.85 BED","Subfloor, Floor Preparation, Adhesive","Floor preparation product installed in accordance with manufacturer's instructions"
"1b938699-2400-53ab-8700-c97f8548e9ce","","checkpoint-status","not-started","","","TRUE","TRUE","Site QA","Floor Finishes","WING B1","B.85 BED","Subfloor, Floor Preparation, Adhesive","Floor transitions installed as per instructions from builder"
"1c3080a2-b238-4201-a857-ce2bee7e14e8","","checkpoint-status","not-started","","","TRUE","TRUE","Site QA","Floor Finishes","WING B1","B.85 BED","Subfloor, Floor Preparation, Adhesive","Waterproof tested for falls, and water test completed by waterproofers"
"965c688d-a93d-5c29-8b8c-998ce372e091","","checkpoint-status","not-started","","","TRUE","TRUE","Site QA","Floor Finishes","WING B1","B.85 BED","Subfloor, Floor Preparation, Adhesive","Correct adhesive used"
"fc079c99-888a-520e-b73b-f25a58f7ebf3","","checkpoint-group","not-started","","","FALSE","FALSE","Site QA","Floor Finishes","WING B1","B.85 BED","Carpet / Vinyl"
"31b8a7b7-3976-5c76-8360-ca33710ae96c","","checkpoint-status","not-started","","","TRUE","TRUE","Site QA","Floor Finishes","WING B1","B.85 BED","Carpet / Vinyl","Confirm area of work is accessible & acceptable to commence (If not comment below)"
"0785794c-cf7b-5997-bf7d-a747c4976212","","checkpoint-status","not-started","","","TRUE","TRUE","Site QA","Floor Finishes","WING B1","B.85 BED","Carpet / Vinyl","Vinyl installed as per plan"
"9cdd5f28-dc86-53db-a72d-8b8b89c4a1ca","","checkpoint-status","not-started","","","TRUE","TRUE","Site QA","Floor Finishes","WING B1","B.85 BED","Carpet / Vinyl","Carpet installed as per plan"
"47e81ff8-a2ff-5785-a288-01549a80470f","","checkpoint-status","not-started","","","TRUE","TRUE","Site QA","Floor Finishes","WING B1","B.85 BED","Carpet / Vinyl","Joints sealed with heat welded seams and mitres as per AS 1884-2012"
"418f5a11-bb03-50fe-9faa-eb058f1ed612","","checkpoint-status","not-started","","","TRUE","TRUE","Site QA","Floor Finishes","WING B1","B.85 BED","Carpet / Vinyl","Vinyl skirt and coving used as per finishes markup - 150mm height"
"40531559-bd73-5e93-be7c-37b2f6c41cc0","","checkpoint-status","not-started","","","TRUE","TRUE","Site QA","Floor Finishes","WING B1","B.85 BED","Carpet / Vinyl","Installer Sign Off: Carpet / Vinyl installed as per manufacturer's instructions"
"f1c662de-92fc-5482-8d6a-70fbf8ea3967","","checkpoint-status","not-started","","","TRUE","TRUE","Site QA","Floor Finishes","WING B1","B.85 BED","Carpet / Vinyl","Add-Floors Sign Off"
"7b159ab1-9db8-5770-8c4b-567c9ee1e17a","","checkpoint-status","not-started","","","TRUE","TRUE","Site QA","Floor Finishes","WING B1","B.85 BED","Carpet / Vinyl","Foreman installation sign off"
"5f106ece-bfaa-5b89-9d75-8adfae948129","","checkpoint-group","not-started","","","FALSE","FALSE","Site QA","Floor Finishes","WING B1","B.85 BED","Wall Finish"
"9f538f26-0029-5942-b99f-f90a3a5e4407","","checkpoint-status","not-started","","","TRUE","TRUE","Site QA","Floor Finishes","WING B1","B.85 BED","Wall Finish","Wall Finish installed as per plan"
"2d94eb49-32a7-57a8-a217-fd7cb8e8760a","","checkpoint-group","not-started","","","FALSE","FALSE","Site QA","Floor Finishes","WING B1","B.85 BED","Protection and Handover"
"02a4948e-09bb-537f-a12c-e1a47543cd09","","checkpoint-status","not-started","","","TRUE","TRUE","Site QA","Floor Finishes","WING B1","B.85 BED","Protection and Handover","Installation complete, checked and reviewed - as per specification"
"cf7f8f15-f0e5-555e-a78a-0b498dd98510","","checkpoint-status","not-started","","","TRUE","TRUE","Site QA","Floor Finishes","WING B1","B.85 BED","Protection and Handover","Floor protected with bubbleweave floor protection or polyweave"
"734d145b-0431-5c71-a1a5-d6c70202c833","","checkpoint-status","not-started","","","TRUE","TRUE","Site QA","Floor Finishes","WING B1","B.85 BED","Protection and Handover","Installer Sign Off: Protection installed as per manufacturer's instructions"
"d1a8e2ed-1c97-4943-a213-d9d2236d1bd6","","checklist-sectioned","not-started","5a8a68d1221a9e608c282940756e19ac2c3c1dd54ffd7888cef6f74664a05c9a","checklist","FALSE","FALSE","Site QA","Floor Finishes","WING B1","B.85A ENSUITE"
"77ebceca-62be-5be5-a9c7-da25cc1702b5","","checkpoint-group","not-started","","","FALSE","FALSE","Site QA","Floor Finishes","WING B1","B.85A ENSUITE","Subfloor, Floor Preparation, Adhesive"
"e9af0a09-2e25-501c-9148-8c8edddbe4ec","","checkpoint-status","not-started","","","TRUE","TRUE","Site QA","Floor Finishes","WING B1","B.85A ENSUITE","Subfloor, Floor Preparation, Adhesive","Confirm area of work is accessible & acceptable to commence (If not comment below)"
"943aca2a-8e96-58cd-863f-45bb5b3d674a","","checkpoint-status","not-started","","","TRUE","TRUE","Site QA","Floor Finishes","WING B1","B.85A ENSUITE","Subfloor, Floor Preparation, Adhesive","Subfloor mechanically diamond ground"
"69edfa1a-aab7-48a4-bc15-e85a43a45507","","checkpoint-status","not-started","","","TRUE","TRUE","Site QA","Floor Finishes","WING B1","B.85A ENSUITE","Subfloor, Floor Preparation, Adhesive","Floor preparation product installed in accordance with manufacturer's instructions"
"a5dd571f-f983-5aba-8603-dcf6feba9d21","","checkpoint-status","not-started","","","TRUE","TRUE","Site QA","Floor Finishes","WING B1","B.85A ENSUITE","Subfloor, Floor Preparation, Adhesive","Floor transitions installed as per instructions from builder"
"eafd0189-d45f-4fdc-837e-b2138cebcaab","","checkpoint-status","not-started","","","TRUE","TRUE","Site QA","Floor Finishes","WING B1","B.85A ENSUITE","Subfloor, Floor Preparation, Adhesive","Waterproof tested for falls, and water test completed by waterproofers"
"8bc3b72b-b36c-5d13-9ff4-79818ee01c07","","checkpoint-status","not-started","","","TRUE","TRUE","Site QA","Floor Finishes","WING B1","B.85A ENSUITE","Subfloor, Floor Preparation, Adhesive","Correct adhesive used"
"95be3ca1-721c-556b-97d2-0569e4587e1c","","checkpoint-group","not-started","","","FALSE","FALSE","Site QA","Floor Finishes","WING B1","B.85A ENSUITE","Carpet / Vinyl"
"ef65b8cb-57cb-537b-8284-2854384244b0","","checkpoint-status","not-started","","","TRUE","TRUE","Site QA","Floor Finishes","WING B1","B.85A ENSUITE","Carpet / Vinyl","Confirm area of work is accessible & acceptable to commence (If not comment below)"
"b1f7fccd-539a-50cf-b15f-80ee18a12706","","checkpoint-status","not-started","","","TRUE","TRUE","Site QA","Floor Finishes","WING B1","B.85A ENSUITE","Carpet / Vinyl","Vinyl installed as per plan"
"f4740bdf-fc0d-5329-93eb-af94f668b841","","checkpoint-status","not-started","","","TRUE","TRUE","Site QA","Floor Finishes","WING B1","B.85A ENSUITE","Carpet / Vinyl","Carpet installed as per plan"
"d62b8e72-8a58-534a-9e89-ec6bd865ce7f","","checkpoint-status","not-started","","","TRUE","TRUE","Site QA","Floor Finishes","WING B1","B.85A ENSUITE","Carpet / Vinyl","Joints sealed with heat welded seams and mitres as per AS 1884-2012"
"e2a18aa4-902b-5fd0-ab0a-d251d5c20ef8","","checkpoint-status","not-started","","","TRUE","TRUE","Site QA","Floor Finishes","WING B1","B.85A ENSUITE","Carpet / Vinyl","Vinyl skirt and coving used as per finishes markup - 150mm height"
"accdf23b-a79a-53ee-922a-eaa0387faaa2","","checkpoint-status","not-started","","","TRUE","TRUE","Site QA","Floor Finishes","WING B1","B.85A ENSUITE","Carpet / Vinyl","Installer Sign Off: Carpet / Vinyl installed as per manufacturer's instructions"
"e83a95f9-0e62-54f0-aea0-0a4717ec05c6","","checkpoint-status","not-started","","","TRUE","TRUE","Site QA","Floor Finishes","WING B1","B.85A ENSUITE","Carpet / Vinyl","Add-Floors Sign Off"
"f5e1c97a-105d-528b-a6c1-811329d6a0ad","","checkpoint-status","not-started","","","TRUE","TRUE","Site QA","Floor Finishes","WING B1","B.85A ENSUITE","Carpet / Vinyl","Foreman installation sign off"
"096793e8-e6e5-5b5f-9d1f-a3cf5095f9f1","","checkpoint-group","not-started","","","FALSE","FALSE","Site QA","Floor Finishes","WING B1","B.85A ENSUITE","Wall Finish"
"21fb8393-fd1f-5259-9551-c338a4187441","","checkpoint-status","not-started","","","TRUE","TRUE","Site QA","Floor Finishes","WING B1","B.85A ENSUITE","Wall Finish","Wall Finish installed as per plan"
"cc4e3b1f-ec38-5549-9c08-700bf23b1dfe","","checkpoint-group","not-started","","","FALSE","FALSE","Site QA","Floor Finishes","WING B1","B.85A ENSUITE","Protection and Handover"
"9cb9fa19-1e49-511f-8766-8eda4c5e994e","","checkpoint-status","not-started","","","TRUE","TRUE","Site QA","Floor Finishes","WING B1","B.85A ENSUITE","Protection and Handover","Installation complete, checked and reviewed - as per specification"
"f29e44db-d36b-5dba-a24c-2e55c038bbc6","","checkpoint-status","not-started","","","TRUE","TRUE","Site QA","Floor Finishes","WING B1","B.85A ENSUITE","Protection and Handover","Floor protected with bubbleweave floor protection or polyweave"
"1ceeaa24-a8e8-5148-99c1-97ec11140ead","","checkpoint-status","not-started","","","TRUE","TRUE","Site QA","Floor Finishes","WING B1","B.85A ENSUITE","Protection and Handover","Installer Sign Off: Protection installed as per manufacturer's instructions"
"e1c318b6-74c3-4a6d-8126-43ecb0aa991b","","checklist-sectioned","not-started","5a8a68d1221a9e608c282940756e19ac2c3c1dd54ffd7888cef6f74664a05c9a","checklist","FALSE","FALSE","Site QA","Floor Finishes","WING B1","B.86 BED"
"52f7b272-c48e-5a95-8a99-48d358e9188b","","checkpoint-group","not-started","","","FALSE","FALSE","Site QA","Floor Finishes","WING B1","B.86 BED","Subfloor, Floor Preparation, Adhesive"
"90e28ceb-1995-58b8-917f-dc6ddc658e51","","checkpoint-status","not-started","","","TRUE","TRUE","Site QA","Floor Finishes","WING B1","B.86 BED","Subfloor, Floor Preparation, Adhesive","Confirm area of work is accessible & acceptable to commence (If not comment below)"
"378b5d70-ff5e-54da-8129-e9a81d5bfbe1","","checkpoint-status","not-started","","","TRUE","TRUE","Site QA","Floor Finishes","WING B1","B.86 BED","Subfloor, Floor Preparation, Adhesive","Subfloor mechanically diamond ground"
"e5c731ea-58ac-4b68-8b0b-1648ff16fb8f","","checkpoint-status","not-started","","","TRUE","TRUE","Site QA","Floor Finishes","WING B1","B.86 BED","Subfloor, Floor Preparation, Adhesive","Floor preparation product installed in accordance with manufacturer's instructions"
"7657b2aa-51a1-58d9-9a38-24b253a7b698","","checkpoint-status","not-started","","","TRUE","TRUE","Site QA","Floor Finishes","WING B1","B.86 BED","Subfloor, Floor Preparation, Adhesive","Floor transitions installed as per instructions from builder"
"2f3254e9-e91e-40c3-8f53-a6b5670fc295","","checkpoint-status","not-started","","","TRUE","TRUE","Site QA","Floor Finishes","WING B1","B.86 BED","Subfloor, Floor Preparation, Adhesive","Waterproof tested for falls, and water test completed by waterproofers"
"58239194-4424-53cf-b08c-68505940bb49","","checkpoint-status","not-started","","","TRUE","TRUE","Site QA","Floor Finishes","WING B1","B.86 BED","Subfloor, Floor Preparation, Adhesive","Correct adhesive used"
"5312eb0a-f625-5c5d-a357-51b03623e185","","checkpoint-group","not-started","","","FALSE","FALSE","Site QA","Floor Finishes","WING B1","B.86 BED","Carpet / Vinyl"
"214d6eb6-a3a4-5889-b92c-d872fe4c316a","","checkpoint-status","not-started","","","TRUE","TRUE","Site QA","Floor Finishes","WING B1","B.86 BED","Carpet / Vinyl","Confirm area of work is accessible & acceptable to commence (If not comment below)"
"13e2cb89-390b-53b2-9afa-f6d8fb5d17e7","","checkpoint-status","not-started","","","TRUE","TRUE","Site QA","Floor Finishes","WING B1","B.86 BED","Carpet / Vinyl","Vinyl installed as per plan"
"c0d25aa9-c7de-52ed-85a2-b630913e9235","","checkpoint-status","not-started","","","TRUE","TRUE","Site QA","Floor Finishes","WING B1","B.86 BED","Carpet / Vinyl","Carpet installed as per plan"
"273b735c-05ed-5812-8f7f-93a6448e25b5","","checkpoint-status","not-started","","","TRUE","TRUE","Site QA","Floor Finishes","WING B1","B.86 BED","Carpet / Vinyl","Joints sealed with heat welded seams and mitres as per AS 1884-2012"
"f51eb883-4482-5cfe-b346-a101c7deda6a","","checkpoint-status","not-started","","","TRUE","TRUE","Site QA","Floor Finishes","WING B1","B.86 BED","Carpet / Vinyl","Vinyl skirt and coving used as per finishes markup - 150mm height"
"8798e71b-11ba-5bc5-8586-9329b40f6247","","checkpoint-status","not-started","","","TRUE","TRUE","Site QA","Floor Finishes","WING B1","B.86 BED","Carpet / Vinyl","Installer Sign Off: Carpet / Vinyl installed as per manufacturer's instructions"
"c0af70ba-bfe8-5bb8-b2ed-6231b67ce93a","","checkpoint-status","not-started","","","TRUE","TRUE","Site QA","Floor Finishes","WING B1","B.86 BED","Carpet / Vinyl","Add-Floors Sign Off"
"5545409a-0418-5f19-95a7-dcad6f5f0065","","checkpoint-status","not-started","","","TRUE","TRUE","Site QA","Floor Finishes","WING B1","B.86 BED","Carpet / Vinyl","Foreman installation sign off"
"7c02644d-0308-5615-a89d-5a7be42e7975","","checkpoint-group","not-started","","","FALSE","FALSE","Site QA","Floor Finishes","WING B1","B.86 BED","Wall Finish"
"74cdb3af-859d-55e5-8d86-bfc676d65fbe","","checkpoint-status","not-started","","","TRUE","TRUE","Site QA","Floor Finishes","WING B1","B.86 BED","Wall Finish","Wall Finish installed as per plan"
"f7f850b2-e878-57ad-ac4a-e7590ebcfdee","","checkpoint-group","not-started","","","FALSE","FALSE","Site QA","Floor Finishes","WING B1","B.86 BED","Protection and Handover"
"81ee1fb4-0ac6-5163-858f-050002687888","","checkpoint-status","not-started","","","TRUE","TRUE","Site QA","Floor Finishes","WING B1","B.86 BED","Protection and Handover","Installation complete, checked and reviewed - as per specification"
"ae786cbc-893a-57d7-af3a-78ba302877a0","","checkpoint-status","not-started","","","TRUE","TRUE","Site QA","Floor Finishes","WING B1","B.86 BED","Protection and Handover","Floor protected with bubbleweave floor protection or polyweave"
"4e8f400f-5d2a-5752-9602-f06172d5c5df","","checkpoint-status","not-started","","","TRUE","TRUE","Site QA","Floor Finishes","WING B1","B.86 BED","Protection and Handover","Installer Sign Off: Protection installed as per manufacturer's instructions"
"445fb342-f76f-4f3b-8e72-babf73ca9c83","","checklist-sectioned","not-started","5a8a68d1221a9e608c282940756e19ac2c3c1dd54ffd7888cef6f74664a05c9a","checklist","FALSE","FALSE","Site QA","Floor Finishes","WING B1","B.86A ENSUITE"
"0fd22f48-e55e-5bf4-aa9b-349b3b961f59","","checkpoint-group","not-started","","","FALSE","FALSE","Site QA","Floor Finishes","WING B1","B.86A ENSUITE","Subfloor, Floor Preparation, Adhesive"
"223c1336-d517-5138-be16-efd16736b0e5","","checkpoint-status","not-started","","","TRUE","TRUE","Site QA","Floor Finishes","WING B1","B.86A ENSUITE","Subfloor, Floor Preparation, Adhesive","Confirm area of work is accessible & acceptable to commence (If not comment below)"
"a0dfd117-ceea-5555-ac47-102bde6c937f","","checkpoint-status","not-started","","","TRUE","TRUE","Site QA","Floor Finishes","WING B1","B.86A ENSUITE","Subfloor, Floor Preparation, Adhesive","Subfloor mechanically diamond ground"
"2ad565e6-6b4f-43bd-b74d-6e4f309315c0","","checkpoint-status","not-started","","","TRUE","TRUE","Site QA","Floor Finishes","WING B1","B.86A ENSUITE","Subfloor, Floor Preparation, Adhesive","Floor preparation product installed in accordance with manufacturer's instructions"
"b101a6cd-30b3-5bb7-8187-f5b847280e53","","checkpoint-status","not-started","","","TRUE","TRUE","Site QA","Floor Finishes","WING B1","B.86A ENSUITE","Subfloor, Floor Preparation, Adhesive","Floor transitions installed as per instructions from builder"
"f953a4a3-dbeb-4abc-bb3f-1fff090259e8","","checkpoint-status","not-started","","","TRUE","TRUE","Site QA","Floor Finishes","WING B1","B.86A ENSUITE","Subfloor, Floor Preparation, Adhesive","Waterproof tested for falls, and water test completed by waterproofers"
"be7cf9a2-54d1-583c-ad9b-e22529b6ca34","","checkpoint-status","not-started","","","TRUE","TRUE","Site QA","Floor Finishes","WING B1","B.86A ENSUITE","Subfloor, Floor Preparation, Adhesive","Correct adhesive used"
"1d7aaaf4-903c-548e-ae88-03f029b6dbe9","","checkpoint-group","not-started","","","FALSE","FALSE","Site QA","Floor Finishes","WING B1","B.86A ENSUITE","Carpet / Vinyl"
"68847c49-df15-5d87-a29a-477a8a0a596e","","checkpoint-status","not-started","","","TRUE","TRUE","Site QA","Floor Finishes","WING B1","B.86A ENSUITE","Carpet / Vinyl","Confirm area of work is accessible & acceptable to commence (If not comment below)"
"f29cdc6f-be82-5923-ac19-e9d6c9d7b61d","","checkpoint-status","not-started","","","TRUE","TRUE","Site QA","Floor Finishes","WING B1","B.86A ENSUITE","Carpet / Vinyl","Vinyl installed as per plan"
"31c56348-1f8e-59fb-a6c2-ada3690efb9c","","checkpoint-status","not-started","","","TRUE","TRUE","Site QA","Floor Finishes","WING B1","B.86A ENSUITE","Carpet / Vinyl","Carpet installed as per plan"
"39e58675-0ad2-548d-b493-5b0d59a88b08","","checkpoint-status","not-started","","","TRUE","TRUE","Site QA","Floor Finishes","WING B1","B.86A ENSUITE","Carpet / Vinyl","Joints sealed with heat welded seams and mitres as per AS 1884-2012"
"38d5753a-b7d6-5741-8f9c-35d6f5dbe1d1","","checkpoint-status","not-started","","","TRUE","TRUE","Site QA","Floor Finishes","WING B1","B.86A ENSUITE","Carpet / Vinyl","Vinyl skirt and coving used as per finishes markup - 150mm height"
"cd3b864c-39eb-57fb-80cc-6c821f9e55b1","","checkpoint-status","not-started","","","TRUE","TRUE","Site QA","Floor Finishes","WING B1","B.86A ENSUITE","Carpet / Vinyl","Installer Sign Off: Carpet / Vinyl installed as per manufacturer's instructions"
"24475b23-0a1a-57b4-8efd-97424003a5ac","","checkpoint-status","not-started","","","TRUE","TRUE","Site QA","Floor Finishes","WING B1","B.86A ENSUITE","Carpet / Vinyl","Add-Floors Sign Off"
"61f39f62-478d-578a-8b7b-e1f0791561fb","","checkpoint-status","not-started","","","TRUE","TRUE","Site QA","Floor Finishes","WING B1","B.86A ENSUITE","Carpet / Vinyl","Foreman installation sign off"
"1cb99a7a-6ca3-5b2e-aba3-d04cd9bcd968","","checkpoint-group","not-started","","","FALSE","FALSE","Site QA","Floor Finishes","WING B1","B.86A ENSUITE","Wall Finish"
"dc252d32-232a-5b40-808c-a6bd385c7c28","","checkpoint-status","not-started","","","TRUE","TRUE","Site QA","Floor Finishes","WING B1","B.86A ENSUITE","Wall Finish","Wall Finish installed as per plan"
"00106cda-2590-56d0-91a4-3b77054eede3","","checkpoint-group","not-started","","","FALSE","FALSE","Site QA","Floor Finishes","WING B1","B.86A ENSUITE","Protection and Handover"
"385569d3-6d56-5fac-93de-1f14a5254bae","","checkpoint-status","not-started","","","TRUE","TRUE","Site QA","Floor Finishes","WING B1","B.86A ENSUITE","Protection and Handover","Installation complete, checked and reviewed - as per specification"
"174e2805-c868-5b67-b326-4072d20c3312","","checkpoint-status","not-started","","","TRUE","TRUE","Site QA","Floor Finishes","WING B1","B.86A ENSUITE","Protection and Handover","Floor protected with bubbleweave floor protection or polyweave"
"e71cf88b-99ef-53a7-b2ac-c9eadd20a14a","","checkpoint-status","not-started","","","TRUE","TRUE","Site QA","Floor Finishes","WING B1","B.86A ENSUITE","Protection and Handover","Installer Sign Off: Protection installed as per manufacturer's instructions"
"1a2eaefd-8aa6-4517-b16f-193498688204","","checklist-sectioned","not-started","5a8a68d1221a9e608c282940756e19ac2c3c1dd54ffd7888cef6f74664a05c9a","checklist","FALSE","FALSE","Site QA","Floor Finishes","WING B1","B.87 BED"
"82d879c3-97c9-5031-bc84-adee1f84ba0d","","checkpoint-group","not-started","","","FALSE","FALSE","Site QA","Floor Finishes","WING B1","B.87 BED","Subfloor, Floor Preparation, Adhesive"
"f2702913-755e-5cd0-bbaf-4fa10fcab639","","checkpoint-status","not-started","","","TRUE","TRUE","Site QA","Floor Finishes","WING B1","B.87 BED","Subfloor, Floor Preparation, Adhesive","Confirm area of work is accessible & acceptable to commence (If not comment below)"
"8c81e4b6-bc06-5570-98c5-28063c8372d9","","checkpoint-status","not-started","","","TRUE","TRUE","Site QA","Floor Finishes","WING B1","B.87 BED","Subfloor, Floor Preparation, Adhesive","Subfloor mechanically diamond ground"
"80912a7f-92f1-4719-a683-bfaa548af944","","checkpoint-status","not-started","","","TRUE","TRUE","Site QA","Floor Finishes","WING B1","B.87 BED","Subfloor, Floor Preparation, Adhesive","Floor preparation product installed in accordance with manufacturer's instructions"
"ffdbd642-d510-5165-a1f5-6a8566268723","","checkpoint-status","not-started","","","TRUE","TRUE","Site QA","Floor Finishes","WING B1","B.87 BED","Subfloor, Floor Preparation, Adhesive","Floor transitions installed as per instructions from builder"
"df828be7-1312-496f-9df2-9338640b0ab3","","checkpoint-status","not-started","","","TRUE","TRUE","Site QA","Floor Finishes","WING B1","B.87 BED","Subfloor, Floor Preparation, Adhesive","Waterproof tested for falls, and water test completed by waterproofers"
"3e14969b-c12f-5df4-9e8a-67aa2ca45e47","","checkpoint-status","not-started","","","TRUE","TRUE","Site QA","Floor Finishes","WING B1","B.87 BED","Subfloor, Floor Preparation, Adhesive","Correct adhesive used"
"1411e55c-4708-50d2-be95-6d78728eb518","","checkpoint-group","not-started","","","FALSE","FALSE","Site QA","Floor Finishes","WING B1","B.87 BED","Carpet / Vinyl"
"324d006c-75a6-5d49-80ad-5579f26ae28f","","checkpoint-status","not-started","","","TRUE","TRUE","Site QA","Floor Finishes","WING B1","B.87 BED","Carpet / Vinyl","Confirm area of work is accessible & acceptable to commence (If not comment below)"
"e1b13eee-2ec4-570f-9612-d86fa3b8320d","","checkpoint-status","not-started","","","TRUE","TRUE","Site QA","Floor Finishes","WING B1","B.87 BED","Carpet / Vinyl","Vinyl installed as per plan"
"104870b1-6fbb-5c76-aceb-7dc49b06a88f","","checkpoint-status","not-started","","","TRUE","TRUE","Site QA","Floor Finishes","WING B1","B.87 BED","Carpet / Vinyl","Carpet installed as per plan"
"ad6db9c2-8b25-5be2-9876-26ee11f16b01","","checkpoint-status","not-started","","","TRUE","TRUE","Site QA","Floor Finishes","WING B1","B.87 BED","Carpet / Vinyl","Joints sealed with heat welded seams and mitres as per AS 1884-2012"
"414a5113-01a5-517c-b8e5-76548b7f2184","","checkpoint-status","not-started","","","TRUE","TRUE","Site QA","Floor Finishes","WING B1","B.87 BED","Carpet / Vinyl","Vinyl skirt and coving used as per finishes markup - 150mm height"
"4add31cd-eb6e-5bfa-a81d-3df79f4849fe","","checkpoint-status","not-started","","","TRUE","TRUE","Site QA","Floor Finishes","WING B1","B.87 BED","Carpet / Vinyl","Installer Sign Off: Carpet / Vinyl installed as per manufacturer's instructions"
"d49df8c3-067f-58be-bc37-0861a2ff7745","","checkpoint-status","not-started","","","TRUE","TRUE","Site QA","Floor Finishes","WING B1","B.87 BED","Carpet / Vinyl","Add-Floors Sign Off"
"28b44cef-5dec-5987-a0dd-ee90add8ff9d","","checkpoint-status","not-started","","","TRUE","TRUE","Site QA","Floor Finishes","WING B1","B.87 BED","Carpet / Vinyl","Foreman installation sign off"
"80cda0cf-825d-5a36-ae52-44b275b83da1","","checkpoint-group","not-started","","","FALSE","FALSE","Site QA","Floor Finishes","WING B1","B.87 BED","Wall Finish"
"d8c11295-d44e-5c35-a70e-d847b18c4a07","","checkpoint-status","not-started","","","TRUE","TRUE","Site QA","Floor Finishes","WING B1","B.87 BED","Wall Finish","Wall Finish installed as per plan"
"c1216dcb-25a4-553b-a17d-417852ff2efe","","checkpoint-group","not-started","","","FALSE","FALSE","Site QA","Floor Finishes","WING B1","B.87 BED","Protection and Handover"
"c9b00796-9638-56b6-aa9c-be6d7a8e482c","","checkpoint-status","not-started","","","TRUE","TRUE","Site QA","Floor Finishes","WING B1","B.87 BED","Protection and Handover","Installation complete, checked and reviewed - as per specification"
"5da3a655-10f3-5802-9391-26e9322f4bd5","","checkpoint-status","not-started","","","TRUE","TRUE","Site QA","Floor Finishes","WING B1","B.87 BED","Protection and Handover","Floor protected with bubbleweave floor protection or polyweave"
"a5a4b113-b31e-5b6f-86cb-94f03b13e89c","","checkpoint-status","not-started","","","TRUE","TRUE","Site QA","Floor Finishes","WING B1","B.87 BED","Protection and Handover","Installer Sign Off: Protection installed as per manufacturer's instructions"
"73434182-5629-49fe-b03f-a460c8765130","","checklist-sectioned","not-started","5a8a68d1221a9e608c282940756e19ac2c3c1dd54ffd7888cef6f74664a05c9a","checklist","FALSE","FALSE","Site QA","Floor Finishes","WING B1","B.87A ENSUITE"
"5701d93a-3798-51a2-8ec4-ce6cd4e163e0","","checkpoint-group","not-started","","","FALSE","FALSE","Site QA","Floor Finishes","WING B1","B.87A ENSUITE","Subfloor, Floor Preparation, Adhesive"
"00183b28-fe72-5636-8116-b12f9905348e","","checkpoint-status","not-started","","","TRUE","TRUE","Site QA","Floor Finishes","WING B1","B.87A ENSUITE","Subfloor, Floor Preparation, Adhesive","Confirm area of work is accessible & acceptable to commence (If not comment below)"
"e6bde4e4-d0f6-5821-9f0d-cad13f854a7d","","checkpoint-status","not-started","","","TRUE","TRUE","Site QA","Floor Finishes","WING B1","B.87A ENSUITE","Subfloor, Floor Preparation, Adhesive","Subfloor mechanically diamond ground"
"4070a00c-c9a5-4131-86e3-87d800feeee0","","checkpoint-status","not-started","","","TRUE","TRUE","Site QA","Floor Finishes","WING B1","B.87A ENSUITE","Subfloor, Floor Preparation, Adhesive","Floor preparation product installed in accordance with manufacturer's instructions"
"ead8ecb4-ad7f-5169-ac87-55cc7b511b0f","","checkpoint-status","not-started","","","TRUE","TRUE","Site QA","Floor Finishes","WING B1","B.87A ENSUITE","Subfloor, Floor Preparation, Adhesive","Floor transitions installed as per instructions from builder"
"ef8d4859-04c8-44c9-94a7-143f9b71d344","","checkpoint-status","not-started","","","TRUE","TRUE","Site QA","Floor Finishes","WING B1","B.87A ENSUITE","Subfloor, Floor Preparation, Adhesive","Waterproof tested for falls, and water test completed by waterproofers"
"25b36c4a-29eb-5962-a780-8b3470839551","","checkpoint-status","not-started","","","TRUE","TRUE","Site QA","Floor Finishes","WING B1","B.87A ENSUITE","Subfloor, Floor Preparation, Adhesive","Correct adhesive used"
"0889e2c3-d3ba-54bf-b20c-7919a6c037f3","","checkpoint-group","not-started","","","FALSE","FALSE","Site QA","Floor Finishes","WING B1","B.87A ENSUITE","Carpet / Vinyl"
"b725a1b8-e94c-5b07-89f4-a9b8ba069f32","","checkpoint-status","not-started","","","TRUE","TRUE","Site QA","Floor Finishes","WING B1","B.87A ENSUITE","Carpet / Vinyl","Confirm area of work is accessible & acceptable to commence (If not comment below)"
"42e9be6b-3063-5aef-b86b-bf6d3254ea64","","checkpoint-status","not-started","","","TRUE","TRUE","Site QA","Floor Finishes","WING B1","B.87A ENSUITE","Carpet / Vinyl","Vinyl installed as per plan"
"0560b28d-cbf0-510c-9f77-1e1328c85c86","","checkpoint-status","not-started","","","TRUE","TRUE","Site QA","Floor Finishes","WING B1","B.87A ENSUITE","Carpet / Vinyl","Carpet installed as per plan"
"991e4e2b-42aa-556f-b219-6af7f48c11be","","checkpoint-status","not-started","","","TRUE","TRUE","Site QA","Floor Finishes","WING B1","B.87A ENSUITE","Carpet / Vinyl","Joints sealed with heat welded seams and mitres as per AS 1884-2012"
"f4737847-43d9-5a9a-81d7-ff2bcd8dcf56","","checkpoint-status","not-started","","","TRUE","TRUE","Site QA","Floor Finishes","WING B1","B.87A ENSUITE","Carpet / Vinyl","Vinyl skirt and coving used as per finishes markup - 150mm height"
"b0ee662c-badc-5d79-93e5-c148afcf938b","","checkpoint-status","not-started","","","TRUE","TRUE","Site QA","Floor Finishes","WING B1","B.87A ENSUITE","Carpet / Vinyl","Installer Sign Off: Carpet / Vinyl installed as per manufacturer's instructions"
"9d24eb39-38ad-587a-ab51-0406ae31e152","","checkpoint-status","not-started","","","TRUE","TRUE","Site QA","Floor Finishes","WING B1","B.87A ENSUITE","Carpet / Vinyl","Add-Floors Sign Off"
"bade5f82-88d1-5f87-b29b-d273aca1dff8","","checkpoint-status","not-started","","","TRUE","TRUE","Site QA","Floor Finishes","WING B1","B.87A ENSUITE","Carpet / Vinyl","Foreman installation sign off"
"fc17f1f7-0e91-5614-b6bf-60ebc5e7a719","","checkpoint-group","not-started","","","FALSE","FALSE","Site QA","Floor Finishes","WING B1","B.87A ENSUITE","Wall Finish"
"6e896c37-6169-55a5-8b98-63f972be0ca6","","checkpoint-status","not-started","","","TRUE","TRUE","Site QA","Floor Finishes","WING B1","B.87A ENSUITE","Wall Finish","Wall Finish installed as per plan"
"36de4707-2c15-59b6-a720-c15040ac20ec","","checkpoint-group","not-started","","","FALSE","FALSE","Site QA","Floor Finishes","WING B1","B.87A ENSUITE","Protection and Handover"
"f9c886c8-c7da-5693-accb-41c60454efd2","","checkpoint-status","not-started","","","TRUE","TRUE","Site QA","Floor Finishes","WING B1","B.87A ENSUITE","Protection and Handover","Installation complete, checked and reviewed - as per specification"
"ff4bbf0d-0246-5725-aea6-2d93b7cf4ede","","checkpoint-status","not-started","","","TRUE","TRUE","Site QA","Floor Finishes","WING B1","B.87A ENSUITE","Protection and Handover","Floor protected with bubbleweave floor protection or polyweave"
"c567a2a3-ef15-5a83-9e95-4df62a9a3b05","","checkpoint-status","not-started","","","TRUE","TRUE","Site QA","Floor Finishes","WING B1","B.87A ENSUITE","Protection and Handover","Installer Sign Off: Protection installed as per manufacturer's instructions"
"cc1148b4-a0c8-41d7-839c-a40255886eee","","checklist-sectioned","not-started","5a8a68d1221a9e608c282940756e19ac2c3c1dd54ffd7888cef6f74664a05c9a","checklist","FALSE","FALSE","Site QA","Floor Finishes","WING B1","B.88 BED"
"2af3e6bc-3334-5bf4-8ba3-0178035d2e8a","","checkpoint-group","not-started","","","FALSE","FALSE","Site QA","Floor Finishes","WING B1","B.88 BED","Subfloor, Floor Preparation, Adhesive"
"f375b5ec-c2ff-597e-a8a6-cbcfcc34c5d5","","checkpoint-status","not-started","","","TRUE","TRUE","Site QA","Floor Finishes","WING B1","B.88 BED","Subfloor, Floor Preparation, Adhesive","Confirm area of work is accessible & acceptable to commence (If not comment below)"
"c63d8601-7058-587f-be7a-ff2c4a56716b","","checkpoint-status","not-started","","","TRUE","TRUE","Site QA","Floor Finishes","WING B1","B.88 BED","Subfloor, Floor Preparation, Adhesive","Subfloor mechanically diamond ground"
"56c0a206-ff74-4a65-8bde-0335aa5bafcb","","checkpoint-status","not-started","","","TRUE","TRUE","Site QA","Floor Finishes","WING B1","B.88 BED","Subfloor, Floor Preparation, Adhesive","Floor preparation product installed in accordance with manufacturer's instructions"
"3a24b3ff-63e9-5c01-a84e-48a91339e362","","checkpoint-status","not-started","","","TRUE","TRUE","Site QA","Floor Finishes","WING B1","B.88 BED","Subfloor, Floor Preparation, Adhesive","Floor transitions installed as per instructions from builder"
"eb909f89-ac8f-46c5-bc64-1663206dba8e","","checkpoint-status","not-started","","","TRUE","TRUE","Site QA","Floor Finishes","WING B1","B.88 BED","Subfloor, Floor Preparation, Adhesive","Waterproof tested for falls, and water test completed by waterproofers"
"13a825bc-39da-590d-ba56-2b271bd978b8","","checkpoint-status","not-started","","","TRUE","TRUE","Site QA","Floor Finishes","WING B1","B.88 BED","Subfloor, Floor Preparation, Adhesive","Correct adhesive used"
"fcd5529b-785c-58dc-8daa-35b745fc0dd1","","checkpoint-group","not-started","","","FALSE","FALSE","Site QA","Floor Finishes","WING B1","B.88 BED","Carpet / Vinyl"
"93d444e6-2b42-5164-af21-f8185d5ca0d3","","checkpoint-status","not-started","","","TRUE","TRUE","Site QA","Floor Finishes","WING B1","B.88 BED","Carpet / Vinyl","Confirm area of work is accessible & acceptable to commence (If not comment below)"
"55bc12f5-410f-5acd-95ce-9d1bae332709","","checkpoint-status","not-started","","","TRUE","TRUE","Site QA","Floor Finishes","WING B1","B.88 BED","Carpet / Vinyl","Vinyl installed as per plan"
"a578e096-8f8e-555c-98b6-7a35f9bd555c","","checkpoint-status","not-started","","","TRUE","TRUE","Site QA","Floor Finishes","WING B1","B.88 BED","Carpet / Vinyl","Carpet installed as per plan"
"2fd2eead-57b8-5bba-8721-3b1403ce19b5","","checkpoint-status","not-started","","","TRUE","TRUE","Site QA","Floor Finishes","WING B1","B.88 BED","Carpet / Vinyl","Joints sealed with heat welded seams and mitres as per AS 1884-2012"
"de5e8364-a8c6-554f-ae79-b4effa9f83d7","","checkpoint-status","not-started","","","TRUE","TRUE","Site QA","Floor Finishes","WING B1","B.88 BED","Carpet / Vinyl","Vinyl skirt and coving used as per finishes markup - 150mm height"
"7d36bd81-db82-50f0-b73a-4da26aa30cc1","","checkpoint-status","not-started","","","TRUE","TRUE","Site QA","Floor Finishes","WING B1","B.88 BED","Carpet / Vinyl","Installer Sign Off: Carpet / Vinyl installed as per manufacturer's instructions"
"e99113c9-29ea-5393-a00d-3456d49222a7","","checkpoint-status","not-started","","","TRUE","TRUE","Site QA","Floor Finishes","WING B1","B.88 BED","Carpet / Vinyl","Add-Floors Sign Off"
"95e9b98d-df21-5a11-9e60-c3e7977724c9","","checkpoint-status","not-started","","","TRUE","TRUE","Site QA","Floor Finishes","WING B1","B.88 BED","Carpet / Vinyl","Foreman installation sign off"
"40ee9f98-2ec3-5e2b-a684-dd0d65344dc1","","checkpoint-group","not-started","","","FALSE","FALSE","Site QA","Floor Finishes","WING B1","B.88 BED","Wall Finish"
"016c6f7f-3a18-5fe1-a232-66c9562cdc66","","checkpoint-status","not-started","","","TRUE","TRUE","Site QA","Floor Finishes","WING B1","B.88 BED","Wall Finish","Wall Finish installed as per plan"
"a434f9c0-93a1-57ac-8873-00372c538bf8","","checkpoint-group","not-started","","","FALSE","FALSE","Site QA","Floor Finishes","WING B1","B.88 BED","Protection and Handover"
"d0f054c0-b318-585b-85dd-16fb091bfea2","","checkpoint-status","not-started","","","TRUE","TRUE","Site QA","Floor Finishes","WING B1","B.88 BED","Protection and Handover","Installation complete, checked and reviewed - as per specification"
"66f2ee9a-47d9-56e3-896b-8372aa1b7fdf","","checkpoint-status","not-started","","","TRUE","TRUE","Site QA","Floor Finishes","WING B1","B.88 BED","Protection and Handover","Floor protected with bubbleweave floor protection or polyweave"
"8304d2db-1221-5885-ac5b-9a7c6657c082","","checkpoint-status","not-started","","","TRUE","TRUE","Site QA","Floor Finishes","WING B1","B.88 BED","Protection and Handover","Installer Sign Off: Protection installed as per manufacturer's instructions"
"64339093-b63f-4f7b-8f5f-80a21339fe34","","checklist-sectioned","not-started","5a8a68d1221a9e608c282940756e19ac2c3c1dd54ffd7888cef6f74664a05c9a","checklist","FALSE","FALSE","Site QA","Floor Finishes","WING B1","B.88A ENSUITE"
"ff91e616-b0c3-5c94-8dc6-c8896d7ca878","","checkpoint-group","not-started","","","FALSE","FALSE","Site QA","Floor Finishes","WING B1","B.88A ENSUITE","Subfloor, Floor Preparation, Adhesive"
"9e39f617-d8de-5a11-be12-2e58ace2e0a9","","checkpoint-status","not-started","","","TRUE","TRUE","Site QA","Floor Finishes","WING B1","B.88A ENSUITE","Subfloor, Floor Preparation, Adhesive","Confirm area of work is accessible & acceptable to commence (If not comment below)"
"b1190a1b-7081-5b0d-8213-1c354c45979e","","checkpoint-status","not-started","","","TRUE","TRUE","Site QA","Floor Finishes","WING B1","B.88A ENSUITE","Subfloor, Floor Preparation, Adhesive","Subfloor mechanically diamond ground"
"6b30d47f-ebd8-41e4-9f6e-c36a0a7eed4d","","checkpoint-status","not-started","","","TRUE","TRUE","Site QA","Floor Finishes","WING B1","B.88A ENSUITE","Subfloor, Floor Preparation, Adhesive","Floor preparation product installed in accordance with manufacturer's instructions"
"66e57a0b-e2dc-5c48-a9cf-cecb11ee6ee5","","checkpoint-status","not-started","","","TRUE","TRUE","Site QA","Floor Finishes","WING B1","B.88A ENSUITE","Subfloor, Floor Preparation, Adhesive","Floor transitions installed as per instructions from builder"
"fd1a59b1-6b83-4b54-a37b-d8191555647a","","checkpoint-status","not-started","","","TRUE","TRUE","Site QA","Floor Finishes","WING B1","B.88A ENSUITE","Subfloor, Floor Preparation, Adhesive","Waterproof tested for falls, and water test completed by waterproofers"
"f0b8601d-b024-5b49-b8d0-bec45d169300","","checkpoint-status","not-started","","","TRUE","TRUE","Site QA","Floor Finishes","WING B1","B.88A ENSUITE","Subfloor, Floor Preparation, Adhesive","Correct adhesive used"
"54808d12-ff0b-54f6-977b-87797ef93d37","","checkpoint-group","not-started","","","FALSE","FALSE","Site QA","Floor Finishes","WING B1","B.88A ENSUITE","Carpet / Vinyl"
"0df2b7a0-9973-5bb9-a18c-5d8a8f719d26","","checkpoint-status","not-started","","","TRUE","TRUE","Site QA","Floor Finishes","WING B1","B.88A ENSUITE","Carpet / Vinyl","Confirm area of work is accessible & acceptable to commence (If not comment below)"
"755cb9da-4f42-537a-bdd9-dfde384491d5","","checkpoint-status","not-started","","","TRUE","TRUE","Site QA","Floor Finishes","WING B1","B.88A ENSUITE","Carpet / Vinyl","Vinyl installed as per plan"
"c2ab9403-4e03-599d-8045-8b1a61f9ba39","","checkpoint-status","not-started","","","TRUE","TRUE","Site QA","Floor Finishes","WING B1","B.88A ENSUITE","Carpet / Vinyl","Carpet installed as per plan"
"278ffed2-16db-5832-b86c-f27b2753739d","","checkpoint-status","not-started","","","TRUE","TRUE","Site QA","Floor Finishes","WING B1","B.88A ENSUITE","Carpet / Vinyl","Joints sealed with heat welded seams and mitres as per AS 1884-2012"
"fe1351c0-3bbb-5222-bb05-cadbb08dd2dc","","checkpoint-status","not-started","","","TRUE","TRUE","Site QA","Floor Finishes","WING B1","B.88A ENSUITE","Carpet / Vinyl","Vinyl skirt and coving used as per finishes markup - 150mm height"
"241513ca-6153-567e-82e4-0e22d604f732","","checkpoint-status","not-started","","","TRUE","TRUE","Site QA","Floor Finishes","WING B1","B.88A ENSUITE","Carpet / Vinyl","Installer Sign Off: Carpet / Vinyl installed as per manufacturer's instructions"
"9e3bdf9a-4636-58ce-b32e-727508ed883d","","checkpoint-status","not-started","","","TRUE","TRUE","Site QA","Floor Finishes","WING B1","B.88A ENSUITE","Carpet / Vinyl","Add-Floors Sign Off"
"efc6a262-133e-579f-9cac-e8a8578cc138","","checkpoint-status","not-started","","","TRUE","TRUE","Site QA","Floor Finishes","WING B1","B.88A ENSUITE","Carpet / Vinyl","Foreman installation sign off"
"91404d5c-18b4-5390-9f84-ddf3fccfb248","","checkpoint-group","not-started","","","FALSE","FALSE","Site QA","Floor Finishes","WING B1","B.88A ENSUITE","Wall Finish"
"1510a2f3-081f-5f9b-8435-3cd9ce47cc98","","checkpoint-status","not-started","","","TRUE","TRUE","Site QA","Floor Finishes","WING B1","B.88A ENSUITE","Wall Finish","Wall Finish installed as per plan"
"89743ee3-bad4-54d2-8814-b64772adc5a3","","checkpoint-group","not-started","","","FALSE","FALSE","Site QA","Floor Finishes","WING B1","B.88A ENSUITE","Protection and Handover"
"f3529c11-b8de-5e34-9118-4570988d255c","","checkpoint-status","not-started","","","TRUE","TRUE","Site QA","Floor Finishes","WING B1","B.88A ENSUITE","Protection and Handover","Installation complete, checked and reviewed - as per specification"
"f341cd73-05f3-5a54-bf8c-f46a10e337a2","","checkpoint-status","not-started","","","TRUE","TRUE","Site QA","Floor Finishes","WING B1","B.88A ENSUITE","Protection and Handover","Floor protected with bubbleweave floor protection or polyweave"
"cffe99db-b7af-5208-b23e-35deb65d703e","","checkpoint-status","not-started","","","TRUE","TRUE","Site QA","Floor Finishes","WING B1","B.88A ENSUITE","Protection and Handover","Installer Sign Off: Protection installed as per manufacturer's instructions"
"8808ed71-8de7-4183-bca4-c7ce942db677","","checklist-sectioned","not-started","5a8a68d1221a9e608c282940756e19ac2c3c1dd54ffd7888cef6f74664a05c9a","checklist","FALSE","FALSE","Site QA","Floor Finishes","WING B1","CORRIDOR AND LOUNGE"
"44e93c27-1890-57ad-b397-74af72df4042","","checkpoint-group","not-started","","","FALSE","FALSE","Site QA","Floor Finishes","WING B1","CORRIDOR AND LOUNGE","Subfloor, Floor Preparation, Adhesive"
"8c9cf24c-b3a8-57b5-a443-80a7fcc41ac7","","checkpoint-status","not-started","","","TRUE","TRUE","Site QA","Floor Finishes","WING B1","CORRIDOR AND LOUNGE","Subfloor, Floor Preparation, Adhesive","Confirm area of work is accessible & acceptable to commence (If not comment below)"
"760fec1a-6e85-586c-ae3e-29a992403487","","checkpoint-status","not-started","","","TRUE","TRUE","Site QA","Floor Finishes","WING B1","CORRIDOR AND LOUNGE","Subfloor, Floor Preparation, Adhesive","Subfloor mechanically diamond ground"
"56a48287-c82e-425d-93e6-a1546c30827a","","checkpoint-status","not-started","","","TRUE","TRUE","Site QA","Floor Finishes","WING B1","CORRIDOR AND LOUNGE","Subfloor, Floor Preparation, Adhesive","Floor preparation product installed in accordance with manufacturer's instructions"
"e92ab022-1da0-5a1d-beb6-73f96cc535d8","","checkpoint-status","not-started","","","TRUE","TRUE","Site QA","Floor Finishes","WING B1","CORRIDOR AND LOUNGE","Subfloor, Floor Preparation, Adhesive","Floor transitions installed as per instructions from builder"
"8a72920a-4e87-4dbf-8000-d059f2ca4016","","checkpoint-status","not-started","","","TRUE","TRUE","Site QA","Floor Finishes","WING B1","CORRIDOR AND LOUNGE","Subfloor, Floor Preparation, Adhesive","Waterproof tested for falls, and water test completed by waterproofers"
"96d5474a-f2b7-5390-a27b-a78413a7a203","","checkpoint-status","not-started","","","TRUE","TRUE","Site QA","Floor Finishes","WING B1","CORRIDOR AND LOUNGE","Subfloor, Floor Preparation, Adhesive","Correct adhesive used"
"1fc99b1b-88c5-5fcd-a3c0-ee637f1422c0","","checkpoint-group","not-started","","","FALSE","FALSE","Site QA","Floor Finishes","WING B1","CORRIDOR AND LOUNGE","Carpet / Vinyl"
"ba8e28f3-be94-5f76-a2f0-b9d6bb82f476","","checkpoint-status","not-started","","","TRUE","TRUE","Site QA","Floor Finishes","WING B1","CORRIDOR AND LOUNGE","Carpet / Vinyl","Confirm area of work is accessible & acceptable to commence (If not comment below)"
"6dbb7b6f-3575-55a8-b706-7dc24ba40dc0","","checkpoint-status","not-started","","","TRUE","TRUE","Site QA","Floor Finishes","WING B1","CORRIDOR AND LOUNGE","Carpet / Vinyl","Vinyl installed as per plan"
"8bb042e4-24ad-56ad-89e6-b12727f4d019","","checkpoint-status","not-started","","","TRUE","TRUE","Site QA","Floor Finishes","WING B1","CORRIDOR AND LOUNGE","Carpet / Vinyl","Carpet installed as per plan"
"fa33522a-d04f-5a0b-b8e6-9ca955606611","","checkpoint-status","not-started","","","TRUE","TRUE","Site QA","Floor Finishes","WING B1","CORRIDOR AND LOUNGE","Carpet / Vinyl","Joints sealed with heat welded seams and mitres as per AS 1884-2012"
"57f7928d-3ca1-539a-baee-f2ecc4af90fd","","checkpoint-status","not-started","","","TRUE","TRUE","Site QA","Floor Finishes","WING B1","CORRIDOR AND LOUNGE","Carpet / Vinyl","Vinyl skirt and coving used as per finishes markup - 150mm height"
"104e15af-ad65-5351-bbbf-8d9618443a33","","checkpoint-status","not-started","","","TRUE","TRUE","Site QA","Floor Finishes","WING B1","CORRIDOR AND LOUNGE","Carpet / Vinyl","Installer Sign Off: Carpet / Vinyl installed as per manufacturer's instructions"
"dabc9e4e-5fb4-57a3-a172-9772c67d0109","","checkpoint-status","not-started","","","TRUE","TRUE","Site QA","Floor Finishes","WING B1","CORRIDOR AND LOUNGE","Carpet / Vinyl","Add-Floors Sign Off"
"0e7c1a2a-a0c4-5b2c-aeee-b1a7efee7952","","checkpoint-status","not-started","","","TRUE","TRUE","Site QA","Floor Finishes","WING B1","CORRIDOR AND LOUNGE","Carpet / Vinyl","Foreman installation sign off"
"9b06dc31-09f9-5f86-9fea-6781a5eeefda","","checkpoint-group","not-started","","","FALSE","FALSE","Site QA","Floor Finishes","WING B1","CORRIDOR AND LOUNGE","Wall Finish"
"94689090-3a20-5d34-9422-516b407650e6","","checkpoint-status","not-started","","","TRUE","TRUE","Site QA","Floor Finishes","WING B1","CORRIDOR AND LOUNGE","Wall Finish","Wall Finish installed as per plan"
"7d54d739-1fe6-5af7-9f74-f5dc73c3d06b","","checkpoint-group","not-started","","","FALSE","FALSE","Site QA","Floor Finishes","WING B1","CORRIDOR AND LOUNGE","Protection and Handover"
"28edb02a-e1fa-59a1-b632-bb3fed47bca1","","checkpoint-status","not-started","","","TRUE","TRUE","Site QA","Floor Finishes","WING B1","CORRIDOR AND LOUNGE","Protection and Handover","Installation complete, checked and reviewed - as per specification"
"41b480ae-e9eb-5564-b749-8013daee3250","","checkpoint-status","not-started","","","TRUE","TRUE","Site QA","Floor Finishes","WING B1","CORRIDOR AND LOUNGE","Protection and Handover","Floor protected with bubbleweave floor protection or polyweave"
"e6748cce-3c3f-5dbf-920e-7b728b1ce02c","","checkpoint-status","not-started","","","TRUE","TRUE","Site QA","Floor Finishes","WING B1","CORRIDOR AND LOUNGE","Protection and Handover","Installer Sign Off: Protection installed as per manufacturer's instructions"
"f2a22e7e-5e38-4197-966e-df13782a175b","","checklist-sectioned","not-started","5a8a68d1221a9e608c282940756e19ac2c3c1dd54ffd7888cef6f74664a05c9a","checklist","FALSE","FALSE","Site QA","Floor Finishes","WING B1","CORRIDOR, LINEN AND SITTING"
"968b76d4-3b9a-5736-bbcd-90e6b07bcaa0","","checkpoint-group","not-started","","","FALSE","FALSE","Site QA","Floor Finishes","WING B1","CORRIDOR, LINEN AND SITTING","Subfloor, Floor Preparation, Adhesive"
"a36170d7-83d0-53a0-bd23-c47d10e93422","","checkpoint-status","not-started","","","TRUE","TRUE","Site QA","Floor Finishes","WING B1","CORRIDOR, LINEN AND SITTING","Subfloor, Floor Preparation, Adhesive","Confirm area of work is accessible & acceptable to commence (If not comment below)"
"06245e6d-4a40-5627-8b52-178cd5c522fa","","checkpoint-status","not-started","","","TRUE","TRUE","Site QA","Floor Finishes","WING B1","CORRIDOR, LINEN AND SITTING","Subfloor, Floor Preparation, Adhesive","Subfloor mechanically diamond ground"
"6ddbf5d8-434a-4b92-8b69-d3582782a56d","","checkpoint-status","not-started","","","TRUE","TRUE","Site QA","Floor Finishes","WING B1","CORRIDOR, LINEN AND SITTING","Subfloor, Floor Preparation, Adhesive","Floor preparation product installed in accordance with manufacturer's instructions"
"d4a58740-1f9a-5469-bfee-67d69d7c8b5a","","checkpoint-status","not-started","","","TRUE","TRUE","Site QA","Floor Finishes","WING B1","CORRIDOR, LINEN AND SITTING","Subfloor, Floor Preparation, Adhesive","Floor transitions installed as per instructions from builder"
"f5abe336-9e46-4a5e-aefa-019c188be069","","checkpoint-status","not-started","","","TRUE","TRUE","Site QA","Floor Finishes","WING B1","CORRIDOR, LINEN AND SITTING","Subfloor, Floor Preparation, Adhesive","Waterproof tested for falls, and water test completed by waterproofers"
"cade648c-159b-5e2c-b8c5-af0ae8f9510e","","checkpoint-status","not-started","","","TRUE","TRUE","Site QA","Floor Finishes","WING B1","CORRIDOR, LINEN AND SITTING","Subfloor, Floor Preparation, Adhesive","Correct adhesive used"
"c8a140f9-0bad-5fd2-a3c2-5cf3e2a8d9fa","","checkpoint-group","not-started","","","FALSE","FALSE","Site QA","Floor Finishes","WING B1","CORRIDOR, LINEN AND SITTING","Carpet / Vinyl"
"41422eba-7acd-56b0-8ac1-2ee183611410","","checkpoint-status","not-started","","","TRUE","TRUE","Site QA","Floor Finishes","WING B1","CORRIDOR, LINEN AND SITTING","Carpet / Vinyl","Confirm area of work is accessible & acceptable to commence (If not comment below)"
"c56d8562-685a-5825-834f-c28e1fa45c2e","","checkpoint-status","not-started","","","TRUE","TRUE","Site QA","Floor Finishes","WING B1","CORRIDOR, LINEN AND SITTING","Carpet / Vinyl","Vinyl installed as per plan"
"de1b3a30-0aef-5d0c-b5fc-3ce5c70f4171","","checkpoint-status","not-started","","","TRUE","TRUE","Site QA","Floor Finishes","WING B1","CORRIDOR, LINEN AND SITTING","Carpet / Vinyl","Carpet installed as per plan"
"2ee4e5cc-ef70-55e2-9f33-6be91994dfa7","","checkpoint-status","not-started","","","TRUE","TRUE","Site QA","Floor Finishes","WING B1","CORRIDOR, LINEN AND SITTING","Carpet / Vinyl","Joints sealed with heat welded seams and mitres as per AS 1884-2012"
"18156b43-2220-5dfa-9ceb-6fe484487c0f","","checkpoint-status","not-started","","","TRUE","TRUE","Site QA","Floor Finishes","WING B1","CORRIDOR, LINEN AND SITTING","Carpet / Vinyl","Vinyl skirt and coving used as per finishes markup - 150mm height"
"007d9719-1127-5324-8db8-900ef19c2339","","checkpoint-status","not-started","","","TRUE","TRUE","Site QA","Floor Finishes","WING B1","CORRIDOR, LINEN AND SITTING","Carpet / Vinyl","Installer Sign Off: Carpet / Vinyl installed as per manufacturer's instructions"
"9b2e8b5e-4536-5307-b22f-71a1ec197928","","checkpoint-status","not-started","","","TRUE","TRUE","Site QA","Floor Finishes","WING B1","CORRIDOR, LINEN AND SITTING","Carpet / Vinyl","Add-Floors Sign Off"
"d882241c-698c-56d2-aa74-6cd9829fb332","","checkpoint-status","not-started","","","TRUE","TRUE","Site QA","Floor Finishes","WING B1","CORRIDOR, LINEN AND SITTING","Carpet / Vinyl","Foreman installation sign off"
"18b995c2-9733-5d24-b0d8-1e7441d245f3","","checkpoint-group","not-started","","","FALSE","FALSE","Site QA","Floor Finishes","WING B1","CORRIDOR, LINEN AND SITTING","Wall Finish"
"4e7bbc78-e052-5ca0-8a23-6e651aa35a5e","","checkpoint-status","not-started","","","TRUE","TRUE","Site QA","Floor Finishes","WING B1","CORRIDOR, LINEN AND SITTING","Wall Finish","Wall Finish installed as per plan"
"bc040f3d-a470-5779-8969-91a4910d6fd5","","checkpoint-group","not-started","","","FALSE","FALSE","Site QA","Floor Finishes","WING B1","CORRIDOR, LINEN AND SITTING","Protection and Handover"
"8ae67e72-4ff0-5903-95ef-368e58821a4a","","checkpoint-status","not-started","","","TRUE","TRUE","Site QA","Floor Finishes","WING B1","CORRIDOR, LINEN AND SITTING","Protection and Handover","Installation complete, checked and reviewed - as per specification"
"a8197c44-2863-56e1-b038-74a8db7ae595","","checkpoint-status","not-started","","","TRUE","TRUE","Site QA","Floor Finishes","WING B1","CORRIDOR, LINEN AND SITTING","Protection and Handover","Floor protected with bubbleweave floor protection or polyweave"
"396597a7-64f6-5369-9ae7-f63883d4a968","","checkpoint-status","not-started","","","TRUE","TRUE","Site QA","Floor Finishes","WING B1","CORRIDOR, LINEN AND SITTING","Protection and Handover","Installer Sign Off: Protection installed as per manufacturer's instructions"
"31f840b3-7a46-46cb-8765-3756df5df3d2","","folder-normal","not-started","","step","TRUE","FALSE","Site QA","Floor Finishes","WING B2"
"5429bd72-19a3-4c9f-8638-927941165f88","","checklist-sectioned","not-started","5a8a68d1221a9e608c282940756e19ac2c3c1dd54ffd7888cef6f74664a05c9a","checklist","FALSE","FALSE","Site QA","Floor Finishes","WING B2","B.01 ACCESS BED"
"d89ce3ce-6815-57bf-8ad6-81d94ec24935","","checkpoint-group","not-started","","","FALSE","FALSE","Site QA","Floor Finishes","WING B2","B.01 ACCESS BED","Subfloor, Floor Preparation, Adhesive"
"b09e330a-5cfa-537e-9ea7-d19830f283f8","","checkpoint-status","not-started","","","TRUE","TRUE","Site QA","Floor Finishes","WING B2","B.01 ACCESS BED","Subfloor, Floor Preparation, Adhesive","Confirm area of work is accessible & acceptable to commence (If not comment below)"
"4938fe15-89b8-5ebc-a0b4-81d5a6a2e627","","checkpoint-status","not-started","","","TRUE","TRUE","Site QA","Floor Finishes","WING B2","B.01 ACCESS BED","Subfloor, Floor Preparation, Adhesive","Subfloor mechanically diamond ground"
"f8c70a66-c06e-4e94-90b7-44bab9506a8a","","checkpoint-status","not-started","","","TRUE","TRUE","Site QA","Floor Finishes","WING B2","B.01 ACCESS BED","Subfloor, Floor Preparation, Adhesive","Floor preparation product installed in accordance with manufacturer's instructions"
"aa9b063e-8e1a-5e36-84fd-4a1bd7f83200","","checkpoint-status","not-started","","","TRUE","TRUE","Site QA","Floor Finishes","WING B2","B.01 ACCESS BED","Subfloor, Floor Preparation, Adhesive","Floor transitions installed as per instructions from builder"
"7ebec9c3-f9ac-4354-88d5-320e9df2a914","","checkpoint-status","not-started","","","TRUE","TRUE","Site QA","Floor Finishes","WING B2","B.01 ACCESS BED","Subfloor, Floor Preparation, Adhesive","Waterproof tested for falls, and water test completed by waterproofers"
"4406e026-a98e-5c41-a161-2c6e5a15dd67","","checkpoint-status","not-started","","","TRUE","TRUE","Site QA","Floor Finishes","WING B2","B.01 ACCESS BED","Subfloor, Floor Preparation, Adhesive","Correct adhesive used"
"5dddfe9e-167b-55f2-868b-d03e8fdbe58c","","checkpoint-group","not-started","","","FALSE","FALSE","Site QA","Floor Finishes","WING B2","B.01 ACCESS BED","Carpet / Vinyl"
"3bc11cb0-3d86-5446-b805-63cb9e38c7d0","","checkpoint-status","not-started","","","TRUE","TRUE","Site QA","Floor Finishes","WING B2","B.01 ACCESS BED","Carpet / Vinyl","Confirm area of work is accessible & acceptable to commence (If not comment below)"
"2657ddbc-3dd5-5665-a2a5-89c2450bd2ca","","checkpoint-status","not-started","","","TRUE","TRUE","Site QA","Floor Finishes","WING B2","B.01 ACCESS BED","Carpet / Vinyl","Vinyl installed as per plan"
"4d3b88a5-0cef-520a-8307-eb35e5e70a2f","","checkpoint-status","not-started","","","TRUE","TRUE","Site QA","Floor Finishes","WING B2","B.01 ACCESS BED","Carpet / Vinyl","Carpet installed as per plan"
"c4bae22a-8d63-5e51-ab57-bb2690a5959c","","checkpoint-status","not-started","","","TRUE","TRUE","Site QA","Floor Finishes","WING B2","B.01 ACCESS BED","Carpet / Vinyl","Joints sealed with heat welded seams and mitres as per AS 1884-2012"
"b355e367-8422-55a7-9993-477568a983e6","","checkpoint-status","not-started","","","TRUE","TRUE","Site QA","Floor Finishes","WING B2","B.01 ACCESS BED","Carpet / Vinyl","Vinyl skirt and coving used as per finishes markup - 150mm height"
"b177d1c6-a787-5668-959a-8c23ce3c97e0","","checkpoint-status","not-started","","","TRUE","TRUE","Site QA","Floor Finishes","WING B2","B.01 ACCESS BED","Carpet / Vinyl","Installer Sign Off: Carpet / Vinyl installed as per manufacturer's instructions"
"b5fbb50e-c1dc-594e-9b50-59cdb5bddc7c","","checkpoint-status","not-started","","","TRUE","TRUE","Site QA","Floor Finishes","WING B2","B.01 ACCESS BED","Carpet / Vinyl","Add-Floors Sign Off"
"f86e57c1-af40-558e-af53-7512d80ac3a4","","checkpoint-status","not-started","","","TRUE","TRUE","Site QA","Floor Finishes","WING B2","B.01 ACCESS BED","Carpet / Vinyl","Foreman installation sign off"
"a764c3cd-8959-5168-95f5-2eb016f6a9ea","","checkpoint-group","not-started","","","FALSE","FALSE","Site QA","Floor Finishes","WING B2","B.01 ACCESS BED","Wall Finish"
"23cc6c5e-2c85-55d4-9415-fec82ec672b0","","checkpoint-status","not-started","","","TRUE","TRUE","Site QA","Floor Finishes","WING B2","B.01 ACCESS BED","Wall Finish","Wall Finish installed as per plan"
"6f22de04-d5d0-5081-b17b-f55053e2137e","","checkpoint-group","not-started","","","FALSE","FALSE","Site QA","Floor Finishes","WING B2","B.01 ACCESS BED","Protection and Handover"
"a485b05f-7e33-5a6d-990f-039f58d3f013","","checkpoint-status","not-started","","","TRUE","TRUE","Site QA","Floor Finishes","WING B2","B.01 ACCESS BED","Protection and Handover","Installation complete, checked and reviewed - as per specification"
"d7bf6daa-73d1-582c-872e-4b87a05d7871","","checkpoint-status","not-started","","","TRUE","TRUE","Site QA","Floor Finishes","WING B2","B.01 ACCESS BED","Protection and Handover","Floor protected with bubbleweave floor protection or polyweave"
"77cc4554-4c9b-50c5-8ee7-123a2fec677c","","checkpoint-status","not-started","","","TRUE","TRUE","Site QA","Floor Finishes","WING B2","B.01 ACCESS BED","Protection and Handover","Installer Sign Off: Protection installed as per manufacturer's instructions"
"54649de8-f7a8-4547-a7f9-f6b864b8f27d","","checklist-sectioned","not-started","5a8a68d1221a9e608c282940756e19ac2c3c1dd54ffd7888cef6f74664a05c9a","checklist","FALSE","FALSE","Site QA","Floor Finishes","WING B2","B.01A ACCESS ENSUITE"
"eda95e8d-e84f-5d5d-8f19-01621d6c89ef","","checkpoint-group","not-started","","","FALSE","FALSE","Site QA","Floor Finishes","WING B2","B.01A ACCESS ENSUITE","Subfloor, Floor Preparation, Adhesive"
"e1270598-7aec-5de0-8ec4-d65271c99982","","checkpoint-status","not-started","","","TRUE","TRUE","Site QA","Floor Finishes","WING B2","B.01A ACCESS ENSUITE","Subfloor, Floor Preparation, Adhesive","Confirm area of work is accessible & acceptable to commence (If not comment below)"
"31a5b6cf-0b64-5f91-8b53-8066545b950d","","checkpoint-status","not-started","","","TRUE","TRUE","Site QA","Floor Finishes","WING B2","B.01A ACCESS ENSUITE","Subfloor, Floor Preparation, Adhesive","Subfloor mechanically diamond ground"
"857537b7-5809-457a-ba53-e8e0b389023b","","checkpoint-status","not-started","","","TRUE","TRUE","Site QA","Floor Finishes","WING B2","B.01A ACCESS ENSUITE","Subfloor, Floor Preparation, Adhesive","Floor preparation product installed in accordance with manufacturer's instructions"
"bc86287b-2e95-5ab6-8b3d-4df2982c0aaa","","checkpoint-status","not-started","","","TRUE","TRUE","Site QA","Floor Finishes","WING B2","B.01A ACCESS ENSUITE","Subfloor, Floor Preparation, Adhesive","Floor transitions installed as per instructions from builder"
"471024aa-5f51-4226-b284-0efa06685d2c","","checkpoint-status","not-started","","","TRUE","TRUE","Site QA","Floor Finishes","WING B2","B.01A ACCESS ENSUITE","Subfloor, Floor Preparation, Adhesive","Waterproof tested for falls, and water test completed by waterproofers"
"e0b195fa-b5d1-5283-9a0c-d58e07adc6e0","","checkpoint-status","not-started","","","TRUE","TRUE","Site QA","Floor Finishes","WING B2","B.01A ACCESS ENSUITE","Subfloor, Floor Preparation, Adhesive","Correct adhesive used"
"283d38cb-a69d-58e9-815e-b835d853389b","","checkpoint-group","not-started","","","FALSE","FALSE","Site QA","Floor Finishes","WING B2","B.01A ACCESS ENSUITE","Carpet / Vinyl"
"e6dcbe5c-6fdf-5088-b253-487790cd6822","","checkpoint-status","not-started","","","TRUE","TRUE","Site QA","Floor Finishes","WING B2","B.01A ACCESS ENSUITE","Carpet / Vinyl","Confirm area of work is accessible & acceptable to commence (If not comment below)"
"568f21a3-324b-53d8-b344-dd0e11c1de8b","","checkpoint-status","not-started","","","TRUE","TRUE","Site QA","Floor Finishes","WING B2","B.01A ACCESS ENSUITE","Carpet / Vinyl","Vinyl installed as per plan"
"27a4b3e0-add4-55cb-8799-8231bc3d2b9d","","checkpoint-status","not-started","","","TRUE","TRUE","Site QA","Floor Finishes","WING B2","B.01A ACCESS ENSUITE","Carpet / Vinyl","Carpet installed as per plan"
"00227481-a6c5-5113-b8d0-2b36fc4008d6","","checkpoint-status","not-started","","","TRUE","TRUE","Site QA","Floor Finishes","WING B2","B.01A ACCESS ENSUITE","Carpet / Vinyl","Joints sealed with heat welded seams and mitres as per AS 1884-2012"
"e0618de7-8e2b-58b0-b7bf-bc7048bbed5d","","checkpoint-status","not-started","","","TRUE","TRUE","Site QA","Floor Finishes","WING B2","B.01A ACCESS ENSUITE","Carpet / Vinyl","Vinyl skirt and coving used as per finishes markup - 150mm height"
"5b3a34ca-4018-5de5-a01e-f4c5696ec65c","","checkpoint-status","not-started","","","TRUE","TRUE","Site QA","Floor Finishes","WING B2","B.01A ACCESS ENSUITE","Carpet / Vinyl","Installer Sign Off: Carpet / Vinyl installed as per manufacturer's instructions"
"b23f9606-af66-572a-a045-5691bf2ddfa5","","checkpoint-status","not-started","","","TRUE","TRUE","Site QA","Floor Finishes","WING B2","B.01A ACCESS ENSUITE","Carpet / Vinyl","Add-Floors Sign Off"
"6a2791c5-cc15-556f-aaa2-839520d193c2","","checkpoint-status","not-started","","","TRUE","TRUE","Site QA","Floor Finishes","WING B2","B.01A ACCESS ENSUITE","Carpet / Vinyl","Foreman installation sign off"
"276e365b-7f91-56ed-bc46-cc509c6d5508","","checkpoint-group","not-started","","","FALSE","FALSE","Site QA","Floor Finishes","WING B2","B.01A ACCESS ENSUITE","Wall Finish"
"b2e47ff9-2d16-5f7a-84c6-0ec5eea0e915","","checkpoint-status","not-started","","","TRUE","TRUE","Site QA","Floor Finishes","WING B2","B.01A ACCESS ENSUITE","Wall Finish","Wall Finish installed as per plan"
"a8f3fc0c-6065-5570-ac89-6c8afbf73fac","","checkpoint-group","not-started","","","FALSE","FALSE","Site QA","Floor Finishes","WING B2","B.01A ACCESS ENSUITE","Protection and Handover"
"a86529a6-603d-523c-90df-9468ac50c014","","checkpoint-status","not-started","","","TRUE","TRUE","Site QA","Floor Finishes","WING B2","B.01A ACCESS ENSUITE","Protection and Handover","Installation complete, checked and reviewed - as per specification"
"3cd4e9ab-23e5-59c7-bbec-8ba50ea928eb","","checkpoint-status","not-started","","","TRUE","TRUE","Site QA","Floor Finishes","WING B2","B.01A ACCESS ENSUITE","Protection and Handover","Floor protected with bubbleweave floor protection or polyweave"
"8206759a-e026-5e30-9c60-d07812a3ec49","","checkpoint-status","not-started","","","TRUE","TRUE","Site QA","Floor Finishes","WING B2","B.01A ACCESS ENSUITE","Protection and Handover","Installer Sign Off: Protection installed as per manufacturer's instructions"
"ee05eafd-4c56-46df-bd91-0d5a0f9218e0","","checklist-sectioned","not-started","5a8a68d1221a9e608c282940756e19ac2c3c1dd54ffd7888cef6f74664a05c9a","checklist","FALSE","FALSE","Site QA","Floor Finishes","WING B2","B.02 BED"
"c9425ef5-0271-5fd1-8220-f319d5530af3","","checkpoint-group","not-started","","","FALSE","FALSE","Site QA","Floor Finishes","WING B2","B.02 BED","Subfloor, Floor Preparation, Adhesive"
"d82126b3-1356-507e-82e4-353d2002edd0","","checkpoint-status","not-started","","","TRUE","TRUE","Site QA","Floor Finishes","WING B2","B.02 BED","Subfloor, Floor Preparation, Adhesive","Confirm area of work is accessible & acceptable to commence (If not comment below)"
"7e807ae3-90ce-54ad-86c9-77296c850f0b","","checkpoint-status","not-started","","","TRUE","TRUE","Site QA","Floor Finishes","WING B2","B.02 BED","Subfloor, Floor Preparation, Adhesive","Subfloor mechanically diamond ground"
"42714220-23f6-4f8c-9661-cd309306b3b9","","checkpoint-status","not-started","","","TRUE","TRUE","Site QA","Floor Finishes","WING B2","B.02 BED","Subfloor, Floor Preparation, Adhesive","Floor preparation product installed in accordance with manufacturer's instructions"
"813db7fe-e2ae-5adc-8ada-48420431630f","","checkpoint-status","not-started","","","TRUE","TRUE","Site QA","Floor Finishes","WING B2","B.02 BED","Subfloor, Floor Preparation, Adhesive","Floor transitions installed as per instructions from builder"
"3b4ab322-883a-4022-96c4-a9caa77604ba","","checkpoint-status","not-started","","","TRUE","TRUE","Site QA","Floor Finishes","WING B2","B.02 BED","Subfloor, Floor Preparation, Adhesive","Waterproof tested for falls, and water test completed by waterproofers"
"0578980f-f732-5941-abf8-49589aa59d7f","","checkpoint-status","not-started","","","TRUE","TRUE","Site QA","Floor Finishes","WING B2","B.02 BED","Subfloor, Floor Preparation, Adhesive","Correct adhesive used"
"ea8d9edb-387f-5064-a0ef-ca0439d9b450","","checkpoint-group","not-started","","","FALSE","FALSE","Site QA","Floor Finishes","WING B2","B.02 BED","Carpet / Vinyl"
"01347150-b9b3-5fe9-9f04-507c39bee954","","checkpoint-status","not-started","","","TRUE","TRUE","Site QA","Floor Finishes","WING B2","B.02 BED","Carpet / Vinyl","Confirm area of work is accessible & acceptable to commence (If not comment below)"
"ccc1858c-c62f-5f7e-936c-c0e6388b8b5e","","checkpoint-status","not-started","","","TRUE","TRUE","Site QA","Floor Finishes","WING B2","B.02 BED","Carpet / Vinyl","Vinyl installed as per plan"
"389a7295-567a-5195-8527-4d2701ea2056","","checkpoint-status","not-started","","","TRUE","TRUE","Site QA","Floor Finishes","WING B2","B.02 BED","Carpet / Vinyl","Carpet installed as per plan"
"131c5828-7c60-5562-af87-dd0624083a36","","checkpoint-status","not-started","","","TRUE","TRUE","Site QA","Floor Finishes","WING B2","B.02 BED","Carpet / Vinyl","Joints sealed with heat welded seams and mitres as per AS 1884-2012"
"3a235707-e8ab-58ac-b700-eee02ad4b7d1","","checkpoint-status","not-started","","","TRUE","TRUE","Site QA","Floor Finishes","WING B2","B.02 BED","Carpet / Vinyl","Vinyl skirt and coving used as per finishes markup - 150mm height"
"d6aca0e4-a4db-5362-86e8-aa8e3e24ea82","","checkpoint-status","not-started","","","TRUE","TRUE","Site QA","Floor Finishes","WING B2","B.02 BED","Carpet / Vinyl","Installer Sign Off: Carpet / Vinyl installed as per manufacturer's instructions"
"e648df22-fd8c-5c42-9839-387391511a23","","checkpoint-status","not-started","","","TRUE","TRUE","Site QA","Floor Finishes","WING B2","B.02 BED","Carpet / Vinyl","Add-Floors Sign Off"
"7d369e46-ba66-5700-b337-214695199eb0","","checkpoint-status","not-started","","","TRUE","TRUE","Site QA","Floor Finishes","WING B2","B.02 BED","Carpet / Vinyl","Foreman installation sign off"
"8fc8d700-991b-5508-9c11-d7430ceecb0e","","checkpoint-group","not-started","","","FALSE","FALSE","Site QA","Floor Finishes","WING B2","B.02 BED","Wall Finish"
"b201356a-d11c-5534-a662-5ce700874d00","","checkpoint-status","not-started","","","TRUE","TRUE","Site QA","Floor Finishes","WING B2","B.02 BED","Wall Finish","Wall Finish installed as per plan"
"15ccb043-ce28-5f97-9df6-9aa246729b3a","","checkpoint-group","not-started","","","FALSE","FALSE","Site QA","Floor Finishes","WING B2","B.02 BED","Protection and Handover"
"25589553-1cd9-5d64-91e0-4a38854b93d0","","checkpoint-status","not-started","","","TRUE","TRUE","Site QA","Floor Finishes","WING B2","B.02 BED","Protection and Handover","Installation complete, checked and reviewed - as per specification"
"ed05c3a4-77f0-587c-bdbb-c7bf88ad3d18","","checkpoint-status","not-started","","","TRUE","TRUE","Site QA","Floor Finishes","WING B2","B.02 BED","Protection and Handover","Floor protected with bubbleweave floor protection or polyweave"
"df60fc3c-fd35-5d89-bb10-4db20c66bc00","","checkpoint-status","not-started","","","TRUE","TRUE","Site QA","Floor Finishes","WING B2","B.02 BED","Protection and Handover","Installer Sign Off: Protection installed as per manufacturer's instructions"
"1ea366eb-4b88-4bc5-bb26-acb783a4a888","","checklist-sectioned","not-started","5a8a68d1221a9e608c282940756e19ac2c3c1dd54ffd7888cef6f74664a05c9a","checklist","FALSE","FALSE","Site QA","Floor Finishes","WING B2","B.02A ENSUITE"
"b233c08f-e89a-5496-b319-119e2ca424f0","","checkpoint-group","not-started","","","FALSE","FALSE","Site QA","Floor Finishes","WING B2","B.02A ENSUITE","Subfloor, Floor Preparation, Adhesive"
"18dd6242-3416-527d-9df7-90a63d001bfa","","checkpoint-status","not-started","","","TRUE","TRUE","Site QA","Floor Finishes","WING B2","B.02A ENSUITE","Subfloor, Floor Preparation, Adhesive","Confirm area of work is accessible & acceptable to commence (If not comment below)"
"9897113c-081f-5a61-bea9-f63b62989df0","","checkpoint-status","not-started","","","TRUE","TRUE","Site QA","Floor Finishes","WING B2","B.02A ENSUITE","Subfloor, Floor Preparation, Adhesive","Subfloor mechanically diamond ground"
"4c5e2080-56a0-40e5-b007-580b7f9873df","","checkpoint-status","not-started","","","TRUE","TRUE","Site QA","Floor Finishes","WING B2","B.02A ENSUITE","Subfloor, Floor Preparation, Adhesive","Floor preparation product installed in accordance with manufacturer's instructions"
"3a2989be-f918-5a37-bdb3-a646937aaa8b","","checkpoint-status","not-started","","","TRUE","TRUE","Site QA","Floor Finishes","WING B2","B.02A ENSUITE","Subfloor, Floor Preparation, Adhesive","Floor transitions installed as per instructions from builder"
"9d8d1a25-2131-4e65-988b-b5378eef46bf","","checkpoint-status","not-started","","","TRUE","TRUE","Site QA","Floor Finishes","WING B2","B.02A ENSUITE","Subfloor, Floor Preparation, Adhesive","Waterproof tested for falls, and water test completed by waterproofers"
"33633fac-7fd7-533a-83b8-f6f6b28a55ca","","checkpoint-status","not-started","","","TRUE","TRUE","Site QA","Floor Finishes","WING B2","B.02A ENSUITE","Subfloor, Floor Preparation, Adhesive","Correct adhesive used"
"fa18f170-1e62-51b4-a4b0-19636cd14f7a","","checkpoint-group","not-started","","","FALSE","FALSE","Site QA","Floor Finishes","WING B2","B.02A ENSUITE","Carpet / Vinyl"
"0293df33-5434-59f5-9c74-ceab94d54451","","checkpoint-status","not-started","","","TRUE","TRUE","Site QA","Floor Finishes","WING B2","B.02A ENSUITE","Carpet / Vinyl","Confirm area of work is accessible & acceptable to commence (If not comment below)"
"12b1a43e-8b7f-5e64-acca-05f8727be102","","checkpoint-status","not-started","","","TRUE","TRUE","Site QA","Floor Finishes","WING B2","B.02A ENSUITE","Carpet / Vinyl","Vinyl installed as per plan"
"e1802966-335b-529c-af5a-9fad858003e6","","checkpoint-status","not-started","","","TRUE","TRUE","Site QA","Floor Finishes","WING B2","B.02A ENSUITE","Carpet / Vinyl","Carpet installed as per plan"
"61fc8997-a794-5669-8d7a-32b06a841e1d","","checkpoint-status","not-started","","","TRUE","TRUE","Site QA","Floor Finishes","WING B2","B.02A ENSUITE","Carpet / Vinyl","Joints sealed with heat welded seams and mitres as per AS 1884-2012"
"83d176f8-bb80-5e92-afaa-2491753fee55","","checkpoint-status","not-started","","","TRUE","TRUE","Site QA","Floor Finishes","WING B2","B.02A ENSUITE","Carpet / Vinyl","Vinyl skirt and coving used as per finishes markup - 150mm height"
"3381e8e7-4138-517a-a37c-dd26ea1ff83c","","checkpoint-status","not-started","","","TRUE","TRUE","Site QA","Floor Finishes","WING B2","B.02A ENSUITE","Carpet / Vinyl","Installer Sign Off: Carpet / Vinyl installed as per manufacturer's instructions"
"c0ed3f1f-55ba-50a2-a8df-6a1d9185aa1e","","checkpoint-status","not-started","","","TRUE","TRUE","Site QA","Floor Finishes","WING B2","B.02A ENSUITE","Carpet / Vinyl","Add-Floors Sign Off"
"990a6ae0-2bda-57ae-b992-80fbb897775d","","checkpoint-status","not-started","","","TRUE","TRUE","Site QA","Floor Finishes","WING B2","B.02A ENSUITE","Carpet / Vinyl","Foreman installation sign off"
"a8f75c71-ff7c-56dc-a04b-ab01ca2e0057","","checkpoint-group","not-started","","","FALSE","FALSE","Site QA","Floor Finishes","WING B2","B.02A ENSUITE","Wall Finish"
"e961f9cf-1854-596e-9538-a748e86263ee","","checkpoint-status","not-started","","","TRUE","TRUE","Site QA","Floor Finishes","WING B2","B.02A ENSUITE","Wall Finish","Wall Finish installed as per plan"
"fc415318-2751-5811-8374-addb2eb29fb6","","checkpoint-group","not-started","","","FALSE","FALSE","Site QA","Floor Finishes","WING B2","B.02A ENSUITE","Protection and Handover"
"a704ea16-4e7a-537b-8234-cf73c3e56a4f","","checkpoint-status","not-started","","","TRUE","TRUE","Site QA","Floor Finishes","WING B2","B.02A ENSUITE","Protection and Handover","Installation complete, checked and reviewed - as per specification"
"67fe7f96-7eb3-5aa8-912d-61c31c730d0d","","checkpoint-status","not-started","","","TRUE","TRUE","Site QA","Floor Finishes","WING B2","B.02A ENSUITE","Protection and Handover","Floor protected with bubbleweave floor protection or polyweave"
"49d4e1d3-5c76-5e4b-816c-949690108886","","checkpoint-status","not-started","","","TRUE","TRUE","Site QA","Floor Finishes","WING B2","B.02A ENSUITE","Protection and Handover","Installer Sign Off: Protection installed as per manufacturer's instructions"
"bcf5c877-10ae-4360-8dde-f98d17665398","","checklist-sectioned","not-started","5a8a68d1221a9e608c282940756e19ac2c3c1dd54ffd7888cef6f74664a05c9a","checklist","FALSE","FALSE","Site QA","Floor Finishes","WING B2","B.03 BED"
"fdcab448-c16d-5b2a-b915-b74d92ea7bf5","","checkpoint-group","not-started","","","FALSE","FALSE","Site QA","Floor Finishes","WING B2","B.03 BED","Subfloor, Floor Preparation, Adhesive"
"15024442-2f52-51ea-b480-eb950ef82919","","checkpoint-status","not-started","","","TRUE","TRUE","Site QA","Floor Finishes","WING B2","B.03 BED","Subfloor, Floor Preparation, Adhesive","Confirm area of work is accessible & acceptable to commence (If not comment below)"
"7f18b954-713e-5faf-859a-a72fda6dfbf0","","checkpoint-status","not-started","","","TRUE","TRUE","Site QA","Floor Finishes","WING B2","B.03 BED","Subfloor, Floor Preparation, Adhesive","Subfloor mechanically diamond ground"
"a32d042f-452d-4a10-b0a5-41bde065ba7d","","checkpoint-status","not-started","","","TRUE","TRUE","Site QA","Floor Finishes","WING B2","B.03 BED","Subfloor, Floor Preparation, Adhesive","Floor preparation product installed in accordance with manufacturer's instructions"
"8818f79e-2867-5d5b-97ce-f9e5f3327510","","checkpoint-status","not-started","","","TRUE","TRUE","Site QA","Floor Finishes","WING B2","B.03 BED","Subfloor, Floor Preparation, Adhesive","Floor transitions installed as per instructions from builder"
"6c79f865-bf9b-4c19-a5ce-cb6ec41c1b46","","checkpoint-status","not-started","","","TRUE","TRUE","Site QA","Floor Finishes","WING B2","B.03 BED","Subfloor, Floor Preparation, Adhesive","Waterproof tested for falls, and water test completed by waterproofers"
"0655aaf7-ebd9-5f92-a5f1-d5af6a8c8a4d","","checkpoint-status","not-started","","","TRUE","TRUE","Site QA","Floor Finishes","WING B2","B.03 BED","Subfloor, Floor Preparation, Adhesive","Correct adhesive used"
"04720442-e639-58c3-8cac-1c767af8323d","","checkpoint-group","not-started","","","FALSE","FALSE","Site QA","Floor Finishes","WING B2","B.03 BED","Carpet / Vinyl"
"18ee23b4-ada8-59bd-8cba-df1a55253fdc","","checkpoint-status","not-started","","","TRUE","TRUE","Site QA","Floor Finishes","WING B2","B.03 BED","Carpet / Vinyl","Confirm area of work is accessible & acceptable to commence (If not comment below)"
"e43514eb-8393-5e33-8c48-c2ffafc9019a","","checkpoint-status","not-started","","","TRUE","TRUE","Site QA","Floor Finishes","WING B2","B.03 BED","Carpet / Vinyl","Vinyl installed as per plan"
"dad082b4-3cd0-57e3-91bb-55d830c999e7","","checkpoint-status","not-started","","","TRUE","TRUE","Site QA","Floor Finishes","WING B2","B.03 BED","Carpet / Vinyl","Carpet installed as per plan"
"8e63d148-7032-5ff1-b19b-12994ae7ae55","","checkpoint-status","not-started","","","TRUE","TRUE","Site QA","Floor Finishes","WING B2","B.03 BED","Carpet / Vinyl","Joints sealed with heat welded seams and mitres as per AS 1884-2012"
"4c669b38-df8f-5c1c-8a5c-e3f18b0675b4","","checkpoint-status","not-started","","","TRUE","TRUE","Site QA","Floor Finishes","WING B2","B.03 BED","Carpet / Vinyl","Vinyl skirt and coving used as per finishes markup - 150mm height"
"113d7cb9-1687-5ca4-bf34-30fc29f1f5af","","checkpoint-status","not-started","","","TRUE","TRUE","Site QA","Floor Finishes","WING B2","B.03 BED","Carpet / Vinyl","Installer Sign Off: Carpet / Vinyl installed as per manufacturer's instructions"
"a6cd8384-3b90-55b1-8218-ce84cdc4f48a","","checkpoint-status","not-started","","","TRUE","TRUE","Site QA","Floor Finishes","WING B2","B.03 BED","Carpet / Vinyl","Add-Floors Sign Off"
"f05bbf2c-4ca1-533d-a992-2591a63ba3c0","","checkpoint-status","not-started","","","TRUE","TRUE","Site QA","Floor Finishes","WING B2","B.03 BED","Carpet / Vinyl","Foreman installation sign off"
"6b6645dc-8c0a-569d-83b0-3a29c01972da","","checkpoint-group","not-started","","","FALSE","FALSE","Site QA","Floor Finishes","WING B2","B.03 BED","Wall Finish"
"8d50664c-d537-501c-a15b-8e26760691b5","","checkpoint-status","not-started","","","TRUE","TRUE","Site QA","Floor Finishes","WING B2","B.03 BED","Wall Finish","Wall Finish installed as per plan"
"c95b0f15-8414-522f-ac3a-1150889a7a68","","checkpoint-group","not-started","","","FALSE","FALSE","Site QA","Floor Finishes","WING B2","B.03 BED","Protection and Handover"
"809aadc5-0a00-5281-a6be-8632513db751","","checkpoint-status","not-started","","","TRUE","TRUE","Site QA","Floor Finishes","WING B2","B.03 BED","Protection and Handover","Installation complete, checked and reviewed - as per specification"
"f4ed9830-8f75-530c-9469-eafaf077a132","","checkpoint-status","not-started","","","TRUE","TRUE","Site QA","Floor Finishes","WING B2","B.03 BED","Protection and Handover","Floor protected with bubbleweave floor protection or polyweave"
"9194294d-e7d5-581a-b429-3154c53c862b","","checkpoint-status","not-started","","","TRUE","TRUE","Site QA","Floor Finishes","WING B2","B.03 BED","Protection and Handover","Installer Sign Off: Protection installed as per manufacturer's instructions"
"e0e6b07c-4c8b-4256-97cd-963a5ccdc1db","","checklist-sectioned","not-started","5a8a68d1221a9e608c282940756e19ac2c3c1dd54ffd7888cef6f74664a05c9a","checklist","FALSE","FALSE","Site QA","Floor Finishes","WING B2","B.03A ENSUITE"
"33344bed-f0cd-5107-b2fa-8af78192075d","","checkpoint-group","not-started","","","FALSE","FALSE","Site QA","Floor Finishes","WING B2","B.03A ENSUITE","Subfloor, Floor Preparation, Adhesive"
"5efd338a-8704-5043-a76a-6b2497dd2fa1","","checkpoint-status","not-started","","","TRUE","TRUE","Site QA","Floor Finishes","WING B2","B.03A ENSUITE","Subfloor, Floor Preparation, Adhesive","Confirm area of work is accessible & acceptable to commence (If not comment below)"
"d1d2930e-4f32-59cb-bbd6-b505128af8ec","","checkpoint-status","not-started","","","TRUE","TRUE","Site QA","Floor Finishes","WING B2","B.03A ENSUITE","Subfloor, Floor Preparation, Adhesive","Subfloor mechanically diamond ground"
"a9bb77b5-793a-4792-9520-254b2777bbb2","","checkpoint-status","not-started","","","TRUE","TRUE","Site QA","Floor Finishes","WING B2","B.03A ENSUITE","Subfloor, Floor Preparation, Adhesive","Floor preparation product installed in accordance with manufacturer's instructions"
"2cb0f5f0-d6cf-5296-938c-3c19854912e7","","checkpoint-status","not-started","","","TRUE","TRUE","Site QA","Floor Finishes","WING B2","B.03A ENSUITE","Subfloor, Floor Preparation, Adhesive","Floor transitions installed as per instructions from builder"
"f5033921-0dd8-4a52-bb84-83789e940313","","checkpoint-status","not-started","","","TRUE","TRUE","Site QA","Floor Finishes","WING B2","B.03A ENSUITE","Subfloor, Floor Preparation, Adhesive","Waterproof tested for falls, and water test completed by waterproofers"
"831956f4-7a74-5cc7-b7cd-810f24feb8b5","","checkpoint-status","not-started","","","TRUE","TRUE","Site QA","Floor Finishes","WING B2","B.03A ENSUITE","Subfloor, Floor Preparation, Adhesive","Correct adhesive used"
"e171c7cd-90e1-556f-b531-93a6cbd95b1f","","checkpoint-group","not-started","","","FALSE","FALSE","Site QA","Floor Finishes","WING B2","B.03A ENSUITE","Carpet / Vinyl"
"262755ec-b1cd-51a4-b8e1-8e540bb2b39d","","checkpoint-status","not-started","","","TRUE","TRUE","Site QA","Floor Finishes","WING B2","B.03A ENSUITE","Carpet / Vinyl","Confirm area of work is accessible & acceptable to commence (If not comment below)"
"5c4918bc-bc97-5481-bd90-6601994da5b6","","checkpoint-status","not-started","","","TRUE","TRUE","Site QA","Floor Finishes","WING B2","B.03A ENSUITE","Carpet / Vinyl","Vinyl installed as per plan"
"0012c53e-57b1-53f7-8307-0c40fb49d5c6","","checkpoint-status","not-started","","","TRUE","TRUE","Site QA","Floor Finishes","WING B2","B.03A ENSUITE","Carpet / Vinyl","Carpet installed as per plan"
"0e07521b-61a0-555a-b4b5-82dd76a18e0b","","checkpoint-status","not-started","","","TRUE","TRUE","Site QA","Floor Finishes","WING B2","B.03A ENSUITE","Carpet / Vinyl","Joints sealed with heat welded seams and mitres as per AS 1884-2012"
"14be5f82-9bdb-57d3-9543-ec292873cfed","","checkpoint-status","not-started","","","TRUE","TRUE","Site QA","Floor Finishes","WING B2","B.03A ENSUITE","Carpet / Vinyl","Vinyl skirt and coving used as per finishes markup - 150mm height"
"fb047df1-2f9a-524e-9ff8-ef0bc2bfb859","","checkpoint-status","not-started","","","TRUE","TRUE","Site QA","Floor Finishes","WING B2","B.03A ENSUITE","Carpet / Vinyl","Installer Sign Off: Carpet / Vinyl installed as per manufacturer's instructions"
"eea903dc-736e-5dd8-9e14-68b9e528f78b","","checkpoint-status","not-started","","","TRUE","TRUE","Site QA","Floor Finishes","WING B2","B.03A ENSUITE","Carpet / Vinyl","Add-Floors Sign Off"
"a2cb809f-1d10-5e27-861e-2bc914809db8","","checkpoint-status","not-started","","","TRUE","TRUE","Site QA","Floor Finishes","WING B2","B.03A ENSUITE","Carpet / Vinyl","Foreman installation sign off"
"391ef04c-032b-56e5-a64c-61191bbdaa4f","","checkpoint-group","not-started","","","FALSE","FALSE","Site QA","Floor Finishes","WING B2","B.03A ENSUITE","Wall Finish"
"c04cf723-1f80-5805-bd94-e0b2000dde37","","checkpoint-status","not-started","","","TRUE","TRUE","Site QA","Floor Finishes","WING B2","B.03A ENSUITE","Wall Finish","Wall Finish installed as per plan"
"39c87cfb-9f85-5a68-974e-389e9c5598b5","","checkpoint-group","not-started","","","FALSE","FALSE","Site QA","Floor Finishes","WING B2","B.03A ENSUITE","Protection and Handover"
"ed5457a5-8991-52bf-b2dc-50226c6e2be0","","checkpoint-status","not-started","","","TRUE","TRUE","Site QA","Floor Finishes","WING B2","B.03A ENSUITE","Protection and Handover","Installation complete, checked and reviewed - as per specification"
"5ff5bf65-9cd1-561a-bbb9-70770afb40f5","","checkpoint-status","not-started","","","TRUE","TRUE","Site QA","Floor Finishes","WING B2","B.03A ENSUITE","Protection and Handover","Floor protected with bubbleweave floor protection or polyweave"
"206bd142-2432-5562-ba4b-62d36881a02f","","checkpoint-status","not-started","","","TRUE","TRUE","Site QA","Floor Finishes","WING B2","B.03A ENSUITE","Protection and Handover","Installer Sign Off: Protection installed as per manufacturer's instructions"
"cd038862-3090-47e7-88d2-6b5960900943","","checklist-sectioned","not-started","5a8a68d1221a9e608c282940756e19ac2c3c1dd54ffd7888cef6f74664a05c9a","checklist","FALSE","FALSE","Site QA","Floor Finishes","WING B2","B.04 BED"
"760a50b5-3823-5cc4-9f37-9edb231e8165","","checkpoint-group","not-started","","","FALSE","FALSE","Site QA","Floor Finishes","WING B2","B.04 BED","Subfloor, Floor Preparation, Adhesive"
"8a4fd7fd-db62-5460-b1a6-dfd287a8f2e2","","checkpoint-status","not-started","","","TRUE","TRUE","Site QA","Floor Finishes","WING B2","B.04 BED","Subfloor, Floor Preparation, Adhesive","Confirm area of work is accessible & acceptable to commence (If not comment below)"
"763beca6-ce7f-5b30-bd14-6009e638ef3c","","checkpoint-status","not-started","","","TRUE","TRUE","Site QA","Floor Finishes","WING B2","B.04 BED","Subfloor, Floor Preparation, Adhesive","Subfloor mechanically diamond ground"
"28339270-574c-40f3-99be-8bedc045e0a9","","checkpoint-status","not-started","","","TRUE","TRUE","Site QA","Floor Finishes","WING B2","B.04 BED","Subfloor, Floor Preparation, Adhesive","Floor preparation product installed in accordance with manufacturer's instructions"
"1aff9e43-a4ef-56d0-975f-6f5d1e475491","","checkpoint-status","not-started","","","TRUE","TRUE","Site QA","Floor Finishes","WING B2","B.04 BED","Subfloor, Floor Preparation, Adhesive","Floor transitions installed as per instructions from builder"
"9175f99f-cb77-4e3c-980e-e5e2f50b7cf8","","checkpoint-status","not-started","","","TRUE","TRUE","Site QA","Floor Finishes","WING B2","B.04 BED","Subfloor, Floor Preparation, Adhesive","Waterproof tested for falls, and water test completed by waterproofers"
"0be9139a-da02-556c-86d0-c396eb25696d","","checkpoint-status","not-started","","","TRUE","TRUE","Site QA","Floor Finishes","WING B2","B.04 BED","Subfloor, Floor Preparation, Adhesive","Correct adhesive used"
"504b43d1-a791-5175-b9dc-73671d49b3dc","","checkpoint-group","not-started","","","FALSE","FALSE","Site QA","Floor Finishes","WING B2","B.04 BED","Carpet / Vinyl"
"0d8b3a6e-16a4-52c5-9afa-a1ffb8394c3e","","checkpoint-status","not-started","","","TRUE","TRUE","Site QA","Floor Finishes","WING B2","B.04 BED","Carpet / Vinyl","Confirm area of work is accessible & acceptable to commence (If not comment below)"
"73de755e-4bb2-53a3-b13d-6218a3fbe41d","","checkpoint-status","not-started","","","TRUE","TRUE","Site QA","Floor Finishes","WING B2","B.04 BED","Carpet / Vinyl","Vinyl installed as per plan"
"dee346bb-29de-58f9-9d05-3d37b1fd6f6c","","checkpoint-status","not-started","","","TRUE","TRUE","Site QA","Floor Finishes","WING B2","B.04 BED","Carpet / Vinyl","Carpet installed as per plan"
"911a6b4b-43a0-5d15-89c9-891fbe013003","","checkpoint-status","not-started","","","TRUE","TRUE","Site QA","Floor Finishes","WING B2","B.04 BED","Carpet / Vinyl","Joints sealed with heat welded seams and mitres as per AS 1884-2012"
"3f6a44c8-dc7b-5a6e-84e6-de1b0228d355","","checkpoint-status","not-started","","","TRUE","TRUE","Site QA","Floor Finishes","WING B2","B.04 BED","Carpet / Vinyl","Vinyl skirt and coving used as per finishes markup - 150mm height"
"cb21b034-f027-5170-9926-4c190e1b36dd","","checkpoint-status","not-started","","","TRUE","TRUE","Site QA","Floor Finishes","WING B2","B.04 BED","Carpet / Vinyl","Installer Sign Off: Carpet / Vinyl installed as per manufacturer's instructions"
"147039b7-2cb6-56ec-a4a8-caa0b9a3faec","","checkpoint-status","not-started","","","TRUE","TRUE","Site QA","Floor Finishes","WING B2","B.04 BED","Carpet / Vinyl","Add-Floors Sign Off"
"1a650c87-5282-5668-bfaa-c4f312ad0a95","","checkpoint-status","not-started","","","TRUE","TRUE","Site QA","Floor Finishes","WING B2","B.04 BED","Carpet / Vinyl","Foreman installation sign off"
"06014f4b-dc98-585b-82c4-c465a9512ba4","","checkpoint-group","not-started","","","FALSE","FALSE","Site QA","Floor Finishes","WING B2","B.04 BED","Wall Finish"
"2beb4bb5-30ae-5b31-af63-9994e37a42f8","","checkpoint-status","not-started","","","TRUE","TRUE","Site QA","Floor Finishes","WING B2","B.04 BED","Wall Finish","Wall Finish installed as per plan"
"0f731efa-43c8-5938-8041-3caff538564e","","checkpoint-group","not-started","","","FALSE","FALSE","Site QA","Floor Finishes","WING B2","B.04 BED","Protection and Handover"
"d657874a-30a9-5c84-ae4c-49b441b46b6f","","checkpoint-status","not-started","","","TRUE","TRUE","Site QA","Floor Finishes","WING B2","B.04 BED","Protection and Handover","Installation complete, checked and reviewed - as per specification"
"c98f3863-e634-5617-b3eb-e39b0f73ab7b","","checkpoint-status","not-started","","","TRUE","TRUE","Site QA","Floor Finishes","WING B2","B.04 BED","Protection and Handover","Floor protected with bubbleweave floor protection or polyweave"
"a800a507-9a7b-58ef-b555-fb6ba554efd6","","checkpoint-status","not-started","","","TRUE","TRUE","Site QA","Floor Finishes","WING B2","B.04 BED","Protection and Handover","Installer Sign Off: Protection installed as per manufacturer's instructions"
"478660e5-77da-4100-9d0d-87f3ae52fb79","","checklist-sectioned","not-started","5a8a68d1221a9e608c282940756e19ac2c3c1dd54ffd7888cef6f74664a05c9a","checklist","FALSE","FALSE","Site QA","Floor Finishes","WING B2","B.04A ENSUITE"
"cbff6bd8-3dee-567b-a510-922ea54b9604","","checkpoint-group","not-started","","","FALSE","FALSE","Site QA","Floor Finishes","WING B2","B.04A ENSUITE","Subfloor, Floor Preparation, Adhesive"
"3ea637d0-abbf-51e7-b6a6-b38c5983f92d","","checkpoint-status","not-started","","","TRUE","TRUE","Site QA","Floor Finishes","WING B2","B.04A ENSUITE","Subfloor, Floor Preparation, Adhesive","Confirm area of work is accessible & acceptable to commence (If not comment below)"
"13aaf228-f855-5873-917e-cbcdc0bff877","","checkpoint-status","not-started","","","TRUE","TRUE","Site QA","Floor Finishes","WING B2","B.04A ENSUITE","Subfloor, Floor Preparation, Adhesive","Subfloor mechanically diamond ground"
"f7e130a3-2ea7-45cb-bf17-4bf401ae6a91","","checkpoint-status","not-started","","","TRUE","TRUE","Site QA","Floor Finishes","WING B2","B.04A ENSUITE","Subfloor, Floor Preparation, Adhesive","Floor preparation product installed in accordance with manufacturer's instructions"
"2e59bfdc-86cb-5f4d-ae83-f0be90a141c7","","checkpoint-status","not-started","","","TRUE","TRUE","Site QA","Floor Finishes","WING B2","B.04A ENSUITE","Subfloor, Floor Preparation, Adhesive","Floor transitions installed as per instructions from builder"
"40a50008-de08-4fd5-abd8-34263b9c4bfd","","checkpoint-status","not-started","","","TRUE","TRUE","Site QA","Floor Finishes","WING B2","B.04A ENSUITE","Subfloor, Floor Preparation, Adhesive","Waterproof tested for falls, and water test completed by waterproofers"
"ba021e2c-7d0f-5f1e-90ad-b3e19191dbdd","","checkpoint-status","not-started","","","TRUE","TRUE","Site QA","Floor Finishes","WING B2","B.04A ENSUITE","Subfloor, Floor Preparation, Adhesive","Correct adhesive used"
"e40c9acf-2585-5758-84c9-ba9961efeef0","","checkpoint-group","not-started","","","FALSE","FALSE","Site QA","Floor Finishes","WING B2","B.04A ENSUITE","Carpet / Vinyl"
"432c1d8d-e7fb-56cd-93d6-bba91511787f","","checkpoint-status","not-started","","","TRUE","TRUE","Site QA","Floor Finishes","WING B2","B.04A ENSUITE","Carpet / Vinyl","Confirm area of work is accessible & acceptable to commence (If not comment below)"
"14adaae3-28d0-550f-865e-4d913d298315","","checkpoint-status","not-started","","","TRUE","TRUE","Site QA","Floor Finishes","WING B2","B.04A ENSUITE","Carpet / Vinyl","Vinyl installed as per plan"
"c2ac2fd1-cda0-5837-8cc1-b35163efaae0","","checkpoint-status","not-started","","","TRUE","TRUE","Site QA","Floor Finishes","WING B2","B.04A ENSUITE","Carpet / Vinyl","Carpet installed as per plan"
"2c8ac8df-7e6e-58fd-88cb-afe7076bc6b4","","checkpoint-status","not-started","","","TRUE","TRUE","Site QA","Floor Finishes","WING B2","B.04A ENSUITE","Carpet / Vinyl","Joints sealed with heat welded seams and mitres as per AS 1884-2012"
"5fa01704-5cf9-528e-a338-01f4eaa7e5fd","","checkpoint-status","not-started","","","TRUE","TRUE","Site QA","Floor Finishes","WING B2","B.04A ENSUITE","Carpet / Vinyl","Vinyl skirt and coving used as per finishes markup - 150mm height"
"aa89c1b3-b19e-541d-98d0-327b6719adc7","","checkpoint-status","not-started","","","TRUE","TRUE","Site QA","Floor Finishes","WING B2","B.04A ENSUITE","Carpet / Vinyl","Installer Sign Off: Carpet / Vinyl installed as per manufacturer's instructions"
"bb1276e4-b3db-5a69-a8c9-337a5c39b349","","checkpoint-status","not-started","","","TRUE","TRUE","Site QA","Floor Finishes","WING B2","B.04A ENSUITE","Carpet / Vinyl","Add-Floors Sign Off"
"65921def-54f0-5436-ac54-9dda7b4ba40a","","checkpoint-status","not-started","","","TRUE","TRUE","Site QA","Floor Finishes","WING B2","B.04A ENSUITE","Carpet / Vinyl","Foreman installation sign off"
"ed72859e-6672-5aea-931a-0c317d7c35a2","","checkpoint-group","not-started","","","FALSE","FALSE","Site QA","Floor Finishes","WING B2","B.04A ENSUITE","Wall Finish"
"744383da-1528-5664-bee3-8f708fe9323a","","checkpoint-status","not-started","","","TRUE","TRUE","Site QA","Floor Finishes","WING B2","B.04A ENSUITE","Wall Finish","Wall Finish installed as per plan"
"f586e5db-e985-5cde-a02d-1ccb8c8fae77","","checkpoint-group","not-started","","","FALSE","FALSE","Site QA","Floor Finishes","WING B2","B.04A ENSUITE","Protection and Handover"
"710f7b7d-c1d5-5261-b62f-79d942a8dce5","","checkpoint-status","not-started","","","TRUE","TRUE","Site QA","Floor Finishes","WING B2","B.04A ENSUITE","Protection and Handover","Installation complete, checked and reviewed - as per specification"
"c1210647-ac9b-5a9e-a847-005f7d4852b3","","checkpoint-status","not-started","","","TRUE","TRUE","Site QA","Floor Finishes","WING B2","B.04A ENSUITE","Protection and Handover","Floor protected with bubbleweave floor protection or polyweave"
"a250295e-9ec6-51e0-8dc9-76bdb3087de1","","checkpoint-status","not-started","","","TRUE","TRUE","Site QA","Floor Finishes","WING B2","B.04A ENSUITE","Protection and Handover","Installer Sign Off: Protection installed as per manufacturer's instructions"
"fd94991c-c7af-414c-998b-189c97790d69","","checklist-sectioned","not-started","5a8a68d1221a9e608c282940756e19ac2c3c1dd54ffd7888cef6f74664a05c9a","checklist","FALSE","FALSE","Site QA","Floor Finishes","WING B2","B.05 BED"
"77245ee6-79fa-57e7-94e6-459b4e69768c","","checkpoint-group","not-started","","","FALSE","FALSE","Site QA","Floor Finishes","WING B2","B.05 BED","Subfloor, Floor Preparation, Adhesive"
"12c647c7-cac9-5f29-8ff3-ab6851bbf0f0","","checkpoint-status","not-started","","","TRUE","TRUE","Site QA","Floor Finishes","WING B2","B.05 BED","Subfloor, Floor Preparation, Adhesive","Confirm area of work is accessible & acceptable to commence (If not comment below)"
"167971f7-b71b-5033-8c30-7dd784f63012","","checkpoint-status","not-started","","","TRUE","TRUE","Site QA","Floor Finishes","WING B2","B.05 BED","Subfloor, Floor Preparation, Adhesive","Subfloor mechanically diamond ground"
"9597e152-41a3-404e-a9e8-3d4bd3b0bcba","","checkpoint-status","not-started","","","TRUE","TRUE","Site QA","Floor Finishes","WING B2","B.05 BED","Subfloor, Floor Preparation, Adhesive","Floor preparation product installed in accordance with manufacturer's instructions"
"ee21aea5-67dc-573c-98f8-d07a7adc9ef7","","checkpoint-status","not-started","","","TRUE","TRUE","Site QA","Floor Finishes","WING B2","B.05 BED","Subfloor, Floor Preparation, Adhesive","Floor transitions installed as per instructions from builder"
"e7a3ff8e-c9d2-4ddc-93fc-ae4e236a3064","","checkpoint-status","not-started","","","TRUE","TRUE","Site QA","Floor Finishes","WING B2","B.05 BED","Subfloor, Floor Preparation, Adhesive","Waterproof tested for falls, and water test completed by waterproofers"
"f57a3009-ed2c-589c-aa68-48dd468879cd","","checkpoint-status","not-started","","","TRUE","TRUE","Site QA","Floor Finishes","WING B2","B.05 BED","Subfloor, Floor Preparation, Adhesive","Correct adhesive used"
"29c8fb28-e11b-5182-98bf-361ac5cc8dd1","","checkpoint-group","not-started","","","FALSE","FALSE","Site QA","Floor Finishes","WING B2","B.05 BED","Carpet / Vinyl"
"a9c96479-1c81-553e-8781-25815ac93870","","checkpoint-status","not-started","","","TRUE","TRUE","Site QA","Floor Finishes","WING B2","B.05 BED","Carpet / Vinyl","Confirm area of work is accessible & acceptable to commence (If not comment below)"
"57b64d0e-cd63-5dd1-b14f-a954f17e264e","","checkpoint-status","not-started","","","TRUE","TRUE","Site QA","Floor Finishes","WING B2","B.05 BED","Carpet / Vinyl","Vinyl installed as per plan"
"ef236ade-64df-5bfa-bcd6-635366535539","","checkpoint-status","not-started","","","TRUE","TRUE","Site QA","Floor Finishes","WING B2","B.05 BED","Carpet / Vinyl","Carpet installed as per plan"
"8dda5e6d-02b3-55db-863f-abcbdf70409d","","checkpoint-status","not-started","","","TRUE","TRUE","Site QA","Floor Finishes","WING B2","B.05 BED","Carpet / Vinyl","Joints sealed with heat welded seams and mitres as per AS 1884-2012"
"f8fa53de-e614-55d9-a838-7dde082b1203","","checkpoint-status","not-started","","","TRUE","TRUE","Site QA","Floor Finishes","WING B2","B.05 BED","Carpet / Vinyl","Vinyl skirt and coving used as per finishes markup - 150mm height"
"d620abb7-c295-51ef-81f5-95683ab9bb93","","checkpoint-status","not-started","","","TRUE","TRUE","Site QA","Floor Finishes","WING B2","B.05 BED","Carpet / Vinyl","Installer Sign Off: Carpet / Vinyl installed as per manufacturer's instructions"
"dfd0611f-5344-52b4-80d8-5f193f1f6b44","","checkpoint-status","not-started","","","TRUE","TRUE","Site QA","Floor Finishes","WING B2","B.05 BED","Carpet / Vinyl","Add-Floors Sign Off"
"08129a8f-f4e1-5cfb-affe-55ba8ee1aa1b","","checkpoint-status","not-started","","","TRUE","TRUE","Site QA","Floor Finishes","WING B2","B.05 BED","Carpet / Vinyl","Foreman installation sign off"
"2765f379-56c1-59f4-bfe5-abed2edc3ab5","","checkpoint-group","not-started","","","FALSE","FALSE","Site QA","Floor Finishes","WING B2","B.05 BED","Wall Finish"
"555e66fc-1e68-5d4a-823a-b93a2f759658","","checkpoint-status","not-started","","","TRUE","TRUE","Site QA","Floor Finishes","WING B2","B.05 BED","Wall Finish","Wall Finish installed as per plan"
"7b8607ef-0dcd-57b6-aee0-2276c3243fea","","checkpoint-group","not-started","","","FALSE","FALSE","Site QA","Floor Finishes","WING B2","B.05 BED","Protection and Handover"
"17417e86-d1cf-5a49-92ec-f3bb0dff99aa","","checkpoint-status","not-started","","","TRUE","TRUE","Site QA","Floor Finishes","WING B2","B.05 BED","Protection and Handover","Installation complete, checked and reviewed - as per specification"
"4c3fbe96-7355-502c-a119-eab715bca5eb","","checkpoint-status","not-started","","","TRUE","TRUE","Site QA","Floor Finishes","WING B2","B.05 BED","Protection and Handover","Floor protected with bubbleweave floor protection or polyweave"
"b0d689df-dcd3-5066-8361-ccc2e7e480ff","","checkpoint-status","not-started","","","TRUE","TRUE","Site QA","Floor Finishes","WING B2","B.05 BED","Protection and Handover","Installer Sign Off: Protection installed as per manufacturer's instructions"
"0a9789bc-2a58-4238-bb5e-1ee44f87cca1","","checklist-sectioned","not-started","5a8a68d1221a9e608c282940756e19ac2c3c1dd54ffd7888cef6f74664a05c9a","checklist","FALSE","FALSE","Site QA","Floor Finishes","WING B2","B.05A ENSUITE"
"d9db67f8-3a9d-5735-bcb8-55958a6dde9a","","checkpoint-group","not-started","","","FALSE","FALSE","Site QA","Floor Finishes","WING B2","B.05A ENSUITE","Subfloor, Floor Preparation, Adhesive"
"1c2bfeb2-b4b1-576e-a9b4-f725be3a8a46","","checkpoint-status","not-started","","","TRUE","TRUE","Site QA","Floor Finishes","WING B2","B.05A ENSUITE","Subfloor, Floor Preparation, Adhesive","Confirm area of work is accessible & acceptable to commence (If not comment below)"
"e17be937-c4e7-562b-b2f9-2127f46dd569","","checkpoint-status","not-started","","","TRUE","TRUE","Site QA","Floor Finishes","WING B2","B.05A ENSUITE","Subfloor, Floor Preparation, Adhesive","Subfloor mechanically diamond ground"
"a027325b-7017-46fe-9c01-51db5ed3512c","","checkpoint-status","not-started","","","TRUE","TRUE","Site QA","Floor Finishes","WING B2","B.05A ENSUITE","Subfloor, Floor Preparation, Adhesive","Floor preparation product installed in accordance with manufacturer's instructions"
"07b0514f-cb6d-5a3a-b886-88b9b6bfb2bf","","checkpoint-status","not-started","","","TRUE","TRUE","Site QA","Floor Finishes","WING B2","B.05A ENSUITE","Subfloor, Floor Preparation, Adhesive","Floor transitions installed as per instructions from builder"
"3a5a0c91-0d65-4c28-940f-4f1ea114d95a","","checkpoint-status","not-started","","","TRUE","TRUE","Site QA","Floor Finishes","WING B2","B.05A ENSUITE","Subfloor, Floor Preparation, Adhesive","Waterproof tested for falls, and water test completed by waterproofers"
"86a115b9-14f4-561e-a2c2-af1c4687ce76","","checkpoint-status","not-started","","","TRUE","TRUE","Site QA","Floor Finishes","WING B2","B.05A ENSUITE","Subfloor, Floor Preparation, Adhesive","Correct adhesive used"
"7c1f6201-8367-5006-8b12-092856a42319","","checkpoint-group","not-started","","","FALSE","FALSE","Site QA","Floor Finishes","WING B2","B.05A ENSUITE","Carpet / Vinyl"
"91e69271-8fb4-58be-a738-842ac071e2a0","","checkpoint-status","not-started","","","TRUE","TRUE","Site QA","Floor Finishes","WING B2","B.05A ENSUITE","Carpet / Vinyl","Confirm area of work is accessible & acceptable to commence (If not comment below)"
"87e184f4-8ecd-5fa4-a688-a073287b9652","","checkpoint-status","not-started","","","TRUE","TRUE","Site QA","Floor Finishes","WING B2","B.05A ENSUITE","Carpet / Vinyl","Vinyl installed as per plan"
"51d5ee4d-9865-5dfb-8982-2e79a76db798","","checkpoint-status","not-started","","","TRUE","TRUE","Site QA","Floor Finishes","WING B2","B.05A ENSUITE","Carpet / Vinyl","Carpet installed as per plan"
"f2fd5b5a-9464-5120-98c4-2d718de9288c","","checkpoint-status","not-started","","","TRUE","TRUE","Site QA","Floor Finishes","WING B2","B.05A ENSUITE","Carpet / Vinyl","Joints sealed with heat welded seams and mitres as per AS 1884-2012"
"bdcaf3c7-6cca-52e0-84e1-6a2e6b336d8c","","checkpoint-status","not-started","","","TRUE","TRUE","Site QA","Floor Finishes","WING B2","B.05A ENSUITE","Carpet / Vinyl","Vinyl skirt and coving used as per finishes markup - 150mm height"
"84a5812f-08ad-522a-90ca-2b0453e16aba","","checkpoint-status","not-started","","","TRUE","TRUE","Site QA","Floor Finishes","WING B2","B.05A ENSUITE","Carpet / Vinyl","Installer Sign Off: Carpet / Vinyl installed as per manufacturer's instructions"
"840ae639-d0a8-57da-bb05-47ee19fe7298","","checkpoint-status","not-started","","","TRUE","TRUE","Site QA","Floor Finishes","WING B2","B.05A ENSUITE","Carpet / Vinyl","Add-Floors Sign Off"
"f7015dad-1756-563b-a53f-3c3f5b946934","","checkpoint-status","not-started","","","TRUE","TRUE","Site QA","Floor Finishes","WING B2","B.05A ENSUITE","Carpet / Vinyl","Foreman installation sign off"
"7b852d31-3e25-5d38-b6f1-56ce3770327f","","checkpoint-group","not-started","","","FALSE","FALSE","Site QA","Floor Finishes","WING B2","B.05A ENSUITE","Wall Finish"
"0421a215-fec3-577b-9a43-5c50295adb4e","","checkpoint-status","not-started","","","TRUE","TRUE","Site QA","Floor Finishes","WING B2","B.05A ENSUITE","Wall Finish","Wall Finish installed as per plan"
"9913202f-b07e-5a9c-9a06-b1e76db52c56","","checkpoint-group","not-started","","","FALSE","FALSE","Site QA","Floor Finishes","WING B2","B.05A ENSUITE","Protection and Handover"
"54e5f12e-7cce-5f4e-88a9-462845750f0f","","checkpoint-status","not-started","","","TRUE","TRUE","Site QA","Floor Finishes","WING B2","B.05A ENSUITE","Protection and Handover","Installation complete, checked and reviewed - as per specification"
"5c5cea53-6a13-5c1e-968d-c3b367126f65","","checkpoint-status","not-started","","","TRUE","TRUE","Site QA","Floor Finishes","WING B2","B.05A ENSUITE","Protection and Handover","Floor protected with bubbleweave floor protection or polyweave"
"fac53ea5-5532-5ed1-8931-4997de85552b","","checkpoint-status","not-started","","","TRUE","TRUE","Site QA","Floor Finishes","WING B2","B.05A ENSUITE","Protection and Handover","Installer Sign Off: Protection installed as per manufacturer's instructions"
"8ecbb451-6f4c-4aca-baab-9eee227c1f82","","checklist-sectioned","not-started","5a8a68d1221a9e608c282940756e19ac2c3c1dd54ffd7888cef6f74664a05c9a","checklist","FALSE","FALSE","Site QA","Floor Finishes","WING B2","B.06 BED"
"5dad0002-a230-5b70-835d-7d89a34165c5","","checkpoint-group","not-started","","","FALSE","FALSE","Site QA","Floor Finishes","WING B2","B.06 BED","Subfloor, Floor Preparation, Adhesive"
"2bd37ebb-1ab0-5283-93d5-5524d5152cdb","","checkpoint-status","not-started","","","TRUE","TRUE","Site QA","Floor Finishes","WING B2","B.06 BED","Subfloor, Floor Preparation, Adhesive","Confirm area of work is accessible & acceptable to commence (If not comment below)"
"2555c3e2-019c-556a-b815-179e4a6601de","","checkpoint-status","not-started","","","TRUE","TRUE","Site QA","Floor Finishes","WING B2","B.06 BED","Subfloor, Floor Preparation, Adhesive","Subfloor mechanically diamond ground"
"c99cff8e-6bc0-4642-bdb0-05218c93bf08","","checkpoint-status","not-started","","","TRUE","TRUE","Site QA","Floor Finishes","WING B2","B.06 BED","Subfloor, Floor Preparation, Adhesive","Floor preparation product installed in accordance with manufacturer's instructions"
"a77d5c27-2c2c-5d9f-90a5-49b7b1d5b1c4","","checkpoint-status","not-started","","","TRUE","TRUE","Site QA","Floor Finishes","WING B2","B.06 BED","Subfloor, Floor Preparation, Adhesive","Floor transitions installed as per instructions from builder"
"72422ed6-b73f-4dcb-888b-ee6750a5e8d6","","checkpoint-status","not-started","","","TRUE","TRUE","Site QA","Floor Finishes","WING B2","B.06 BED","Subfloor, Floor Preparation, Adhesive","Waterproof tested for falls, and water test completed by waterproofers"
"47d5f0b1-2e97-5b05-8a98-003aac905ccb","","checkpoint-status","not-started","","","TRUE","TRUE","Site QA","Floor Finishes","WING B2","B.06 BED","Subfloor, Floor Preparation, Adhesive","Correct adhesive used"
"70035434-9019-55ab-9f6b-da805dbc58b2","","checkpoint-group","not-started","","","FALSE","FALSE","Site QA","Floor Finishes","WING B2","B.06 BED","Carpet / Vinyl"
"6237ee8e-0bb4-5349-abe8-50c10252b30c","","checkpoint-status","not-started","","","TRUE","TRUE","Site QA","Floor Finishes","WING B2","B.06 BED","Carpet / Vinyl","Confirm area of work is accessible & acceptable to commence (If not comment below)"
"a552c425-c918-599c-846c-044d7bac842a","","checkpoint-status","not-started","","","TRUE","TRUE","Site QA","Floor Finishes","WING B2","B.06 BED","Carpet / Vinyl","Vinyl installed as per plan"
"44b2c3af-ac6d-5bb0-bef6-e0c307515018","","checkpoint-status","not-started","","","TRUE","TRUE","Site QA","Floor Finishes","WING B2","B.06 BED","Carpet / Vinyl","Carpet installed as per plan"
"59f96a1d-af60-5211-ad86-9d16cae34840","","checkpoint-status","not-started","","","TRUE","TRUE","Site QA","Floor Finishes","WING B2","B.06 BED","Carpet / Vinyl","Joints sealed with heat welded seams and mitres as per AS 1884-2012"
"8bd28dfb-10ac-5ac1-a8e4-cc001b7d8f25","","checkpoint-status","not-started","","","TRUE","TRUE","Site QA","Floor Finishes","WING B2","B.06 BED","Carpet / Vinyl","Vinyl skirt and coving used as per finishes markup - 150mm height"
"6cfdfbe8-ad78-5666-89fa-f5eb2479c2fa","","checkpoint-status","not-started","","","TRUE","TRUE","Site QA","Floor Finishes","WING B2","B.06 BED","Carpet / Vinyl","Installer Sign Off: Carpet / Vinyl installed as per manufacturer's instructions"
"9f30e1f1-f7b4-5516-94fd-cebb44b54bc1","","checkpoint-status","not-started","","","TRUE","TRUE","Site QA","Floor Finishes","WING B2","B.06 BED","Carpet / Vinyl","Add-Floors Sign Off"
"4ca66331-8e9e-57cc-bc89-b6689bab5731","","checkpoint-status","not-started","","","TRUE","TRUE","Site QA","Floor Finishes","WING B2","B.06 BED","Carpet / Vinyl","Foreman installation sign off"
"3d0d23db-5007-5987-9cb2-80f80c7c7d43","","checkpoint-group","not-started","","","FALSE","FALSE","Site QA","Floor Finishes","WING B2","B.06 BED","Wall Finish"
"9c6018ea-8f2e-5117-b483-f364839cb2cc","","checkpoint-status","not-started","","","TRUE","TRUE","Site QA","Floor Finishes","WING B2","B.06 BED","Wall Finish","Wall Finish installed as per plan"
"cc574e74-7781-514f-9ba6-986e923681fb","","checkpoint-group","not-started","","","FALSE","FALSE","Site QA","Floor Finishes","WING B2","B.06 BED","Protection and Handover"
"f1bc5aee-5ef4-516b-ae2d-3cea049240e6","","checkpoint-status","not-started","","","TRUE","TRUE","Site QA","Floor Finishes","WING B2","B.06 BED","Protection and Handover","Installation complete, checked and reviewed - as per specification"
"81784b0f-3551-5883-9a6b-a73dabc740f2","","checkpoint-status","not-started","","","TRUE","TRUE","Site QA","Floor Finishes","WING B2","B.06 BED","Protection and Handover","Floor protected with bubbleweave floor protection or polyweave"
"4824e49f-6efd-51c2-b8a3-0a3b13451fe8","","checkpoint-status","not-started","","","TRUE","TRUE","Site QA","Floor Finishes","WING B2","B.06 BED","Protection and Handover","Installer Sign Off: Protection installed as per manufacturer's instructions"
"92a245f0-4e69-4f22-aa12-c43f9d0c4f0f","","checklist-sectioned","not-started","5a8a68d1221a9e608c282940756e19ac2c3c1dd54ffd7888cef6f74664a05c9a","checklist","FALSE","FALSE","Site QA","Floor Finishes","WING B2","B.06A ENSUITE"
"ef680d7c-e22e-5e1b-a198-e0decfa95270","","checkpoint-group","not-started","","","FALSE","FALSE","Site QA","Floor Finishes","WING B2","B.06A ENSUITE","Subfloor, Floor Preparation, Adhesive"
"1d2e803c-6713-52f3-9849-8a1280cb176a","","checkpoint-status","not-started","","","TRUE","TRUE","Site QA","Floor Finishes","WING B2","B.06A ENSUITE","Subfloor, Floor Preparation, Adhesive","Confirm area of work is accessible & acceptable to commence (If not comment below)"
"3ae64a3d-137b-5f8b-a842-31af931f582a","","checkpoint-status","not-started","","","TRUE","TRUE","Site QA","Floor Finishes","WING B2","B.06A ENSUITE","Subfloor, Floor Preparation, Adhesive","Subfloor mechanically diamond ground"
"b17424f1-b997-4e30-9d29-0ac62ec056b3","","checkpoint-status","not-started","","","TRUE","TRUE","Site QA","Floor Finishes","WING B2","B.06A ENSUITE","Subfloor, Floor Preparation, Adhesive","Floor preparation product installed in accordance with manufacturer's instructions"
"bdec1824-977e-55b9-8c63-4646ca382f5c","","checkpoint-status","not-started","","","TRUE","TRUE","Site QA","Floor Finishes","WING B2","B.06A ENSUITE","Subfloor, Floor Preparation, Adhesive","Floor transitions installed as per instructions from builder"
"8cead985-d994-4853-83f9-ea47d828ea53","","checkpoint-status","not-started","","","TRUE","TRUE","Site QA","Floor Finishes","WING B2","B.06A ENSUITE","Subfloor, Floor Preparation, Adhesive","Waterproof tested for falls, and water test completed by waterproofers"
"037b3add-af7a-5a61-a41e-1d3100452785","","checkpoint-status","not-started","","","TRUE","TRUE","Site QA","Floor Finishes","WING B2","B.06A ENSUITE","Subfloor, Floor Preparation, Adhesive","Correct adhesive used"
"2f949c1b-0fdd-5e14-bd8a-6f675c283bef","","checkpoint-group","not-started","","","FALSE","FALSE","Site QA","Floor Finishes","WING B2","B.06A ENSUITE","Carpet / Vinyl"
"2f5afff9-66ae-50f7-baad-fe91be957711","","checkpoint-status","not-started","","","TRUE","TRUE","Site QA","Floor Finishes","WING B2","B.06A ENSUITE","Carpet / Vinyl","Confirm area of work is accessible & acceptable to commence (If not comment below)"
"2ed3bc62-7efc-5496-aae8-e3843d9b3804","","checkpoint-status","not-started","","","TRUE","TRUE","Site QA","Floor Finishes","WING B2","B.06A ENSUITE","Carpet / Vinyl","Vinyl installed as per plan"
"651cf6d9-45d7-53f8-915a-978268f293ae","","checkpoint-status","not-started","","","TRUE","TRUE","Site QA","Floor Finishes","WING B2","B.06A ENSUITE","Carpet / Vinyl","Carpet installed as per plan"
"eb4622bc-6e37-5bba-a5e6-9176275ed0ee","","checkpoint-status","not-started","","","TRUE","TRUE","Site QA","Floor Finishes","WING B2","B.06A ENSUITE","Carpet / Vinyl","Joints sealed with heat welded seams and mitres as per AS 1884-2012"
"23cd8e35-13b7-5073-b314-a0d307fa79ad","","checkpoint-status","not-started","","","TRUE","TRUE","Site QA","Floor Finishes","WING B2","B.06A ENSUITE","Carpet / Vinyl","Vinyl skirt and coving used as per finishes markup - 150mm height"
"173bd285-4f82-54dc-91e6-9d41087b9d2b","","checkpoint-status","not-started","","","TRUE","TRUE","Site QA","Floor Finishes","WING B2","B.06A ENSUITE","Carpet / Vinyl","Installer Sign Off: Carpet / Vinyl installed as per manufacturer's instructions"
"9fcb5283-beba-5e9b-886c-002fb008afbf","","checkpoint-status","not-started","","","TRUE","TRUE","Site QA","Floor Finishes","WING B2","B.06A ENSUITE","Carpet / Vinyl","Add-Floors Sign Off"
"844336ba-ac26-54d6-9410-1f07956b68e7","","checkpoint-status","not-started","","","TRUE","TRUE","Site QA","Floor Finishes","WING B2","B.06A ENSUITE","Carpet / Vinyl","Foreman installation sign off"
"3e7730d3-c1fa-52e4-a466-39c5b1a58b0e","","checkpoint-group","not-started","","","FALSE","FALSE","Site QA","Floor Finishes","WING B2","B.06A ENSUITE","Wall Finish"
"14226456-34b5-5f81-b4fc-c7ede1c2c064","","checkpoint-status","not-started","","","TRUE","TRUE","Site QA","Floor Finishes","WING B2","B.06A ENSUITE","Wall Finish","Wall Finish installed as per plan"
"8d36406a-c860-5d37-be8b-568affd5416a","","checkpoint-group","not-started","","","FALSE","FALSE","Site QA","Floor Finishes","WING B2","B.06A ENSUITE","Protection and Handover"
"c141955b-5151-5a4c-971b-cbbe5c3b3438","","checkpoint-status","not-started","","","TRUE","TRUE","Site QA","Floor Finishes","WING B2","B.06A ENSUITE","Protection and Handover","Installation complete, checked and reviewed - as per specification"
"6b53f4fe-b1be-5ba2-8411-6fed8109cdca","","checkpoint-status","not-started","","","TRUE","TRUE","Site QA","Floor Finishes","WING B2","B.06A ENSUITE","Protection and Handover","Floor protected with bubbleweave floor protection or polyweave"
"33bceea0-986e-5b4a-8396-2aadbf9c9b6b","","checkpoint-status","not-started","","","TRUE","TRUE","Site QA","Floor Finishes","WING B2","B.06A ENSUITE","Protection and Handover","Installer Sign Off: Protection installed as per manufacturer's instructions"
"ea502c31-141c-46eb-a3db-8a3529a62784","","checklist-sectioned","not-started","5a8a68d1221a9e608c282940756e19ac2c3c1dd54ffd7888cef6f74664a05c9a","checklist","FALSE","FALSE","Site QA","Floor Finishes","WING B2","B.07 BED"
"a7b07e18-cf44-5b20-bc6e-a1ce7c922070","","checkpoint-group","not-started","","","FALSE","FALSE","Site QA","Floor Finishes","WING B2","B.07 BED","Subfloor, Floor Preparation, Adhesive"
"4ca3487a-786c-5bb9-8dd5-b1bd873255c4","","checkpoint-status","not-started","","","TRUE","TRUE","Site QA","Floor Finishes","WING B2","B.07 BED","Subfloor, Floor Preparation, Adhesive","Confirm area of work is accessible & acceptable to commence (If not comment below)"
"816524f4-9d80-5c05-8dc1-9e9ea01f8235","","checkpoint-status","not-started","","","TRUE","TRUE","Site QA","Floor Finishes","WING B2","B.07 BED","Subfloor, Floor Preparation, Adhesive","Subfloor mechanically diamond ground"
"54995e6e-ed9a-4427-b65c-f4dd865118f7","","checkpoint-status","not-started","","","TRUE","TRUE","Site QA","Floor Finishes","WING B2","B.07 BED","Subfloor, Floor Preparation, Adhesive","Floor preparation product installed in accordance with manufacturer's instructions"
"f1f8192f-9642-5bf4-9be5-6de44ecc904c","","checkpoint-status","not-started","","","TRUE","TRUE","Site QA","Floor Finishes","WING B2","B.07 BED","Subfloor, Floor Preparation, Adhesive","Floor transitions installed as per instructions from builder"
"7cfbd46c-b02e-420e-b4a5-776d96a00084","","checkpoint-status","not-started","","","TRUE","TRUE","Site QA","Floor Finishes","WING B2","B.07 BED","Subfloor, Floor Preparation, Adhesive","Waterproof tested for falls, and water test completed by waterproofers"
"828e12a5-690c-5390-b26c-8a8da6c17e27","","checkpoint-status","not-started","","","TRUE","TRUE","Site QA","Floor Finishes","WING B2","B.07 BED","Subfloor, Floor Preparation, Adhesive","Correct adhesive used"
"4366ca85-ad0f-5c98-b26e-3cd2a3f41f45","","checkpoint-group","not-started","","","FALSE","FALSE","Site QA","Floor Finishes","WING B2","B.07 BED","Carpet / Vinyl"
"1c0c7cad-085c-5599-9fed-17da206ba227","","checkpoint-status","not-started","","","TRUE","TRUE","Site QA","Floor Finishes","WING B2","B.07 BED","Carpet / Vinyl","Confirm area of work is accessible & acceptable to commence (If not comment below)"
"cf8ffb76-a683-5f84-8f55-506f1e1f0c84","","checkpoint-status","not-started","","","TRUE","TRUE","Site QA","Floor Finishes","WING B2","B.07 BED","Carpet / Vinyl","Vinyl installed as per plan"
"8281fe77-edc9-5441-8640-38968eac3494","","checkpoint-status","not-started","","","TRUE","TRUE","Site QA","Floor Finishes","WING B2","B.07 BED","Carpet / Vinyl","Carpet installed as per plan"
"10855319-bde2-5fa2-a924-711ea3bd9f84","","checkpoint-status","not-started","","","TRUE","TRUE","Site QA","Floor Finishes","WING B2","B.07 BED","Carpet / Vinyl","Joints sealed with heat welded seams and mitres as per AS 1884-2012"
"3e20c7f4-ef77-5dcc-90ea-7e609f64ebf7","","checkpoint-status","not-started","","","TRUE","TRUE","Site QA","Floor Finishes","WING B2","B.07 BED","Carpet / Vinyl","Vinyl skirt and coving used as per finishes markup - 150mm height"
"3a03f18c-8847-50b0-8d41-8f26ba6437af","","checkpoint-status","not-started","","","TRUE","TRUE","Site QA","Floor Finishes","WING B2","B.07 BED","Carpet / Vinyl","Installer Sign Off: Carpet / Vinyl installed as per manufacturer's instructions"
"539c7d2d-4340-5e57-a38b-4f3f01889592","","checkpoint-status","not-started","","","TRUE","TRUE","Site QA","Floor Finishes","WING B2","B.07 BED","Carpet / Vinyl","Add-Floors Sign Off"
"91ce5493-9456-5161-8c11-a8e0a3d0ad46","","checkpoint-status","not-started","","","TRUE","TRUE","Site QA","Floor Finishes","WING B2","B.07 BED","Carpet / Vinyl","Foreman installation sign off"
"6154985c-f35b-5b3d-8f0f-a496f0bc8767","","checkpoint-group","not-started","","","FALSE","FALSE","Site QA","Floor Finishes","WING B2","B.07 BED","Wall Finish"
"98eb2e85-5a70-5d0e-bbf2-4c9fd90e3af7","","checkpoint-status","not-started","","","TRUE","TRUE","Site QA","Floor Finishes","WING B2","B.07 BED","Wall Finish","Wall Finish installed as per plan"
"01a489da-60c0-5a74-bdd8-7254b73b745a","","checkpoint-group","not-started","","","FALSE","FALSE","Site QA","Floor Finishes","WING B2","B.07 BED","Protection and Handover"
"4b587b09-f111-51de-a27a-a67e0cd07ac4","","checkpoint-status","not-started","","","TRUE","TRUE","Site QA","Floor Finishes","WING B2","B.07 BED","Protection and Handover","Installation complete, checked and reviewed - as per specification"
"33c9e22e-5b21-5003-91e0-82ecedb9dd83","","checkpoint-status","not-started","","","TRUE","TRUE","Site QA","Floor Finishes","WING B2","B.07 BED","Protection and Handover","Floor protected with bubbleweave floor protection or polyweave"
"bfa4dc78-ae93-5f5e-9462-570a8884f901","","checkpoint-status","not-started","","","TRUE","TRUE","Site QA","Floor Finishes","WING B2","B.07 BED","Protection and Handover","Installer Sign Off: Protection installed as per manufacturer's instructions"
"799c2e34-2fc0-4e84-b3fd-23bf5bfaba7f","","checklist-sectioned","not-started","5a8a68d1221a9e608c282940756e19ac2c3c1dd54ffd7888cef6f74664a05c9a","checklist","FALSE","FALSE","Site QA","Floor Finishes","WING B2","B.07A ENSUITE"
"598e0b0b-a06d-5383-9125-186e9f8549da","","checkpoint-group","not-started","","","FALSE","FALSE","Site QA","Floor Finishes","WING B2","B.07A ENSUITE","Subfloor, Floor Preparation, Adhesive"
"e2ff8d50-97dc-54e8-ba29-fc8127d8cbd3","","checkpoint-status","not-started","","","TRUE","TRUE","Site QA","Floor Finishes","WING B2","B.07A ENSUITE","Subfloor, Floor Preparation, Adhesive","Confirm area of work is accessible & acceptable to commence (If not comment below)"
"e8238f89-c69f-51fd-a567-92d8b63ce2d3","","checkpoint-status","not-started","","","TRUE","TRUE","Site QA","Floor Finishes","WING B2","B.07A ENSUITE","Subfloor, Floor Preparation, Adhesive","Subfloor mechanically diamond ground"
"2b576da9-a3dd-4706-b48a-14965a1f010f","","checkpoint-status","not-started","","","TRUE","TRUE","Site QA","Floor Finishes","WING B2","B.07A ENSUITE","Subfloor, Floor Preparation, Adhesive","Floor preparation product installed in accordance with manufacturer's instructions"
"3df63370-15c6-520d-9c8b-6cea6824b65e","","checkpoint-status","not-started","","","TRUE","TRUE","Site QA","Floor Finishes","WING B2","B.07A ENSUITE","Subfloor, Floor Preparation, Adhesive","Floor transitions installed as per instructions from builder"
"3c304fb1-78f4-4c88-8259-9952f1aca6c3","","checkpoint-status","not-started","","","TRUE","TRUE","Site QA","Floor Finishes","WING B2","B.07A ENSUITE","Subfloor, Floor Preparation, Adhesive","Waterproof tested for falls, and water test completed by waterproofers"
"87e0c2cb-280f-57fc-a0a2-a63445142366","","checkpoint-status","not-started","","","TRUE","TRUE","Site QA","Floor Finishes","WING B2","B.07A ENSUITE","Subfloor, Floor Preparation, Adhesive","Correct adhesive used"
"689d5f2f-016c-5d18-8aba-0dd572000021","","checkpoint-group","not-started","","","FALSE","FALSE","Site QA","Floor Finishes","WING B2","B.07A ENSUITE","Carpet / Vinyl"
"c9f54eaa-dfa8-5b49-8b05-64350bf9ceed","","checkpoint-status","not-started","","","TRUE","TRUE","Site QA","Floor Finishes","WING B2","B.07A ENSUITE","Carpet / Vinyl","Confirm area of work is accessible & acceptable to commence (If not comment below)"
"056f4881-830b-5859-8558-569445c5764e","","checkpoint-status","not-started","","","TRUE","TRUE","Site QA","Floor Finishes","WING B2","B.07A ENSUITE","Carpet / Vinyl","Vinyl installed as per plan"
"70b32e78-c0bf-56b9-b4be-7ba26883dbff","","checkpoint-status","not-started","","","TRUE","TRUE","Site QA","Floor Finishes","WING B2","B.07A ENSUITE","Carpet / Vinyl","Carpet installed as per plan"
"7ab98abf-184c-5a2c-8468-d8965cf7b7f8","","checkpoint-status","not-started","","","TRUE","TRUE","Site QA","Floor Finishes","WING B2","B.07A ENSUITE","Carpet / Vinyl","Joints sealed with heat welded seams and mitres as per AS 1884-2012"
"990bf0ca-c1f5-5039-9094-7a988f1141e0","","checkpoint-status","not-started","","","TRUE","TRUE","Site QA","Floor Finishes","WING B2","B.07A ENSUITE","Carpet / Vinyl","Vinyl skirt and coving used as per finishes markup - 150mm height"
"518d14ec-81c0-55bf-8a7b-414b6ff85b50","","checkpoint-status","not-started","","","TRUE","TRUE","Site QA","Floor Finishes","WING B2","B.07A ENSUITE","Carpet / Vinyl","Installer Sign Off: Carpet / Vinyl installed as per manufacturer's instructions"
"c6655c83-4dc3-52b1-9bc4-95e9c8fabb26","","checkpoint-status","not-started","","","TRUE","TRUE","Site QA","Floor Finishes","WING B2","B.07A ENSUITE","Carpet / Vinyl","Add-Floors Sign Off"
"e04c5ea7-0104-5632-92fe-5935d09b67bc","","checkpoint-status","not-started","","","TRUE","TRUE","Site QA","Floor Finishes","WING B2","B.07A ENSUITE","Carpet / Vinyl","Foreman installation sign off"
"428efdab-66da-50ed-b9f3-ebe0f66542be","","checkpoint-group","not-started","","","FALSE","FALSE","Site QA","Floor Finishes","WING B2","B.07A ENSUITE","Wall Finish"
"351ba05f-98ba-5828-9b8e-327f3e96ed2a","","checkpoint-status","not-started","","","TRUE","TRUE","Site QA","Floor Finishes","WING B2","B.07A ENSUITE","Wall Finish","Wall Finish installed as per plan"
"a01527df-d4a6-5bfa-ab0c-3249be7d105c","","checkpoint-group","not-started","","","FALSE","FALSE","Site QA","Floor Finishes","WING B2","B.07A ENSUITE","Protection and Handover"
"66196e8c-dfbb-5b59-8b09-b0978e6e7057","","checkpoint-status","not-started","","","TRUE","TRUE","Site QA","Floor Finishes","WING B2","B.07A ENSUITE","Protection and Handover","Installation complete, checked and reviewed - as per specification"
"3abbca82-c1aa-56df-b34d-8771d36dd0cf","","checkpoint-status","not-started","","","TRUE","TRUE","Site QA","Floor Finishes","WING B2","B.07A ENSUITE","Protection and Handover","Floor protected with bubbleweave floor protection or polyweave"
"dd52c34a-ad3d-5bc9-b83e-6c1faa636595","","checkpoint-status","not-started","","","TRUE","TRUE","Site QA","Floor Finishes","WING B2","B.07A ENSUITE","Protection and Handover","Installer Sign Off: Protection installed as per manufacturer's instructions"
"40570330-f555-4b2a-ae70-4a2064d1bd10","","checklist-sectioned","not-started","5a8a68d1221a9e608c282940756e19ac2c3c1dd54ffd7888cef6f74664a05c9a","checklist","FALSE","FALSE","Site QA","Floor Finishes","WING B2","B.08 BED"
"9875a4e4-0477-5f1b-af5d-0fd999baae33","","checkpoint-group","not-started","","","FALSE","FALSE","Site QA","Floor Finishes","WING B2","B.08 BED","Subfloor, Floor Preparation, Adhesive"
"f1f95489-f4c0-5707-8326-917a32fdd152","","checkpoint-status","not-started","","","TRUE","TRUE","Site QA","Floor Finishes","WING B2","B.08 BED","Subfloor, Floor Preparation, Adhesive","Confirm area of work is accessible & acceptable to commence (If not comment below)"
"22b33ddd-b936-55c7-9389-8394b0985d99","","checkpoint-status","not-started","","","TRUE","TRUE","Site QA","Floor Finishes","WING B2","B.08 BED","Subfloor, Floor Preparation, Adhesive","Subfloor mechanically diamond ground"
"e382d0eb-8556-4417-bc5a-1e72e736a7d8","","checkpoint-status","not-started","","","TRUE","TRUE","Site QA","Floor Finishes","WING B2","B.08 BED","Subfloor, Floor Preparation, Adhesive","Floor preparation product installed in accordance with manufacturer's instructions"
"a8e299b4-1d26-5365-a48f-54ce64998be8","","checkpoint-status","not-started","","","TRUE","TRUE","Site QA","Floor Finishes","WING B2","B.08 BED","Subfloor, Floor Preparation, Adhesive","Floor transitions installed as per instructions from builder"
"77a17eb8-17c8-47b0-aa3d-74f0da78c476","","checkpoint-status","not-started","","","TRUE","TRUE","Site QA","Floor Finishes","WING B2","B.08 BED","Subfloor, Floor Preparation, Adhesive","Waterproof tested for falls, and water test completed by waterproofers"
"7ac07ed2-ee29-52ad-bb91-9be59967df91","","checkpoint-status","not-started","","","TRUE","TRUE","Site QA","Floor Finishes","WING B2","B.08 BED","Subfloor, Floor Preparation, Adhesive","Correct adhesive used"
"00b6405b-c3cf-525d-8002-64053faac346","","checkpoint-group","not-started","","","FALSE","FALSE","Site QA","Floor Finishes","WING B2","B.08 BED","Carpet / Vinyl"
"85e44d8b-1a71-5d65-9c93-089247cf417d","","checkpoint-status","not-started","","","TRUE","TRUE","Site QA","Floor Finishes","WING B2","B.08 BED","Carpet / Vinyl","Confirm area of work is accessible & acceptable to commence (If not comment below)"
"20786b05-8956-5d33-90ed-95d9cc31012f","","checkpoint-status","not-started","","","TRUE","TRUE","Site QA","Floor Finishes","WING B2","B.08 BED","Carpet / Vinyl","Vinyl installed as per plan"
"d0715e79-4a0f-5c57-83ed-5da6cf2807eb","","checkpoint-status","not-started","","","TRUE","TRUE","Site QA","Floor Finishes","WING B2","B.08 BED","Carpet / Vinyl","Carpet installed as per plan"
"913af6d4-3760-5b27-b970-1508d7d446a0","","checkpoint-status","not-started","","","TRUE","TRUE","Site QA","Floor Finishes","WING B2","B.08 BED","Carpet / Vinyl","Joints sealed with heat welded seams and mitres as per AS 1884-2012"
"fa20b3eb-2bc9-5f9b-ad6d-973d19641ccb","","checkpoint-status","not-started","","","TRUE","TRUE","Site QA","Floor Finishes","WING B2","B.08 BED","Carpet / Vinyl","Vinyl skirt and coving used as per finishes markup - 150mm height"
"89e7df47-64eb-5359-b67a-e4832851b364","","checkpoint-status","not-started","","","TRUE","TRUE","Site QA","Floor Finishes","WING B2","B.08 BED","Carpet / Vinyl","Installer Sign Off: Carpet / Vinyl installed as per manufacturer's instructions"
"b5f161b0-47ca-5f71-a973-b4141e602306","","checkpoint-status","not-started","","","TRUE","TRUE","Site QA","Floor Finishes","WING B2","B.08 BED","Carpet / Vinyl","Add-Floors Sign Off"
"880cbb2e-b83c-56db-a0df-99cfea07938f","","checkpoint-status","not-started","","","TRUE","TRUE","Site QA","Floor Finishes","WING B2","B.08 BED","Carpet / Vinyl","Foreman installation sign off"
"7eb65e66-4ab8-52d8-9364-ed1a92c2d5b8","","checkpoint-group","not-started","","","FALSE","FALSE","Site QA","Floor Finishes","WING B2","B.08 BED","Wall Finish"
"2c28b611-1ec7-53e8-bb86-ef9aa131b59f","","checkpoint-status","not-started","","","TRUE","TRUE","Site QA","Floor Finishes","WING B2","B.08 BED","Wall Finish","Wall Finish installed as per plan"
"20fa42df-5556-5eca-85fd-d6f96fe7cf9a","","checkpoint-group","not-started","","","FALSE","FALSE","Site QA","Floor Finishes","WING B2","B.08 BED","Protection and Handover"
"350c533a-05cd-5ff9-ab20-0517c0c4520e","","checkpoint-status","not-started","","","TRUE","TRUE","Site QA","Floor Finishes","WING B2","B.08 BED","Protection and Handover","Installation complete, checked and reviewed - as per specification"
"fcd673b2-440f-5842-8638-fbb577693437","","checkpoint-status","not-started","","","TRUE","TRUE","Site QA","Floor Finishes","WING B2","B.08 BED","Protection and Handover","Floor protected with bubbleweave floor protection or polyweave"
"7cfe408c-b884-5d5b-9c3c-725ff1e03bad","","checkpoint-status","not-started","","","TRUE","TRUE","Site QA","Floor Finishes","WING B2","B.08 BED","Protection and Handover","Installer Sign Off: Protection installed as per manufacturer's instructions"
"2a3721b0-2700-41f2-b5bd-717ba7801506","","checklist-sectioned","not-started","5a8a68d1221a9e608c282940756e19ac2c3c1dd54ffd7888cef6f74664a05c9a","checklist","FALSE","FALSE","Site QA","Floor Finishes","WING B2","B.08A ENSUITE"
"44f80ddb-1f7b-5735-8e70-8969f4899158","","checkpoint-group","not-started","","","FALSE","FALSE","Site QA","Floor Finishes","WING B2","B.08A ENSUITE","Subfloor, Floor Preparation, Adhesive"
"48ba9d3c-c91b-5fc3-80a3-eaf1b555b0d8","","checkpoint-status","not-started","","","TRUE","TRUE","Site QA","Floor Finishes","WING B2","B.08A ENSUITE","Subfloor, Floor Preparation, Adhesive","Confirm area of work is accessible & acceptable to commence (If not comment below)"
"9110f73c-5ac2-5b1a-8283-5909770e7db8","","checkpoint-status","not-started","","","TRUE","TRUE","Site QA","Floor Finishes","WING B2","B.08A ENSUITE","Subfloor, Floor Preparation, Adhesive","Subfloor mechanically diamond ground"
"63ddf718-8087-4ca3-bb45-8c85f88e45d2","","checkpoint-status","not-started","","","TRUE","TRUE","Site QA","Floor Finishes","WING B2","B.08A ENSUITE","Subfloor, Floor Preparation, Adhesive","Floor preparation product installed in accordance with manufacturer's instructions"
"00cc15e3-c899-5c3b-bd90-49dedbca2582","","checkpoint-status","not-started","","","TRUE","TRUE","Site QA","Floor Finishes","WING B2","B.08A ENSUITE","Subfloor, Floor Preparation, Adhesive","Floor transitions installed as per instructions from builder"
"56d4ac4b-da38-465a-8df4-ef8a398a8807","","checkpoint-status","not-started","","","TRUE","TRUE","Site QA","Floor Finishes","WING B2","B.08A ENSUITE","Subfloor, Floor Preparation, Adhesive","Waterproof tested for falls, and water test completed by waterproofers"
"56e1ba6c-e18c-59cd-8ce3-ab0626cc9102","","checkpoint-status","not-started","","","TRUE","TRUE","Site QA","Floor Finishes","WING B2","B.08A ENSUITE","Subfloor, Floor Preparation, Adhesive","Correct adhesive used"
"fe65cabd-3bc5-5a4a-9a2b-2f77ed039c31","","checkpoint-group","not-started","","","FALSE","FALSE","Site QA","Floor Finishes","WING B2","B.08A ENSUITE","Carpet / Vinyl"
"7cf51cd1-6a19-557f-8936-e54628ea0513","","checkpoint-status","not-started","","","TRUE","TRUE","Site QA","Floor Finishes","WING B2","B.08A ENSUITE","Carpet / Vinyl","Confirm area of work is accessible & acceptable to commence (If not comment below)"
"2a492beb-d9ab-5b6f-aae1-53f4bf0a400b","","checkpoint-status","not-started","","","TRUE","TRUE","Site QA","Floor Finishes","WING B2","B.08A ENSUITE","Carpet / Vinyl","Vinyl installed as per plan"
"0c1adab6-d8fc-5440-8451-226b7b42748d","","checkpoint-status","not-started","","","TRUE","TRUE","Site QA","Floor Finishes","WING B2","B.08A ENSUITE","Carpet / Vinyl","Carpet installed as per plan"
"f31e8b75-23da-5306-b9ad-8d12814fe87a","","checkpoint-status","not-started","","","TRUE","TRUE","Site QA","Floor Finishes","WING B2","B.08A ENSUITE","Carpet / Vinyl","Joints sealed with heat welded seams and mitres as per AS 1884-2012"
"7f6054c5-edbb-5c9d-a01f-d535eb0be750","","checkpoint-status","not-started","","","TRUE","TRUE","Site QA","Floor Finishes","WING B2","B.08A ENSUITE","Carpet / Vinyl","Vinyl skirt and coving used as per finishes markup - 150mm height"
"7faf0bd7-c469-5098-8dbc-e0c90cb45d16","","checkpoint-status","not-started","","","TRUE","TRUE","Site QA","Floor Finishes","WING B2","B.08A ENSUITE","Carpet / Vinyl","Installer Sign Off: Carpet / Vinyl installed as per manufacturer's instructions"
"3356339e-1689-5ba3-ae2a-ea34b9243889","","checkpoint-status","not-started","","","TRUE","TRUE","Site QA","Floor Finishes","WING B2","B.08A ENSUITE","Carpet / Vinyl","Add-Floors Sign Off"
"ff13b6b5-4a84-59d2-8ed9-e070b953e1df","","checkpoint-status","not-started","","","TRUE","TRUE","Site QA","Floor Finishes","WING B2","B.08A ENSUITE","Carpet / Vinyl","Foreman installation sign off"
"02f103e1-3d4c-5491-802e-751bf7206c5e","","checkpoint-group","not-started","","","FALSE","FALSE","Site QA","Floor Finishes","WING B2","B.08A ENSUITE","Wall Finish"
"0549a23e-84df-556f-ae40-e2c95445e93d","","checkpoint-status","not-started","","","TRUE","TRUE","Site QA","Floor Finishes","WING B2","B.08A ENSUITE","Wall Finish","Wall Finish installed as per plan"
"5dc7fd89-80e0-589d-9d05-09cfbf03232b","","checkpoint-group","not-started","","","FALSE","FALSE","Site QA","Floor Finishes","WING B2","B.08A ENSUITE","Protection and Handover"
"efe4fa2e-7778-5946-9b3e-d550d9f2e10e","","checkpoint-status","not-started","","","TRUE","TRUE","Site QA","Floor Finishes","WING B2","B.08A ENSUITE","Protection and Handover","Installation complete, checked and reviewed - as per specification"
"d0dd64aa-442c-5e5f-a9d0-524056a77569","","checkpoint-status","not-started","","","TRUE","TRUE","Site QA","Floor Finishes","WING B2","B.08A ENSUITE","Protection and Handover","Floor protected with bubbleweave floor protection or polyweave"
"4db686f1-6135-52a8-88e9-eea0d91bc6d5","","checkpoint-status","not-started","","","TRUE","TRUE","Site QA","Floor Finishes","WING B2","B.08A ENSUITE","Protection and Handover","Installer Sign Off: Protection installed as per manufacturer's instructions"
"274bd62d-b478-4f1b-871a-22b908739b0e","","checklist-sectioned","not-started","5a8a68d1221a9e608c282940756e19ac2c3c1dd54ffd7888cef6f74664a05c9a","checklist","FALSE","FALSE","Site QA","Floor Finishes","WING B2","B.09 BED"
"8371a0da-4300-54e4-b9c1-a633e129c85e","","checkpoint-group","not-started","","","FALSE","FALSE","Site QA","Floor Finishes","WING B2","B.09 BED","Subfloor, Floor Preparation, Adhesive"
"145028fd-0a89-5ac6-88af-3d5d587b8e8a","","checkpoint-status","not-started","","","TRUE","TRUE","Site QA","Floor Finishes","WING B2","B.09 BED","Subfloor, Floor Preparation, Adhesive","Confirm area of work is accessible & acceptable to commence (If not comment below)"
"c88ed256-4155-5275-a101-1f5f5eb66393","","checkpoint-status","not-started","","","TRUE","TRUE","Site QA","Floor Finishes","WING B2","B.09 BED","Subfloor, Floor Preparation, Adhesive","Subfloor mechanically diamond ground"
"a47dd3af-d94b-4b2a-8f4f-214c1b2a8d60","","checkpoint-status","not-started","","","TRUE","TRUE","Site QA","Floor Finishes","WING B2","B.09 BED","Subfloor, Floor Preparation, Adhesive","Floor preparation product installed in accordance with manufacturer's instructions"
"6490a8f9-8216-5e46-9480-6c01328b6a8f","","checkpoint-status","not-started","","","TRUE","TRUE","Site QA","Floor Finishes","WING B2","B.09 BED","Subfloor, Floor Preparation, Adhesive","Floor transitions installed as per instructions from builder"
"5a88e732-8a9f-4062-a9dc-e8370249bfe0","","checkpoint-status","not-started","","","TRUE","TRUE","Site QA","Floor Finishes","WING B2","B.09 BED","Subfloor, Floor Preparation, Adhesive","Waterproof tested for falls, and water test completed by waterproofers"
"6d32eb4e-98bf-574d-8aaa-811236b0fa75","","checkpoint-status","not-started","","","TRUE","TRUE","Site QA","Floor Finishes","WING B2","B.09 BED","Subfloor, Floor Preparation, Adhesive","Correct adhesive used"
"e03f3812-1be9-5458-903c-32d1e05cf3ec","","checkpoint-group","not-started","","","FALSE","FALSE","Site QA","Floor Finishes","WING B2","B.09 BED","Carpet / Vinyl"
"0203b32e-8663-51df-ac7e-3d8f6491792e","","checkpoint-status","not-started","","","TRUE","TRUE","Site QA","Floor Finishes","WING B2","B.09 BED","Carpet / Vinyl","Confirm area of work is accessible & acceptable to commence (If not comment below)"
"33a6db9a-813f-5042-a4c0-fddc5f25f200","","checkpoint-status","not-started","","","TRUE","TRUE","Site QA","Floor Finishes","WING B2","B.09 BED","Carpet / Vinyl","Vinyl installed as per plan"
"0a89f475-f088-5d19-a338-ec2c2615c47e","","checkpoint-status","not-started","","","TRUE","TRUE","Site QA","Floor Finishes","WING B2","B.09 BED","Carpet / Vinyl","Carpet installed as per plan"
"1f3accbe-4c18-55f3-a44b-2f4e4141af95","","checkpoint-status","not-started","","","TRUE","TRUE","Site QA","Floor Finishes","WING B2","B.09 BED","Carpet / Vinyl","Joints sealed with heat welded seams and mitres as per AS 1884-2012"
"0d3583bf-75e4-5fbe-b689-f2e17f83ba1a","","checkpoint-status","not-started","","","TRUE","TRUE","Site QA","Floor Finishes","WING B2","B.09 BED","Carpet / Vinyl","Vinyl skirt and coving used as per finishes markup - 150mm height"
"65c3715f-90ca-57a6-9e9d-e4ad30d176a2","","checkpoint-status","not-started","","","TRUE","TRUE","Site QA","Floor Finishes","WING B2","B.09 BED","Carpet / Vinyl","Installer Sign Off: Carpet / Vinyl installed as per manufacturer's instructions"
"8df1f496-3f5f-5be5-a1f4-663a390ac6a0","","checkpoint-status","not-started","","","TRUE","TRUE","Site QA","Floor Finishes","WING B2","B.09 BED","Carpet / Vinyl","Add-Floors Sign Off"
"2d833165-12f1-50a9-a1f4-84e0ee4c3c26","","checkpoint-status","not-started","","","TRUE","TRUE","Site QA","Floor Finishes","WING B2","B.09 BED","Carpet / Vinyl","Foreman installation sign off"
"99f87914-6271-5dc7-bf76-13a2c094ec11","","checkpoint-group","not-started","","","FALSE","FALSE","Site QA","Floor Finishes","WING B2","B.09 BED","Wall Finish"
"4b2d5239-ab42-5f44-ba3b-6026d1797df9","","checkpoint-status","not-started","","","TRUE","TRUE","Site QA","Floor Finishes","WING B2","B.09 BED","Wall Finish","Wall Finish installed as per plan"
"e9496ee5-e01e-5447-8244-b13fc6bb0532","","checkpoint-group","not-started","","","FALSE","FALSE","Site QA","Floor Finishes","WING B2","B.09 BED","Protection and Handover"
"a8dc5fda-3ea5-5c48-888b-6438b2f6d614","","checkpoint-status","not-started","","","TRUE","TRUE","Site QA","Floor Finishes","WING B2","B.09 BED","Protection and Handover","Installation complete, checked and reviewed - as per specification"
"5eb2005a-96c6-5987-856f-380ffbc313a0","","checkpoint-status","not-started","","","TRUE","TRUE","Site QA","Floor Finishes","WING B2","B.09 BED","Protection and Handover","Floor protected with bubbleweave floor protection or polyweave"
"f2f6b35d-6d88-5513-b8c5-9fb399d77f40","","checkpoint-status","not-started","","","TRUE","TRUE","Site QA","Floor Finishes","WING B2","B.09 BED","Protection and Handover","Installer Sign Off: Protection installed as per manufacturer's instructions"
"220de67f-b39e-49d5-8cfc-20b58e8cd352","","checklist-sectioned","not-started","5a8a68d1221a9e608c282940756e19ac2c3c1dd54ffd7888cef6f74664a05c9a","checklist","FALSE","FALSE","Site QA","Floor Finishes","WING B2","B.09A ENSUITE"
"5ba6a645-89ed-57f8-a507-ab46d31c087c","","checkpoint-group","not-started","","","FALSE","FALSE","Site QA","Floor Finishes","WING B2","B.09A ENSUITE","Subfloor, Floor Preparation, Adhesive"
"1d919e6b-5adb-5fee-9222-61d8045f2ce8","","checkpoint-status","not-started","","","TRUE","TRUE","Site QA","Floor Finishes","WING B2","B.09A ENSUITE","Subfloor, Floor Preparation, Adhesive","Confirm area of work is accessible & acceptable to commence (If not comment below)"
"a92a2471-a559-54c0-bdc9-a0abff5518cc","","checkpoint-status","not-started","","","TRUE","TRUE","Site QA","Floor Finishes","WING B2","B.09A ENSUITE","Subfloor, Floor Preparation, Adhesive","Subfloor mechanically diamond ground"
"19db5c5f-93f9-4514-ba95-7b2d40a5a8fe","","checkpoint-status","not-started","","","TRUE","TRUE","Site QA","Floor Finishes","WING B2","B.09A ENSUITE","Subfloor, Floor Preparation, Adhesive","Floor preparation product installed in accordance with manufacturer's instructions"
"8a04f044-651e-5eaf-b258-ec19a2627b2a","","checkpoint-status","not-started","","","TRUE","TRUE","Site QA","Floor Finishes","WING B2","B.09A ENSUITE","Subfloor, Floor Preparation, Adhesive","Floor transitions installed as per instructions from builder"
"64ede014-b41e-47e6-8914-085bc07a1c0b","","checkpoint-status","not-started","","","TRUE","TRUE","Site QA","Floor Finishes","WING B2","B.09A ENSUITE","Subfloor, Floor Preparation, Adhesive","Waterproof tested for falls, and water test completed by waterproofers"
"f953c186-b7ae-58d2-ac60-320af3c3d47c","","checkpoint-status","not-started","","","TRUE","TRUE","Site QA","Floor Finishes","WING B2","B.09A ENSUITE","Subfloor, Floor Preparation, Adhesive","Correct adhesive used"
"52024ba0-0d46-5f80-a769-dcbf7c348386","","checkpoint-group","not-started","","","FALSE","FALSE","Site QA","Floor Finishes","WING B2","B.09A ENSUITE","Carpet / Vinyl"
"58cbc985-19d0-598f-8ce3-d1ce908cba3e","","checkpoint-status","not-started","","","TRUE","TRUE","Site QA","Floor Finishes","WING B2","B.09A ENSUITE","Carpet / Vinyl","Confirm area of work is accessible & acceptable to commence (If not comment below)"
"5b49f267-ae21-595c-b1b4-062e0d003966","","checkpoint-status","not-started","","","TRUE","TRUE","Site QA","Floor Finishes","WING B2","B.09A ENSUITE","Carpet / Vinyl","Vinyl installed as per plan"
"21012c5d-1649-53ae-a8e4-f81325e8ee6b","","checkpoint-status","not-started","","","TRUE","TRUE","Site QA","Floor Finishes","WING B2","B.09A ENSUITE","Carpet / Vinyl","Carpet installed as per plan"
"e6634f44-d7ce-5fdf-8866-93913d8d5a87","","checkpoint-status","not-started","","","TRUE","TRUE","Site QA","Floor Finishes","WING B2","B.09A ENSUITE","Carpet / Vinyl","Joints sealed with heat welded seams and mitres as per AS 1884-2012"
"39077f49-fae5-5035-b9ae-8787f3e0d8e8","","checkpoint-status","not-started","","","TRUE","TRUE","Site QA","Floor Finishes","WING B2","B.09A ENSUITE","Carpet / Vinyl","Vinyl skirt and coving used as per finishes markup - 150mm height"
"1b56cac3-47ff-56d4-b3e7-475b8f5afb4e","","checkpoint-status","not-started","","","TRUE","TRUE","Site QA","Floor Finishes","WING B2","B.09A ENSUITE","Carpet / Vinyl","Installer Sign Off: Carpet / Vinyl installed as per manufacturer's instructions"
"aff8517c-8694-5a34-8744-804301cf3900","","checkpoint-status","not-started","","","TRUE","TRUE","Site QA","Floor Finishes","WING B2","B.09A ENSUITE","Carpet / Vinyl","Add-Floors Sign Off"
"8d2206c2-2354-52f1-92cb-d337af1977e9","","checkpoint-status","not-started","","","TRUE","TRUE","Site QA","Floor Finishes","WING B2","B.09A ENSUITE","Carpet / Vinyl","Foreman installation sign off"
"8441ddb2-214f-5b45-909e-8e9b3871222c","","checkpoint-group","not-started","","","FALSE","FALSE","Site QA","Floor Finishes","WING B2","B.09A ENSUITE","Wall Finish"
"246bbc44-0e7f-5ed3-b44c-311fef5140f7","","checkpoint-status","not-started","","","TRUE","TRUE","Site QA","Floor Finishes","WING B2","B.09A ENSUITE","Wall Finish","Wall Finish installed as per plan"
"7e5fa0b2-84ee-5fe2-832a-605668673878","","checkpoint-group","not-started","","","FALSE","FALSE","Site QA","Floor Finishes","WING B2","B.09A ENSUITE","Protection and Handover"
"ca366e02-e943-5c3d-b9ac-dac84ff5df9b","","checkpoint-status","not-started","","","TRUE","TRUE","Site QA","Floor Finishes","WING B2","B.09A ENSUITE","Protection and Handover","Installation complete, checked and reviewed - as per specification"
"10b13653-ade3-5a0c-8581-9c1ff0f77622","","checkpoint-status","not-started","","","TRUE","TRUE","Site QA","Floor Finishes","WING B2","B.09A ENSUITE","Protection and Handover","Floor protected with bubbleweave floor protection or polyweave"
"3e495d70-bff7-5a27-9737-d4ca55850439","","checkpoint-status","not-started","","","TRUE","TRUE","Site QA","Floor Finishes","WING B2","B.09A ENSUITE","Protection and Handover","Installer Sign Off: Protection installed as per manufacturer's instructions"
"0d5817fe-3500-48a7-941d-b03cbd3c1a4e","","checklist-sectioned","not-started","5a8a68d1221a9e608c282940756e19ac2c3c1dd54ffd7888cef6f74664a05c9a","checklist","FALSE","FALSE","Site QA","Floor Finishes","WING B2","B.10 BED"
"3dedb18c-30b2-52fe-9f84-4bcb01e1843c","","checkpoint-group","not-started","","","FALSE","FALSE","Site QA","Floor Finishes","WING B2","B.10 BED","Subfloor, Floor Preparation, Adhesive"
"9fafa161-6224-5618-9768-77ad1b95f9b6","","checkpoint-status","not-started","","","TRUE","TRUE","Site QA","Floor Finishes","WING B2","B.10 BED","Subfloor, Floor Preparation, Adhesive","Confirm area of work is accessible & acceptable to commence (If not comment below)"
"0bb0c60e-f119-571c-81be-7a449c7b0507","","checkpoint-status","not-started","","","TRUE","TRUE","Site QA","Floor Finishes","WING B2","B.10 BED","Subfloor, Floor Preparation, Adhesive","Subfloor mechanically diamond ground"
"c5f08e39-6b31-4745-8b4d-567d57dafdf5","","checkpoint-status","not-started","","","TRUE","TRUE","Site QA","Floor Finishes","WING B2","B.10 BED","Subfloor, Floor Preparation, Adhesive","Floor preparation product installed in accordance with manufacturer's instructions"
"bb33e67c-c769-5851-9e83-54403312f368","","checkpoint-status","not-started","","","TRUE","TRUE","Site QA","Floor Finishes","WING B2","B.10 BED","Subfloor, Floor Preparation, Adhesive","Floor transitions installed as per instructions from builder"
"18c93f77-ff36-446a-8b00-e88e31d45b05","","checkpoint-status","not-started","","","TRUE","TRUE","Site QA","Floor Finishes","WING B2","B.10 BED","Subfloor, Floor Preparation, Adhesive","Waterproof tested for falls, and water test completed by waterproofers"
"9f4b8ba2-cb8e-50e8-aa3f-7d4901d186bf","","checkpoint-status","not-started","","","TRUE","TRUE","Site QA","Floor Finishes","WING B2","B.10 BED","Subfloor, Floor Preparation, Adhesive","Correct adhesive used"
"626e20a7-d34f-5113-9a2c-41e4c36bcc10","","checkpoint-group","not-started","","","FALSE","FALSE","Site QA","Floor Finishes","WING B2","B.10 BED","Carpet / Vinyl"
"77d5c214-c3b2-5368-a45a-85af94874a0c","","checkpoint-status","not-started","","","TRUE","TRUE","Site QA","Floor Finishes","WING B2","B.10 BED","Carpet / Vinyl","Confirm area of work is accessible & acceptable to commence (If not comment below)"
"02c495bb-af20-5d01-a9f6-39c51944399c","","checkpoint-status","not-started","","","TRUE","TRUE","Site QA","Floor Finishes","WING B2","B.10 BED","Carpet / Vinyl","Vinyl installed as per plan"
"90b8a0c4-0e5a-51bf-9d6a-46af3275baac","","checkpoint-status","not-started","","","TRUE","TRUE","Site QA","Floor Finishes","WING B2","B.10 BED","Carpet / Vinyl","Carpet installed as per plan"
"6fee1c77-00d9-5d71-b5ba-44b0c95d1695","","checkpoint-status","not-started","","","TRUE","TRUE","Site QA","Floor Finishes","WING B2","B.10 BED","Carpet / Vinyl","Joints sealed with heat welded seams and mitres as per AS 1884-2012"
"da2956ef-0a59-5d30-9ed4-a2d27885cdd6","","checkpoint-status","not-started","","","TRUE","TRUE","Site QA","Floor Finishes","WING B2","B.10 BED","Carpet / Vinyl","Vinyl skirt and coving used as per finishes markup - 150mm height"
"92006e7f-767a-5e90-91c7-048f9a773e8b","","checkpoint-status","not-started","","","TRUE","TRUE","Site QA","Floor Finishes","WING B2","B.10 BED","Carpet / Vinyl","Installer Sign Off: Carpet / Vinyl installed as per manufacturer's instructions"
"ee557ff6-705a-59e6-ae5b-e6f7c8029eb2","","checkpoint-status","not-started","","","TRUE","TRUE","Site QA","Floor Finishes","WING B2","B.10 BED","Carpet / Vinyl","Add-Floors Sign Off"
"aa4edd00-61ac-56dd-95db-f4e6aa90de82","","checkpoint-status","not-started","","","TRUE","TRUE","Site QA","Floor Finishes","WING B2","B.10 BED","Carpet / Vinyl","Foreman installation sign off"
"19b23287-0b86-5526-a702-df0361254d6f","","checkpoint-group","not-started","","","FALSE","FALSE","Site QA","Floor Finishes","WING B2","B.10 BED","Wall Finish"
"c83d0eab-5b4b-56a9-b108-509f0648cb7c","","checkpoint-status","not-started","","","TRUE","TRUE","Site QA","Floor Finishes","WING B2","B.10 BED","Wall Finish","Wall Finish installed as per plan"
"172503d2-0451-5dfd-bf50-de541d0e5b73","","checkpoint-group","not-started","","","FALSE","FALSE","Site QA","Floor Finishes","WING B2","B.10 BED","Protection and Handover"
"61178135-58d4-5e6a-8474-cda80966f644","","checkpoint-status","not-started","","","TRUE","TRUE","Site QA","Floor Finishes","WING B2","B.10 BED","Protection and Handover","Installation complete, checked and reviewed - as per specification"
"bfc79e46-8a90-55b9-a7f0-8c6e47719416","","checkpoint-status","not-started","","","TRUE","TRUE","Site QA","Floor Finishes","WING B2","B.10 BED","Protection and Handover","Floor protected with bubbleweave floor protection or polyweave"
"ceb0f577-7190-550e-aa01-8f05efeefe8b","","checkpoint-status","not-started","","","TRUE","TRUE","Site QA","Floor Finishes","WING B2","B.10 BED","Protection and Handover","Installer Sign Off: Protection installed as per manufacturer's instructions"
"c15e1911-279b-443b-a84d-f50806ed1a9c","","checklist-sectioned","not-started","5a8a68d1221a9e608c282940756e19ac2c3c1dd54ffd7888cef6f74664a05c9a","checklist","FALSE","FALSE","Site QA","Floor Finishes","WING B2","B.10A ENSUITE"
"19706a6a-abda-527f-a495-f93667638ea6","","checkpoint-group","not-started","","","FALSE","FALSE","Site QA","Floor Finishes","WING B2","B.10A ENSUITE","Subfloor, Floor Preparation, Adhesive"
"cc66a1cb-8f48-592e-921d-bed2675f30f9","","checkpoint-status","not-started","","","TRUE","TRUE","Site QA","Floor Finishes","WING B2","B.10A ENSUITE","Subfloor, Floor Preparation, Adhesive","Confirm area of work is accessible & acceptable to commence (If not comment below)"
"3312083e-4773-5a32-8c46-10d3896f38c9","","checkpoint-status","not-started","","","TRUE","TRUE","Site QA","Floor Finishes","WING B2","B.10A ENSUITE","Subfloor, Floor Preparation, Adhesive","Subfloor mechanically diamond ground"
"d6f72130-156e-4285-a0ea-05917ea90d5d","","checkpoint-status","not-started","","","TRUE","TRUE","Site QA","Floor Finishes","WING B2","B.10A ENSUITE","Subfloor, Floor Preparation, Adhesive","Floor preparation product installed in accordance with manufacturer's instructions"
"5536f0dd-6472-54bc-b2dd-4e8e3f619639","","checkpoint-status","not-started","","","TRUE","TRUE","Site QA","Floor Finishes","WING B2","B.10A ENSUITE","Subfloor, Floor Preparation, Adhesive","Floor transitions installed as per instructions from builder"
"89423347-168c-4d37-b5f0-185a91dc5220","","checkpoint-status","not-started","","","TRUE","TRUE","Site QA","Floor Finishes","WING B2","B.10A ENSUITE","Subfloor, Floor Preparation, Adhesive","Waterproof tested for falls, and water test completed by waterproofers"
"4f25467d-0e22-589d-9e0d-766defd7bb00","","checkpoint-status","not-started","","","TRUE","TRUE","Site QA","Floor Finishes","WING B2","B.10A ENSUITE","Subfloor, Floor Preparation, Adhesive","Correct adhesive used"
"0600150e-6a01-531e-99c7-7d290ef4569c","","checkpoint-group","not-started","","","FALSE","FALSE","Site QA","Floor Finishes","WING B2","B.10A ENSUITE","Carpet / Vinyl"
"afed0701-1db9-519b-a2ce-8c9c97dad713","","checkpoint-status","not-started","","","TRUE","TRUE","Site QA","Floor Finishes","WING B2","B.10A ENSUITE","Carpet / Vinyl","Confirm area of work is accessible & acceptable to commence (If not comment below)"
"a45f5876-9a7d-59b6-a69c-33fc57d0a9aa","","checkpoint-status","not-started","","","TRUE","TRUE","Site QA","Floor Finishes","WING B2","B.10A ENSUITE","Carpet / Vinyl","Vinyl installed as per plan"
"101fec69-0060-518d-8873-bc1842c765c7","","checkpoint-status","not-started","","","TRUE","TRUE","Site QA","Floor Finishes","WING B2","B.10A ENSUITE","Carpet / Vinyl","Carpet installed as per plan"
"30c69e95-47f1-5c1c-8eac-42bd222c2186","","checkpoint-status","not-started","","","TRUE","TRUE","Site QA","Floor Finishes","WING B2","B.10A ENSUITE","Carpet / Vinyl","Joints sealed with heat welded seams and mitres as per AS 1884-2012"
"7809222d-3360-56c6-a886-ce7bb7343ddd","","checkpoint-status","not-started","","","TRUE","TRUE","Site QA","Floor Finishes","WING B2","B.10A ENSUITE","Carpet / Vinyl","Vinyl skirt and coving used as per finishes markup - 150mm height"
"654fe95a-9da9-5cd4-9d11-573609807e43","","checkpoint-status","not-started","","","TRUE","TRUE","Site QA","Floor Finishes","WING B2","B.10A ENSUITE","Carpet / Vinyl","Installer Sign Off: Carpet / Vinyl installed as per manufacturer's instructions"
"0727f537-0271-5b21-8da7-91deddcf9098","","checkpoint-status","not-started","","","TRUE","TRUE","Site QA","Floor Finishes","WING B2","B.10A ENSUITE","Carpet / Vinyl","Add-Floors Sign Off"
"caba9972-efbd-5ee7-9831-ed74556b10e4","","checkpoint-status","not-started","","","TRUE","TRUE","Site QA","Floor Finishes","WING B2","B.10A ENSUITE","Carpet / Vinyl","Foreman installation sign off"
"e3020772-c518-5322-8470-4ad113203ac4","","checkpoint-group","not-started","","","FALSE","FALSE","Site QA","Floor Finishes","WING B2","B.10A ENSUITE","Wall Finish"
"d6e6a8d2-ec3b-5d23-bbe4-8ca34ef51a8c","","checkpoint-status","not-started","","","TRUE","TRUE","Site QA","Floor Finishes","WING B2","B.10A ENSUITE","Wall Finish","Wall Finish installed as per plan"
"b377b726-b6cd-5fbc-83b3-840e36d3c2c3","","checkpoint-group","not-started","","","FALSE","FALSE","Site QA","Floor Finishes","WING B2","B.10A ENSUITE","Protection and Handover"
"ae51cca7-cbc5-5123-ae66-7d831bec5bf9","","checkpoint-status","not-started","","","TRUE","TRUE","Site QA","Floor Finishes","WING B2","B.10A ENSUITE","Protection and Handover","Installation complete, checked and reviewed - as per specification"
"f566dcae-393c-531e-9ff3-eda9d6e54568","","checkpoint-status","not-started","","","TRUE","TRUE","Site QA","Floor Finishes","WING B2","B.10A ENSUITE","Protection and Handover","Floor protected with bubbleweave floor protection or polyweave"
"6852ce34-3c9f-55de-b0b2-87084c1254f6","","checkpoint-status","not-started","","","TRUE","TRUE","Site QA","Floor Finishes","WING B2","B.10A ENSUITE","Protection and Handover","Installer Sign Off: Protection installed as per manufacturer's instructions"
"8162e094-3fa5-4cb7-a99d-79787e9e7d55","","checklist-sectioned","not-started","5a8a68d1221a9e608c282940756e19ac2c3c1dd54ffd7888cef6f74664a05c9a","checklist","FALSE","FALSE","Site QA","Floor Finishes","WING B2","B.11 BED"
"f57af6b2-4a9e-5df4-8839-027eb68fd30a","","checkpoint-group","not-started","","","FALSE","FALSE","Site QA","Floor Finishes","WING B2","B.11 BED","Subfloor, Floor Preparation, Adhesive"
"125221ee-23af-58fe-b8b5-0d8b2d441958","","checkpoint-status","not-started","","","TRUE","TRUE","Site QA","Floor Finishes","WING B2","B.11 BED","Subfloor, Floor Preparation, Adhesive","Confirm area of work is accessible & acceptable to commence (If not comment below)"
"967226c0-bae3-5d28-9a6f-f54ea74ea66e","","checkpoint-status","not-started","","","TRUE","TRUE","Site QA","Floor Finishes","WING B2","B.11 BED","Subfloor, Floor Preparation, Adhesive","Subfloor mechanically diamond ground"
"a52f0a86-94b0-407a-951e-22025d9d0208","","checkpoint-status","not-started","","","TRUE","TRUE","Site QA","Floor Finishes","WING B2","B.11 BED","Subfloor, Floor Preparation, Adhesive","Floor preparation product installed in accordance with manufacturer's instructions"
"f1ec52f0-34de-5f37-8a91-d57a1647c816","","checkpoint-status","not-started","","","TRUE","TRUE","Site QA","Floor Finishes","WING B2","B.11 BED","Subfloor, Floor Preparation, Adhesive","Floor transitions installed as per instructions from builder"
"3cc5f0c5-3376-4eb2-9d6d-ac9a9d26f370","","checkpoint-status","not-started","","","TRUE","TRUE","Site QA","Floor Finishes","WING B2","B.11 BED","Subfloor, Floor Preparation, Adhesive","Waterproof tested for falls, and water test completed by waterproofers"
"14ebf6b2-f219-50fe-a822-cce59dbad938","","checkpoint-status","not-started","","","TRUE","TRUE","Site QA","Floor Finishes","WING B2","B.11 BED","Subfloor, Floor Preparation, Adhesive","Correct adhesive used"
"67e6aa2d-5e4c-5792-b631-74a7076a659b","","checkpoint-group","not-started","","","FALSE","FALSE","Site QA","Floor Finishes","WING B2","B.11 BED","Carpet / Vinyl"
"da972fa6-1b15-518c-971a-c1dc2a67fdca","","checkpoint-status","not-started","","","TRUE","TRUE","Site QA","Floor Finishes","WING B2","B.11 BED","Carpet / Vinyl","Confirm area of work is accessible & acceptable to commence (If not comment below)"
"3886f387-7ca9-5fa3-bca9-59b18d302889","","checkpoint-status","not-started","","","TRUE","TRUE","Site QA","Floor Finishes","WING B2","B.11 BED","Carpet / Vinyl","Vinyl installed as per plan"
"bdbb9aad-4859-51e4-a51f-bc240d4e0d48","","checkpoint-status","not-started","","","TRUE","TRUE","Site QA","Floor Finishes","WING B2","B.11 BED","Carpet / Vinyl","Carpet installed as per plan"
"35cd25b0-a438-58e0-98c7-fa1567c1e70d","","checkpoint-status","not-started","","","TRUE","TRUE","Site QA","Floor Finishes","WING B2","B.11 BED","Carpet / Vinyl","Joints sealed with heat welded seams and mitres as per AS 1884-2012"
"65ee6347-86b2-5d6b-8b65-7df511a31dbe","","checkpoint-status","not-started","","","TRUE","TRUE","Site QA","Floor Finishes","WING B2","B.11 BED","Carpet / Vinyl","Vinyl skirt and coving used as per finishes markup - 150mm height"
"575c4fb3-f149-5e7c-820a-cbf1185cb47f","","checkpoint-status","not-started","","","TRUE","TRUE","Site QA","Floor Finishes","WING B2","B.11 BED","Carpet / Vinyl","Installer Sign Off: Carpet / Vinyl installed as per manufacturer's instructions"
"ec76a0fe-a909-521a-b6fc-3b6dc60057e3","","checkpoint-status","not-started","","","TRUE","TRUE","Site QA","Floor Finishes","WING B2","B.11 BED","Carpet / Vinyl","Add-Floors Sign Off"
"4b49cd4f-54e4-5fa9-abe5-d8a2ce6714cb","","checkpoint-status","not-started","","","TRUE","TRUE","Site QA","Floor Finishes","WING B2","B.11 BED","Carpet / Vinyl","Foreman installation sign off"
"0c397905-8846-54f6-97f2-0b5438987d0d","","checkpoint-group","not-started","","","FALSE","FALSE","Site QA","Floor Finishes","WING B2","B.11 BED","Wall Finish"
"86877819-9b73-584f-95f9-acecf7512134","","checkpoint-status","not-started","","","TRUE","TRUE","Site QA","Floor Finishes","WING B2","B.11 BED","Wall Finish","Wall Finish installed as per plan"
"1696fdd8-ff5b-5b22-bc8f-d368046955ba","","checkpoint-group","not-started","","","FALSE","FALSE","Site QA","Floor Finishes","WING B2","B.11 BED","Protection and Handover"
"14e4c3ce-b884-5766-93dd-e91c10ab257a","","checkpoint-status","not-started","","","TRUE","TRUE","Site QA","Floor Finishes","WING B2","B.11 BED","Protection and Handover","Installation complete, checked and reviewed - as per specification"
"50f9594e-3480-5604-a0fd-33952deeb8f9","","checkpoint-status","not-started","","","TRUE","TRUE","Site QA","Floor Finishes","WING B2","B.11 BED","Protection and Handover","Floor protected with bubbleweave floor protection or polyweave"
"357a6cca-5b90-50bb-9e18-7fe921aacac7","","checkpoint-status","not-started","","","TRUE","TRUE","Site QA","Floor Finishes","WING B2","B.11 BED","Protection and Handover","Installer Sign Off: Protection installed as per manufacturer's instructions"
"d8cbdad1-a797-4001-97b5-f292694a3019","","checklist-sectioned","not-started","5a8a68d1221a9e608c282940756e19ac2c3c1dd54ffd7888cef6f74664a05c9a","checklist","FALSE","FALSE","Site QA","Floor Finishes","WING B2","B.11A ENSUITE"
"0ed0ce5a-1913-5775-94f8-d648ac3b395f","","checkpoint-group","not-started","","","FALSE","FALSE","Site QA","Floor Finishes","WING B2","B.11A ENSUITE","Subfloor, Floor Preparation, Adhesive"
"b115835b-a18c-5e1e-a11e-050e5db842d6","","checkpoint-status","not-started","","","TRUE","TRUE","Site QA","Floor Finishes","WING B2","B.11A ENSUITE","Subfloor, Floor Preparation, Adhesive","Confirm area of work is accessible & acceptable to commence (If not comment below)"
"3dfbfcd1-cab3-5cad-b986-0d0256e1612e","","checkpoint-status","not-started","","","TRUE","TRUE","Site QA","Floor Finishes","WING B2","B.11A ENSUITE","Subfloor, Floor Preparation, Adhesive","Subfloor mechanically diamond ground"
"ac9189df-f656-4f86-9e26-04d03aac43cd","","checkpoint-status","not-started","","","TRUE","TRUE","Site QA","Floor Finishes","WING B2","B.11A ENSUITE","Subfloor, Floor Preparation, Adhesive","Floor preparation product installed in accordance with manufacturer's instructions"
"b077cd2b-f0f3-542a-a1f3-1cdc281c6916","","checkpoint-status","not-started","","","TRUE","TRUE","Site QA","Floor Finishes","WING B2","B.11A ENSUITE","Subfloor, Floor Preparation, Adhesive","Floor transitions installed as per instructions from builder"
"48a1e37e-eb4a-42ba-a13e-243edb973b37","","checkpoint-status","not-started","","","TRUE","TRUE","Site QA","Floor Finishes","WING B2","B.11A ENSUITE","Subfloor, Floor Preparation, Adhesive","Waterproof tested for falls, and water test completed by waterproofers"
"fb6028aa-d9bc-5b47-b372-e0d694bd3f1b","","checkpoint-status","not-started","","","TRUE","TRUE","Site QA","Floor Finishes","WING B2","B.11A ENSUITE","Subfloor, Floor Preparation, Adhesive","Correct adhesive used"
"24ee4ae0-57dc-5489-9b8a-1b53a3da5017","","checkpoint-group","not-started","","","FALSE","FALSE","Site QA","Floor Finishes","WING B2","B.11A ENSUITE","Carpet / Vinyl"
"e6269799-2843-524b-9e93-09f480d70f10","","checkpoint-status","not-started","","","TRUE","TRUE","Site QA","Floor Finishes","WING B2","B.11A ENSUITE","Carpet / Vinyl","Confirm area of work is accessible & acceptable to commence (If not comment below)"
"6cea4040-8891-5b16-8fdf-022fc6b4a8b8","","checkpoint-status","not-started","","","TRUE","TRUE","Site QA","Floor Finishes","WING B2","B.11A ENSUITE","Carpet / Vinyl","Vinyl installed as per plan"
"b88a6cfb-1888-522e-acd0-497a081c8f70","","checkpoint-status","not-started","","","TRUE","TRUE","Site QA","Floor Finishes","WING B2","B.11A ENSUITE","Carpet / Vinyl","Carpet installed as per plan"
"66ec4799-3f72-5e65-a64d-053208e0dd13","","checkpoint-status","not-started","","","TRUE","TRUE","Site QA","Floor Finishes","WING B2","B.11A ENSUITE","Carpet / Vinyl","Joints sealed with heat welded seams and mitres as per AS 1884-2012"
"b9e31a56-a1a4-5f93-b29c-a7567cc6068d","","checkpoint-status","not-started","","","TRUE","TRUE","Site QA","Floor Finishes","WING B2","B.11A ENSUITE","Carpet / Vinyl","Vinyl skirt and coving used as per finishes markup - 150mm height"
"f9a527eb-f7ea-5d13-8402-0ac9d4124496","","checkpoint-status","not-started","","","TRUE","TRUE","Site QA","Floor Finishes","WING B2","B.11A ENSUITE","Carpet / Vinyl","Installer Sign Off: Carpet / Vinyl installed as per manufacturer's instructions"
"7434c306-0044-503a-a5c2-13bbce157f38","","checkpoint-status","not-started","","","TRUE","TRUE","Site QA","Floor Finishes","WING B2","B.11A ENSUITE","Carpet / Vinyl","Add-Floors Sign Off"
"c926a9f3-de87-5a63-af86-8c1173c5aef4","","checkpoint-status","not-started","","","TRUE","TRUE","Site QA","Floor Finishes","WING B2","B.11A ENSUITE","Carpet / Vinyl","Foreman installation sign off"
"d1e3559b-9e09-5402-b75d-a13c41c3a569","","checkpoint-group","not-started","","","FALSE","FALSE","Site QA","Floor Finishes","WING B2","B.11A ENSUITE","Wall Finish"
"3ca71e0d-0009-5428-b2c5-8d7062f3f1b8","","checkpoint-status","not-started","","","TRUE","TRUE","Site QA","Floor Finishes","WING B2","B.11A ENSUITE","Wall Finish","Wall Finish installed as per plan"
"67e100ee-a16b-5d6d-b159-e244bb201ca5","","checkpoint-group","not-started","","","FALSE","FALSE","Site QA","Floor Finishes","WING B2","B.11A ENSUITE","Protection and Handover"
"ab4696f7-0ccb-51b9-90b5-76227bd7714b","","checkpoint-status","not-started","","","TRUE","TRUE","Site QA","Floor Finishes","WING B2","B.11A ENSUITE","Protection and Handover","Installation complete, checked and reviewed - as per specification"
"280643ae-2289-5be4-8d64-e92c3aaab14c","","checkpoint-status","not-started","","","TRUE","TRUE","Site QA","Floor Finishes","WING B2","B.11A ENSUITE","Protection and Handover","Floor protected with bubbleweave floor protection or polyweave"
"9b205945-96a7-5d47-8383-10ee64c987bb","","checkpoint-status","not-started","","","TRUE","TRUE","Site QA","Floor Finishes","WING B2","B.11A ENSUITE","Protection and Handover","Installer Sign Off: Protection installed as per manufacturer's instructions"
"ee818f92-fa64-4f0d-9e2c-08b8f4716b67","","checklist-sectioned","not-started","5a8a68d1221a9e608c282940756e19ac2c3c1dd54ffd7888cef6f74664a05c9a","checklist","FALSE","FALSE","Site QA","Floor Finishes","WING B2","B.12 CORRIDOR"
"8d98c98c-4702-59b4-977a-0d379c214c45","","checkpoint-group","not-started","","","FALSE","FALSE","Site QA","Floor Finishes","WING B2","B.12 CORRIDOR","Subfloor, Floor Preparation, Adhesive"
"c628ec1e-b222-5a8d-a702-68135da25c3f","","checkpoint-status","not-started","","","TRUE","TRUE","Site QA","Floor Finishes","WING B2","B.12 CORRIDOR","Subfloor, Floor Preparation, Adhesive","Confirm area of work is accessible & acceptable to commence (If not comment below)"
"437e2d81-a79e-5624-a8a0-8244e33760b6","","checkpoint-status","not-started","","","TRUE","TRUE","Site QA","Floor Finishes","WING B2","B.12 CORRIDOR","Subfloor, Floor Preparation, Adhesive","Subfloor mechanically diamond ground"
"d77ab7af-048d-4906-a615-975fda2b99b9","","checkpoint-status","not-started","","","TRUE","TRUE","Site QA","Floor Finishes","WING B2","B.12 CORRIDOR","Subfloor, Floor Preparation, Adhesive","Floor preparation product installed in accordance with manufacturer's instructions"
"a3545884-968d-5feb-b17f-c38c1a1a1864","","checkpoint-status","not-started","","","TRUE","TRUE","Site QA","Floor Finishes","WING B2","B.12 CORRIDOR","Subfloor, Floor Preparation, Adhesive","Floor transitions installed as per instructions from builder"
"d99203f1-fa77-47f2-98e4-980debfa1fda","","checkpoint-status","not-started","","","TRUE","TRUE","Site QA","Floor Finishes","WING B2","B.12 CORRIDOR","Subfloor, Floor Preparation, Adhesive","Waterproof tested for falls, and water test completed by waterproofers"
"3b3a76a5-616c-5207-80dc-d92c7d231a87","","checkpoint-status","not-started","","","TRUE","TRUE","Site QA","Floor Finishes","WING B2","B.12 CORRIDOR","Subfloor, Floor Preparation, Adhesive","Correct adhesive used"
"f6b76b9f-2577-5963-9b48-996c57e61199","","checkpoint-group","not-started","","","FALSE","FALSE","Site QA","Floor Finishes","WING B2","B.12 CORRIDOR","Carpet / Vinyl"
"4eccb093-37ae-5f41-8536-fff25c16e986","","checkpoint-status","not-started","","","TRUE","TRUE","Site QA","Floor Finishes","WING B2","B.12 CORRIDOR","Carpet / Vinyl","Confirm area of work is accessible & acceptable to commence (If not comment below)"
"d1ce2954-94d7-5b8f-b982-edddd97d6877","","checkpoint-status","not-started","","","TRUE","TRUE","Site QA","Floor Finishes","WING B2","B.12 CORRIDOR","Carpet / Vinyl","Vinyl installed as per plan"
"bd4bce1d-a410-54f7-b94c-6e261e16149c","","checkpoint-status","not-started","","","TRUE","TRUE","Site QA","Floor Finishes","WING B2","B.12 CORRIDOR","Carpet / Vinyl","Carpet installed as per plan"
"a7ff81eb-faff-5b6a-b3f6-ffed344ef5f2","","checkpoint-status","not-started","","","TRUE","TRUE","Site QA","Floor Finishes","WING B2","B.12 CORRIDOR","Carpet / Vinyl","Joints sealed with heat welded seams and mitres as per AS 1884-2012"
"d89a5519-fb27-5546-964b-b33365c93123","","checkpoint-status","not-started","","","TRUE","TRUE","Site QA","Floor Finishes","WING B2","B.12 CORRIDOR","Carpet / Vinyl","Vinyl skirt and coving used as per finishes markup - 150mm height"
"cafbb7a0-9c3a-5e69-ace2-68b07cfa89e2","","checkpoint-status","not-started","","","TRUE","TRUE","Site QA","Floor Finishes","WING B2","B.12 CORRIDOR","Carpet / Vinyl","Installer Sign Off: Carpet / Vinyl installed as per manufacturer's instructions"
"27aef76a-e9d2-5468-8d29-ee23dc7f23c1","","checkpoint-status","not-started","","","TRUE","TRUE","Site QA","Floor Finishes","WING B2","B.12 CORRIDOR","Carpet / Vinyl","Add-Floors Sign Off"
"48918e99-fd15-5140-88aa-1c68f004ffb8","","checkpoint-status","not-started","","","TRUE","TRUE","Site QA","Floor Finishes","WING B2","B.12 CORRIDOR","Carpet / Vinyl","Foreman installation sign off"
"e40cdfae-1bf6-5f37-8e57-8a99676aefa2","","checkpoint-group","not-started","","","FALSE","FALSE","Site QA","Floor Finishes","WING B2","B.12 CORRIDOR","Wall Finish"
"f98fac65-a9af-5848-8f0a-68e2b8307cbc","","checkpoint-status","not-started","","","TRUE","TRUE","Site QA","Floor Finishes","WING B2","B.12 CORRIDOR","Wall Finish","Wall Finish installed as per plan"
"0cec5166-0e0b-5555-8de1-6f7b4b67ff83","","checkpoint-group","not-started","","","FALSE","FALSE","Site QA","Floor Finishes","WING B2","B.12 CORRIDOR","Protection and Handover"
"87e3738a-df27-53c9-ada4-1176a4b8c256","","checkpoint-status","not-started","","","TRUE","TRUE","Site QA","Floor Finishes","WING B2","B.12 CORRIDOR","Protection and Handover","Installation complete, checked and reviewed - as per specification"
"506efc7d-719c-5b22-9f78-79386ccd2062","","checkpoint-status","not-started","","","TRUE","TRUE","Site QA","Floor Finishes","WING B2","B.12 CORRIDOR","Protection and Handover","Floor protected with bubbleweave floor protection or polyweave"
"2c59ee6c-cf65-59c5-bea0-7d1ece878480","","checkpoint-status","not-started","","","TRUE","TRUE","Site QA","Floor Finishes","WING B2","B.12 CORRIDOR","Protection and Handover","Installer Sign Off: Protection installed as per manufacturer's instructions"
"59a25147-5f2a-4aa0-8f5c-6732be7bfed8","","checklist-sectioned","not-started","5a8a68d1221a9e608c282940756e19ac2c3c1dd54ffd7888cef6f74664a05c9a","checklist","FALSE","FALSE","Site QA","Floor Finishes","WING B2","B.13 BED"
"f1528c68-d69a-58df-8fb7-356320072190","","checkpoint-group","not-started","","","FALSE","FALSE","Site QA","Floor Finishes","WING B2","B.13 BED","Subfloor, Floor Preparation, Adhesive"
"7432e702-8f9f-5435-ac05-20488208a087","","checkpoint-status","not-started","","","TRUE","TRUE","Site QA","Floor Finishes","WING B2","B.13 BED","Subfloor, Floor Preparation, Adhesive","Confirm area of work is accessible & acceptable to commence (If not comment below)"
"1c8ba9a7-0e8e-53ec-a04e-15671fe5b814","","checkpoint-status","not-started","","","TRUE","TRUE","Site QA","Floor Finishes","WING B2","B.13 BED","Subfloor, Floor Preparation, Adhesive","Subfloor mechanically diamond ground"
"585c0af5-9c09-4bef-9247-71696b906f85","","checkpoint-status","not-started","","","TRUE","TRUE","Site QA","Floor Finishes","WING B2","B.13 BED","Subfloor, Floor Preparation, Adhesive","Floor preparation product installed in accordance with manufacturer's instructions"
"44900c48-1bbf-5ab4-90ef-36ce7c27966d","","checkpoint-status","not-started","","","TRUE","TRUE","Site QA","Floor Finishes","WING B2","B.13 BED","Subfloor, Floor Preparation, Adhesive","Floor transitions installed as per instructions from builder"
"ddf04029-67cd-41d4-9d70-1d5daa802592","","checkpoint-status","not-started","","","TRUE","TRUE","Site QA","Floor Finishes","WING B2","B.13 BED","Subfloor, Floor Preparation, Adhesive","Waterproof tested for falls, and water test completed by waterproofers"
"51e1f7f4-c765-5711-b221-597c43c79044","","checkpoint-status","not-started","","","TRUE","TRUE","Site QA","Floor Finishes","WING B2","B.13 BED","Subfloor, Floor Preparation, Adhesive","Correct adhesive used"
"7fa246f7-a6a9-5d4e-99c3-efa599e87b60","","checkpoint-group","not-started","","","FALSE","FALSE","Site QA","Floor Finishes","WING B2","B.13 BED","Carpet / Vinyl"
"ac832a07-4fb0-5f38-9b4b-86e16969f41d","","checkpoint-status","not-started","","","TRUE","TRUE","Site QA","Floor Finishes","WING B2","B.13 BED","Carpet / Vinyl","Confirm area of work is accessible & acceptable to commence (If not comment below)"
"10f77e4a-4a87-52c7-b012-d671bd67617b","","checkpoint-status","not-started","","","TRUE","TRUE","Site QA","Floor Finishes","WING B2","B.13 BED","Carpet / Vinyl","Vinyl installed as per plan"
"74740f2c-a831-580d-b868-b9a901ed17d5","","checkpoint-status","not-started","","","TRUE","TRUE","Site QA","Floor Finishes","WING B2","B.13 BED","Carpet / Vinyl","Carpet installed as per plan"
"4dddd9b4-7835-524d-9aff-b36ac046a26e","","checkpoint-status","not-started","","","TRUE","TRUE","Site QA","Floor Finishes","WING B2","B.13 BED","Carpet / Vinyl","Joints sealed with heat welded seams and mitres as per AS 1884-2012"
"fe2dc59d-62c3-53f4-95a4-e69946fa80eb","","checkpoint-status","not-started","","","TRUE","TRUE","Site QA","Floor Finishes","WING B2","B.13 BED","Carpet / Vinyl","Vinyl skirt and coving used as per finishes markup - 150mm height"
"ddf5186c-c61c-5210-8115-e0be4ef23e39","","checkpoint-status","not-started","","","TRUE","TRUE","Site QA","Floor Finishes","WING B2","B.13 BED","Carpet / Vinyl","Installer Sign Off: Carpet / Vinyl installed as per manufacturer's instructions"
"42e1ded4-6c37-57e3-83c1-e02a5219d5f1","","checkpoint-status","not-started","","","TRUE","TRUE","Site QA","Floor Finishes","WING B2","B.13 BED","Carpet / Vinyl","Add-Floors Sign Off"
"8670216d-ba34-52e6-87d3-0a02a838d8eb","","checkpoint-status","not-started","","","TRUE","TRUE","Site QA","Floor Finishes","WING B2","B.13 BED","Carpet / Vinyl","Foreman installation sign off"
"839f7835-eb9a-5eab-b9ae-5c9da85b955e","","checkpoint-group","not-started","","","FALSE","FALSE","Site QA","Floor Finishes","WING B2","B.13 BED","Wall Finish"
"102faec4-742a-55d3-834e-59992b5d35ab","","checkpoint-status","not-started","","","TRUE","TRUE","Site QA","Floor Finishes","WING B2","B.13 BED","Wall Finish","Wall Finish installed as per plan"
"c4f40d03-0e7d-509e-9907-0b4ce79828b5","","checkpoint-group","not-started","","","FALSE","FALSE","Site QA","Floor Finishes","WING B2","B.13 BED","Protection and Handover"
"c7fbb7f7-6ac7-5708-a95a-bd8b49598736","","checkpoint-status","not-started","","","TRUE","TRUE","Site QA","Floor Finishes","WING B2","B.13 BED","Protection and Handover","Installation complete, checked and reviewed - as per specification"
"d0c4992f-52b2-5dae-8861-a20237f090e2","","checkpoint-status","not-started","","","TRUE","TRUE","Site QA","Floor Finishes","WING B2","B.13 BED","Protection and Handover","Floor protected with bubbleweave floor protection or polyweave"
"6d7820b3-8ad7-573a-b82b-a85b34c25d19","","checkpoint-status","not-started","","","TRUE","TRUE","Site QA","Floor Finishes","WING B2","B.13 BED","Protection and Handover","Installer Sign Off: Protection installed as per manufacturer's instructions"
"b482752d-6a3e-4387-82de-feb153cf056d","","checklist-sectioned","not-started","5a8a68d1221a9e608c282940756e19ac2c3c1dd54ffd7888cef6f74664a05c9a","checklist","FALSE","FALSE","Site QA","Floor Finishes","WING B2","B.13A ENSUITE"
"1d45d576-48f3-5c42-870f-6a0585b60d87","","checkpoint-group","not-started","","","FALSE","FALSE","Site QA","Floor Finishes","WING B2","B.13A ENSUITE","Subfloor, Floor Preparation, Adhesive"
"a8cf81cf-ffce-5458-aab6-ad600db4fe0e","","checkpoint-status","not-started","","","TRUE","TRUE","Site QA","Floor Finishes","WING B2","B.13A ENSUITE","Subfloor, Floor Preparation, Adhesive","Confirm area of work is accessible & acceptable to commence (If not comment below)"
"5cbe724a-201f-5f8d-99ef-827d5832c64b","","checkpoint-status","not-started","","","TRUE","TRUE","Site QA","Floor Finishes","WING B2","B.13A ENSUITE","Subfloor, Floor Preparation, Adhesive","Subfloor mechanically diamond ground"
"315991c3-7409-463b-aa94-0dc5fe80bd7a","","checkpoint-status","not-started","","","TRUE","TRUE","Site QA","Floor Finishes","WING B2","B.13A ENSUITE","Subfloor, Floor Preparation, Adhesive","Floor preparation product installed in accordance with manufacturer's instructions"
"e2b85c0a-2ad7-5794-b670-ae70a77679a8","","checkpoint-status","not-started","","","TRUE","TRUE","Site QA","Floor Finishes","WING B2","B.13A ENSUITE","Subfloor, Floor Preparation, Adhesive","Floor transitions installed as per instructions from builder"
"347f33e6-88f9-4df5-a878-dd35f65b1a8a","","checkpoint-status","not-started","","","TRUE","TRUE","Site QA","Floor Finishes","WING B2","B.13A ENSUITE","Subfloor, Floor Preparation, Adhesive","Waterproof tested for falls, and water test completed by waterproofers"
"f9b4d971-926e-57a2-9d93-6e92b6a8c94e","","checkpoint-status","not-started","","","TRUE","TRUE","Site QA","Floor Finishes","WING B2","B.13A ENSUITE","Subfloor, Floor Preparation, Adhesive","Correct adhesive used"
"d8cbd454-513e-5fa5-97db-e4ec96e4b9a5","","checkpoint-group","not-started","","","FALSE","FALSE","Site QA","Floor Finishes","WING B2","B.13A ENSUITE","Carpet / Vinyl"
"fcece5c7-7320-5891-913f-6b72a91fcc0d","","checkpoint-status","not-started","","","TRUE","TRUE","Site QA","Floor Finishes","WING B2","B.13A ENSUITE","Carpet / Vinyl","Confirm area of work is accessible & acceptable to commence (If not comment below)"
"b63e4484-5621-51e8-a221-f9a4a1c68582","","checkpoint-status","not-started","","","TRUE","TRUE","Site QA","Floor Finishes","WING B2","B.13A ENSUITE","Carpet / Vinyl","Vinyl installed as per plan"
"9d92ca4b-1d97-509a-8120-ace9f1e22aa5","","checkpoint-status","not-started","","","TRUE","TRUE","Site QA","Floor Finishes","WING B2","B.13A ENSUITE","Carpet / Vinyl","Carpet installed as per plan"
"f5bc6c0a-d2ed-5427-be04-62e48ff0eb2d","","checkpoint-status","not-started","","","TRUE","TRUE","Site QA","Floor Finishes","WING B2","B.13A ENSUITE","Carpet / Vinyl","Joints sealed with heat welded seams and mitres as per AS 1884-2012"
"006dedb8-5027-50e2-b8a3-a85701deb386","","checkpoint-status","not-started","","","TRUE","TRUE","Site QA","Floor Finishes","WING B2","B.13A ENSUITE","Carpet / Vinyl","Vinyl skirt and coving used as per finishes markup - 150mm height"
"5a10c4ae-378a-5b69-81a3-05cb629e1bb8","","checkpoint-status","not-started","","","TRUE","TRUE","Site QA","Floor Finishes","WING B2","B.13A ENSUITE","Carpet / Vinyl","Installer Sign Off: Carpet / Vinyl installed as per manufacturer's instructions"
"f967d198-b2d4-5664-bf48-4a09e0b9d162","","checkpoint-status","not-started","","","TRUE","TRUE","Site QA","Floor Finishes","WING B2","B.13A ENSUITE","Carpet / Vinyl","Add-Floors Sign Off"
"1fe19781-fd97-5b66-a336-71cc727e306d","","checkpoint-status","not-started","","","TRUE","TRUE","Site QA","Floor Finishes","WING B2","B.13A ENSUITE","Carpet / Vinyl","Foreman installation sign off"
"cf36fe35-a8a0-5dce-b1aa-dd7f50f391b1","","checkpoint-group","not-started","","","FALSE","FALSE","Site QA","Floor Finishes","WING B2","B.13A ENSUITE","Wall Finish"
"e133b434-aff6-5bd6-9049-3f4d4b80613d","","checkpoint-status","not-started","","","TRUE","TRUE","Site QA","Floor Finishes","WING B2","B.13A ENSUITE","Wall Finish","Wall Finish installed as per plan"
"1e7f8fe4-f323-5b64-bb7e-09b3f535463c","","checkpoint-group","not-started","","","FALSE","FALSE","Site QA","Floor Finishes","WING B2","B.13A ENSUITE","Protection and Handover"
"19773cb4-d47c-5d09-85bd-a5438302cbe7","","checkpoint-status","not-started","","","TRUE","TRUE","Site QA","Floor Finishes","WING B2","B.13A ENSUITE","Protection and Handover","Installation complete, checked and reviewed - as per specification"
"b3abd727-9909-5add-87f6-bca2906b9fac","","checkpoint-status","not-started","","","TRUE","TRUE","Site QA","Floor Finishes","WING B2","B.13A ENSUITE","Protection and Handover","Floor protected with bubbleweave floor protection or polyweave"
"76f486ac-0d25-5a86-8547-0ec3b8962a24","","checkpoint-status","not-started","","","TRUE","TRUE","Site QA","Floor Finishes","WING B2","B.13A ENSUITE","Protection and Handover","Installer Sign Off: Protection installed as per manufacturer's instructions"
"51673d04-3c4d-4597-964f-68a5ef97cbe9","","checklist-sectioned","not-started","5a8a68d1221a9e608c282940756e19ac2c3c1dd54ffd7888cef6f74664a05c9a","checklist","FALSE","FALSE","Site QA","Floor Finishes","WING B2","B.14 BED"
"520d9b35-6046-57da-8a7e-7a0ea70bd968","","checkpoint-group","not-started","","","FALSE","FALSE","Site QA","Floor Finishes","WING B2","B.14 BED","Subfloor, Floor Preparation, Adhesive"
"8cbf6c9d-d1c9-5fba-80c8-431e647ba094","","checkpoint-status","not-started","","","TRUE","TRUE","Site QA","Floor Finishes","WING B2","B.14 BED","Subfloor, Floor Preparation, Adhesive","Confirm area of work is accessible & acceptable to commence (If not comment below)"
"5020b994-3bcb-5766-80e7-3cecaa0173cc","","checkpoint-status","not-started","","","TRUE","TRUE","Site QA","Floor Finishes","WING B2","B.14 BED","Subfloor, Floor Preparation, Adhesive","Subfloor mechanically diamond ground"
"ea007889-ac3e-4d57-8b4c-2d6032fac91d","","checkpoint-status","not-started","","","TRUE","TRUE","Site QA","Floor Finishes","WING B2","B.14 BED","Subfloor, Floor Preparation, Adhesive","Floor preparation product installed in accordance with manufacturer's instructions"
"a9324eb5-5983-5b33-baad-9679cd12f2f2","","checkpoint-status","not-started","","","TRUE","TRUE","Site QA","Floor Finishes","WING B2","B.14 BED","Subfloor, Floor Preparation, Adhesive","Floor transitions installed as per instructions from builder"
"e0980fe3-c120-4bb8-bd1a-e7a765d7c843","","checkpoint-status","not-started","","","TRUE","TRUE","Site QA","Floor Finishes","WING B2","B.14 BED","Subfloor, Floor Preparation, Adhesive","Waterproof tested for falls, and water test completed by waterproofers"
"2af3416e-c55e-5b2e-a001-2d99a3d258c1","","checkpoint-status","not-started","","","TRUE","TRUE","Site QA","Floor Finishes","WING B2","B.14 BED","Subfloor, Floor Preparation, Adhesive","Correct adhesive used"
"683e31fd-7fdb-54cc-be88-a9daaf3b0451","","checkpoint-group","not-started","","","FALSE","FALSE","Site QA","Floor Finishes","WING B2","B.14 BED","Carpet / Vinyl"
"0c0664a7-e0c1-53a8-90d8-858d73f62d2a","","checkpoint-status","not-started","","","TRUE","TRUE","Site QA","Floor Finishes","WING B2","B.14 BED","Carpet / Vinyl","Confirm area of work is accessible & acceptable to commence (If not comment below)"
"33f3e2d8-a26f-53e2-8fc9-fcf35c555b91","","checkpoint-status","not-started","","","TRUE","TRUE","Site QA","Floor Finishes","WING B2","B.14 BED","Carpet / Vinyl","Vinyl installed as per plan"
"4d551582-f8a6-5a7e-9268-a3c6e27589c4","","checkpoint-status","not-started","","","TRUE","TRUE","Site QA","Floor Finishes","WING B2","B.14 BED","Carpet / Vinyl","Carpet installed as per plan"
"188b558b-53b4-5f95-b1f7-af1643622408","","checkpoint-status","not-started","","","TRUE","TRUE","Site QA","Floor Finishes","WING B2","B.14 BED","Carpet / Vinyl","Joints sealed with heat welded seams and mitres as per AS 1884-2012"
"b434fef0-df42-568b-83d8-fb18b020a81a","","checkpoint-status","not-started","","","TRUE","TRUE","Site QA","Floor Finishes","WING B2","B.14 BED","Carpet / Vinyl","Vinyl skirt and coving used as per finishes markup - 150mm height"
"74c03363-2b24-54e9-afb9-9a0f1219bb31","","checkpoint-status","not-started","","","TRUE","TRUE","Site QA","Floor Finishes","WING B2","B.14 BED","Carpet / Vinyl","Installer Sign Off: Carpet / Vinyl installed as per manufacturer's instructions"
"1220f2e2-4c68-5f68-bd62-4bbae993ff94","","checkpoint-status","not-started","","","TRUE","TRUE","Site QA","Floor Finishes","WING B2","B.14 BED","Carpet / Vinyl","Add-Floors Sign Off"
"e9d4a3de-9e90-5ff0-8212-88eaa806c63e","","checkpoint-status","not-started","","","TRUE","TRUE","Site QA","Floor Finishes","WING B2","B.14 BED","Carpet / Vinyl","Foreman installation sign off"
"515e7d3b-58ad-518a-a0fb-25c867663c11","","checkpoint-group","not-started","","","FALSE","FALSE","Site QA","Floor Finishes","WING B2","B.14 BED","Wall Finish"
"f655bbbc-44f1-52a8-b012-8ae6814f636c","","checkpoint-status","not-started","","","TRUE","TRUE","Site QA","Floor Finishes","WING B2","B.14 BED","Wall Finish","Wall Finish installed as per plan"
"3386d08d-4c6e-5a3f-8100-ef468f68cd81","","checkpoint-group","not-started","","","FALSE","FALSE","Site QA","Floor Finishes","WING B2","B.14 BED","Protection and Handover"
"14bbf5a5-402b-56fe-9f2e-9260dabceb6a","","checkpoint-status","not-started","","","TRUE","TRUE","Site QA","Floor Finishes","WING B2","B.14 BED","Protection and Handover","Installation complete, checked and reviewed - as per specification"
"2f106f18-a0ac-5e1a-a580-f150ad147188","","checkpoint-status","not-started","","","TRUE","TRUE","Site QA","Floor Finishes","WING B2","B.14 BED","Protection and Handover","Floor protected with bubbleweave floor protection or polyweave"
"fe74557d-9fa9-5bc5-aadc-c7da4465df6a","","checkpoint-status","not-started","","","TRUE","TRUE","Site QA","Floor Finishes","WING B2","B.14 BED","Protection and Handover","Installer Sign Off: Protection installed as per manufacturer's instructions"
"85ed6da5-592b-4f4e-8bca-ec0590615db0","","checklist-sectioned","not-started","5a8a68d1221a9e608c282940756e19ac2c3c1dd54ffd7888cef6f74664a05c9a","checklist","FALSE","FALSE","Site QA","Floor Finishes","WING B2","B.14A ENSUITE"
"bd59773b-68e2-5358-8926-9315ade2bc17","","checkpoint-group","not-started","","","FALSE","FALSE","Site QA","Floor Finishes","WING B2","B.14A ENSUITE","Subfloor, Floor Preparation, Adhesive"
"280e1288-f565-50dc-a8a3-7fbbe43e804c","","checkpoint-status","not-started","","","TRUE","TRUE","Site QA","Floor Finishes","WING B2","B.14A ENSUITE","Subfloor, Floor Preparation, Adhesive","Confirm area of work is accessible & acceptable to commence (If not comment below)"
"a7ba85d0-9e44-558f-9639-307e0a5f6510","","checkpoint-status","not-started","","","TRUE","TRUE","Site QA","Floor Finishes","WING B2","B.14A ENSUITE","Subfloor, Floor Preparation, Adhesive","Subfloor mechanically diamond ground"
"0934601a-ed28-44b8-b0fa-e79f155e6f37","","checkpoint-status","not-started","","","TRUE","TRUE","Site QA","Floor Finishes","WING B2","B.14A ENSUITE","Subfloor, Floor Preparation, Adhesive","Floor preparation product installed in accordance with manufacturer's instructions"
"479af265-954c-58f4-a382-e614c612cb22","","checkpoint-status","not-started","","","TRUE","TRUE","Site QA","Floor Finishes","WING B2","B.14A ENSUITE","Subfloor, Floor Preparation, Adhesive","Floor transitions installed as per instructions from builder"
"4b9af547-3a87-4754-8079-85c5a3057741","","checkpoint-status","not-started","","","TRUE","TRUE","Site QA","Floor Finishes","WING B2","B.14A ENSUITE","Subfloor, Floor Preparation, Adhesive","Waterproof tested for falls, and water test completed by waterproofers"
"b87cee1d-f6a9-52f8-9844-c977e5881519","","checkpoint-status","not-started","","","TRUE","TRUE","Site QA","Floor Finishes","WING B2","B.14A ENSUITE","Subfloor, Floor Preparation, Adhesive","Correct adhesive used"
"9acdf9d7-854e-5162-9ff3-8837782e51c9","","checkpoint-group","not-started","","","FALSE","FALSE","Site QA","Floor Finishes","WING B2","B.14A ENSUITE","Carpet / Vinyl"
"6460f624-41ef-5e84-af9d-66e265c2bb33","","checkpoint-status","not-started","","","TRUE","TRUE","Site QA","Floor Finishes","WING B2","B.14A ENSUITE","Carpet / Vinyl","Confirm area of work is accessible & acceptable to commence (If not comment below)"
"f6d17d2e-9e12-55e2-b394-d784a7f2fb20","","checkpoint-status","not-started","","","TRUE","TRUE","Site QA","Floor Finishes","WING B2","B.14A ENSUITE","Carpet / Vinyl","Vinyl installed as per plan"
"a676a834-025a-55f4-a493-438d1d2c6302","","checkpoint-status","not-started","","","TRUE","TRUE","Site QA","Floor Finishes","WING B2","B.14A ENSUITE","Carpet / Vinyl","Carpet installed as per plan"
"c7113687-c3c7-56e9-ba18-29161abcf2a2","","checkpoint-status","not-started","","","TRUE","TRUE","Site QA","Floor Finishes","WING B2","B.14A ENSUITE","Carpet / Vinyl","Joints sealed with heat welded seams and mitres as per AS 1884-2012"
"8ff79677-49dd-5382-903a-8586eb1035e8","","checkpoint-status","not-started","","","TRUE","TRUE","Site QA","Floor Finishes","WING B2","B.14A ENSUITE","Carpet / Vinyl","Vinyl skirt and coving used as per finishes markup - 150mm height"
"de61f47f-e7fb-57fa-8a1f-d77bfa21224d","","checkpoint-status","not-started","","","TRUE","TRUE","Site QA","Floor Finishes","WING B2","B.14A ENSUITE","Carpet / Vinyl","Installer Sign Off: Carpet / Vinyl installed as per manufacturer's instructions"
"9c93db5b-dd3d-5a89-96ce-4025291af1d7","","checkpoint-status","not-started","","","TRUE","TRUE","Site QA","Floor Finishes","WING B2","B.14A ENSUITE","Carpet / Vinyl","Add-Floors Sign Off"
"d8917d62-839e-55ba-9f83-53aa5c081dac","","checkpoint-status","not-started","","","TRUE","TRUE","Site QA","Floor Finishes","WING B2","B.14A ENSUITE","Carpet / Vinyl","Foreman installation sign off"
"1f4b281d-9fd3-59c8-8ae2-6e0eac6501e9","","checkpoint-group","not-started","","","FALSE","FALSE","Site QA","Floor Finishes","WING B2","B.14A ENSUITE","Wall Finish"
"b29096f6-ab8c-5128-a41e-053e6e3ba9f0","","checkpoint-status","not-started","","","TRUE","TRUE","Site QA","Floor Finishes","WING B2","B.14A ENSUITE","Wall Finish","Wall Finish installed as per plan"
"0f9641b9-d70c-5716-a65b-b33f21c74a70","","checkpoint-group","not-started","","","FALSE","FALSE","Site QA","Floor Finishes","WING B2","B.14A ENSUITE","Protection and Handover"
"f3f24a8d-6ef7-5ab7-96a2-fad1214f9c76","","checkpoint-status","not-started","","","TRUE","TRUE","Site QA","Floor Finishes","WING B2","B.14A ENSUITE","Protection and Handover","Installation complete, checked and reviewed - as per specification"
"d9c2f064-3ff6-5113-8753-239009834425","","checkpoint-status","not-started","","","TRUE","TRUE","Site QA","Floor Finishes","WING B2","B.14A ENSUITE","Protection and Handover","Floor protected with bubbleweave floor protection or polyweave"
"28e7c86b-72b8-58a8-9c75-f28b6864bfe0","","checkpoint-status","not-started","","","TRUE","TRUE","Site QA","Floor Finishes","WING B2","B.14A ENSUITE","Protection and Handover","Installer Sign Off: Protection installed as per manufacturer's instructions"
"bbfa02ae-9102-4f9d-804d-46159d24a4d3","","checklist-sectioned","not-started","5a8a68d1221a9e608c282940756e19ac2c3c1dd54ffd7888cef6f74664a05c9a","checklist","FALSE","FALSE","Site QA","Floor Finishes","WING B2","B.15 BED"
"b70f9c44-e469-5747-bba8-d1448077954c","","checkpoint-group","not-started","","","FALSE","FALSE","Site QA","Floor Finishes","WING B2","B.15 BED","Subfloor, Floor Preparation, Adhesive"
"de4f00b3-c223-5327-8971-dc8d5fad7a1d","","checkpoint-status","not-started","","","TRUE","TRUE","Site QA","Floor Finishes","WING B2","B.15 BED","Subfloor, Floor Preparation, Adhesive","Confirm area of work is accessible & acceptable to commence (If not comment below)"
"082eb227-5038-5892-8baa-8428ca2f77d0","","checkpoint-status","not-started","","","TRUE","TRUE","Site QA","Floor Finishes","WING B2","B.15 BED","Subfloor, Floor Preparation, Adhesive","Subfloor mechanically diamond ground"
"d6a97bc5-2e3b-481a-9fec-83df7d5b5cd0","","checkpoint-status","not-started","","","TRUE","TRUE","Site QA","Floor Finishes","WING B2","B.15 BED","Subfloor, Floor Preparation, Adhesive","Floor preparation product installed in accordance with manufacturer's instructions"
"201d0560-46a2-5b41-b686-462f111555d6","","checkpoint-status","not-started","","","TRUE","TRUE","Site QA","Floor Finishes","WING B2","B.15 BED","Subfloor, Floor Preparation, Adhesive","Floor transitions installed as per instructions from builder"
"e22f3648-eb97-4735-80b2-aff133bf6830","","checkpoint-status","not-started","","","TRUE","TRUE","Site QA","Floor Finishes","WING B2","B.15 BED","Subfloor, Floor Preparation, Adhesive","Waterproof tested for falls, and water test completed by waterproofers"
"8bfe419a-81d4-5f51-9d69-bcd9df4123a7","","checkpoint-status","not-started","","","TRUE","TRUE","Site QA","Floor Finishes","WING B2","B.15 BED","Subfloor, Floor Preparation, Adhesive","Correct adhesive used"
"82f5f76a-1950-5654-85c6-cbfbe9314d64","","checkpoint-group","not-started","","","FALSE","FALSE","Site QA","Floor Finishes","WING B2","B.15 BED","Carpet / Vinyl"
"4d5ce6b1-b13d-544b-b920-aba1ae6a58b5","","checkpoint-status","not-started","","","TRUE","TRUE","Site QA","Floor Finishes","WING B2","B.15 BED","Carpet / Vinyl","Confirm area of work is accessible & acceptable to commence (If not comment below)"
"a572e04c-605f-5ce9-abd5-7165a93c01aa","","checkpoint-status","not-started","","","TRUE","TRUE","Site QA","Floor Finishes","WING B2","B.15 BED","Carpet / Vinyl","Vinyl installed as per plan"
"0dd9f694-d5b2-56d3-ad66-fa86f28e12f4","","checkpoint-status","not-started","","","TRUE","TRUE","Site QA","Floor Finishes","WING B2","B.15 BED","Carpet / Vinyl","Carpet installed as per plan"
"7bbac59f-0d51-5b02-be13-c5ce3c5a9de5","","checkpoint-status","not-started","","","TRUE","TRUE","Site QA","Floor Finishes","WING B2","B.15 BED","Carpet / Vinyl","Joints sealed with heat welded seams and mitres as per AS 1884-2012"
"7a94c44d-080c-546b-bd33-2ca9d5dade16","","checkpoint-status","not-started","","","TRUE","TRUE","Site QA","Floor Finishes","WING B2","B.15 BED","Carpet / Vinyl","Vinyl skirt and coving used as per finishes markup - 150mm height"
"a33f1529-3f1a-51c4-a38a-e6f4abb961a4","","checkpoint-status","not-started","","","TRUE","TRUE","Site QA","Floor Finishes","WING B2","B.15 BED","Carpet / Vinyl","Installer Sign Off: Carpet / Vinyl installed as per manufacturer's instructions"
"10094191-3dba-5e71-a728-cea9ee779e22","","checkpoint-status","not-started","","","TRUE","TRUE","Site QA","Floor Finishes","WING B2","B.15 BED","Carpet / Vinyl","Add-Floors Sign Off"
"397f233c-93e3-5396-97ca-dbfcf0472f44","","checkpoint-status","not-started","","","TRUE","TRUE","Site QA","Floor Finishes","WING B2","B.15 BED","Carpet / Vinyl","Foreman installation sign off"
"78de89f1-c6c8-5b7e-a79f-0635490fa1c6","","checkpoint-group","not-started","","","FALSE","FALSE","Site QA","Floor Finishes","WING B2","B.15 BED","Wall Finish"
"dd44830c-8345-5fc9-bbd1-618a2cfc2409","","checkpoint-status","not-started","","","TRUE","TRUE","Site QA","Floor Finishes","WING B2","B.15 BED","Wall Finish","Wall Finish installed as per plan"
"74bb7bcf-f67a-52cd-b061-33ab6328a500","","checkpoint-group","not-started","","","FALSE","FALSE","Site QA","Floor Finishes","WING B2","B.15 BED","Protection and Handover"
"3a715f14-9b48-56fc-bdc5-2dd37c22b113","","checkpoint-status","not-started","","","TRUE","TRUE","Site QA","Floor Finishes","WING B2","B.15 BED","Protection and Handover","Installation complete, checked and reviewed - as per specification"
"d7b431e9-1d70-5587-bbec-70452331300c","","checkpoint-status","not-started","","","TRUE","TRUE","Site QA","Floor Finishes","WING B2","B.15 BED","Protection and Handover","Floor protected with bubbleweave floor protection or polyweave"
"e55e4b60-2a58-58b9-b154-7b76812c68a3","","checkpoint-status","not-started","","","TRUE","TRUE","Site QA","Floor Finishes","WING B2","B.15 BED","Protection and Handover","Installer Sign Off: Protection installed as per manufacturer's instructions"
"d35f2739-4213-4cbe-a06a-9fbfc174b78d","","checklist-sectioned","not-started","5a8a68d1221a9e608c282940756e19ac2c3c1dd54ffd7888cef6f74664a05c9a","checklist","FALSE","FALSE","Site QA","Floor Finishes","WING B2","B.15A ENSUITE"
"48851799-f9d9-5e7b-88b6-7713658efe17","","checkpoint-group","not-started","","","FALSE","FALSE","Site QA","Floor Finishes","WING B2","B.15A ENSUITE","Subfloor, Floor Preparation, Adhesive"
"d0c5645a-f995-567b-8fe4-f34a41a18d17","","checkpoint-status","not-started","","","TRUE","TRUE","Site QA","Floor Finishes","WING B2","B.15A ENSUITE","Subfloor, Floor Preparation, Adhesive","Confirm area of work is accessible & acceptable to commence (If not comment below)"
"090e9e08-0deb-5c2a-aa68-70b3074a7125","","checkpoint-status","not-started","","","TRUE","TRUE","Site QA","Floor Finishes","WING B2","B.15A ENSUITE","Subfloor, Floor Preparation, Adhesive","Subfloor mechanically diamond ground"
"04598e85-a009-440d-91ea-445adadd444d","","checkpoint-status","not-started","","","TRUE","TRUE","Site QA","Floor Finishes","WING B2","B.15A ENSUITE","Subfloor, Floor Preparation, Adhesive","Floor preparation product installed in accordance with manufacturer's instructions"
"8c221f19-4f64-5a31-9781-3fb0d67f4bd0","","checkpoint-status","not-started","","","TRUE","TRUE","Site QA","Floor Finishes","WING B2","B.15A ENSUITE","Subfloor, Floor Preparation, Adhesive","Floor transitions installed as per instructions from builder"
"a9b6169e-8fed-427c-b261-243169bcf822","","checkpoint-status","not-started","","","TRUE","TRUE","Site QA","Floor Finishes","WING B2","B.15A ENSUITE","Subfloor, Floor Preparation, Adhesive","Waterproof tested for falls, and water test completed by waterproofers"
"bfc4d491-c3e5-566f-a0ba-94a73eb08422","","checkpoint-status","not-started","","","TRUE","TRUE","Site QA","Floor Finishes","WING B2","B.15A ENSUITE","Subfloor, Floor Preparation, Adhesive","Correct adhesive used"
"d745cd45-ea96-584a-9de5-eaa58c9601a3","","checkpoint-group","not-started","","","FALSE","FALSE","Site QA","Floor Finishes","WING B2","B.15A ENSUITE","Carpet / Vinyl"
"039fbb44-d094-5c94-8531-62cd3f1e0c30","","checkpoint-status","not-started","","","TRUE","TRUE","Site QA","Floor Finishes","WING B2","B.15A ENSUITE","Carpet / Vinyl","Confirm area of work is accessible & acceptable to commence (If not comment below)"
"09631ef0-de62-5950-82da-016ff82c3cac","","checkpoint-status","not-started","","","TRUE","TRUE","Site QA","Floor Finishes","WING B2","B.15A ENSUITE","Carpet / Vinyl","Vinyl installed as per plan"
"d27ecdc1-fd5d-5010-b983-689c8a0d8656","","checkpoint-status","not-started","","","TRUE","TRUE","Site QA","Floor Finishes","WING B2","B.15A ENSUITE","Carpet / Vinyl","Carpet installed as per plan"
"92e0fb32-4b54-53dd-a2de-7b227eab755d","","checkpoint-status","not-started","","","TRUE","TRUE","Site QA","Floor Finishes","WING B2","B.15A ENSUITE","Carpet / Vinyl","Joints sealed with heat welded seams and mitres as per AS 1884-2012"
"4e1dc1c5-b9a2-5165-b45d-666650694b4f","","checkpoint-status","not-started","","","TRUE","TRUE","Site QA","Floor Finishes","WING B2","B.15A ENSUITE","Carpet / Vinyl","Vinyl skirt and coving used as per finishes markup - 150mm height"
"f1db1606-2af5-5f08-87d7-0130b46c8bca","","checkpoint-status","not-started","","","TRUE","TRUE","Site QA","Floor Finishes","WING B2","B.15A ENSUITE","Carpet / Vinyl","Installer Sign Off: Carpet / Vinyl installed as per manufacturer's instructions"
"f834acce-e665-5baf-acfa-732c369ee287","","checkpoint-status","not-started","","","TRUE","TRUE","Site QA","Floor Finishes","WING B2","B.15A ENSUITE","Carpet / Vinyl","Add-Floors Sign Off"
"cfb92134-4824-58f9-9d50-70c4f89a0467","","checkpoint-status","not-started","","","TRUE","TRUE","Site QA","Floor Finishes","WING B2","B.15A ENSUITE","Carpet / Vinyl","Foreman installation sign off"
"5c4cd152-966a-5ccd-9250-976fdcf1b25a","","checkpoint-group","not-started","","","FALSE","FALSE","Site QA","Floor Finishes","WING B2","B.15A ENSUITE","Wall Finish"
"b99fee19-1d11-54ae-a3c5-bde6f15877b0","","checkpoint-status","not-started","","","TRUE","TRUE","Site QA","Floor Finishes","WING B2","B.15A ENSUITE","Wall Finish","Wall Finish installed as per plan"
"3ca777be-448f-5652-badf-842e14bffc3a","","checkpoint-group","not-started","","","FALSE","FALSE","Site QA","Floor Finishes","WING B2","B.15A ENSUITE","Protection and Handover"
"c3101f5f-6f46-5d68-947f-8364443a3112","","checkpoint-status","not-started","","","TRUE","TRUE","Site QA","Floor Finishes","WING B2","B.15A ENSUITE","Protection and Handover","Installation complete, checked and reviewed - as per specification"
"cdb9e343-4b0f-5752-961c-1ec32838912e","","checkpoint-status","not-started","","","TRUE","TRUE","Site QA","Floor Finishes","WING B2","B.15A ENSUITE","Protection and Handover","Floor protected with bubbleweave floor protection or polyweave"
"b5ee70c8-813e-54a3-a8e7-64ef06ee7d1b","","checkpoint-status","not-started","","","TRUE","TRUE","Site QA","Floor Finishes","WING B2","B.15A ENSUITE","Protection and Handover","Installer Sign Off: Protection installed as per manufacturer's instructions"
"3ea1028e-8f4a-436f-aca6-da2b60d0d32e","","checklist-sectioned","not-started","5a8a68d1221a9e608c282940756e19ac2c3c1dd54ffd7888cef6f74664a05c9a","checklist","FALSE","FALSE","Site QA","Floor Finishes","WING B2","B.16 BED"
"77ee2205-5f01-5467-92aa-40b8c3367bf2","","checkpoint-group","not-started","","","FALSE","FALSE","Site QA","Floor Finishes","WING B2","B.16 BED","Subfloor, Floor Preparation, Adhesive"
"dd898714-658b-5c29-9b92-6f31d5a77d41","","checkpoint-status","not-started","","","TRUE","TRUE","Site QA","Floor Finishes","WING B2","B.16 BED","Subfloor, Floor Preparation, Adhesive","Confirm area of work is accessible & acceptable to commence (If not comment below)"
"ab1483e1-7884-533b-9e43-1b71d17a692f","","checkpoint-status","not-started","","","TRUE","TRUE","Site QA","Floor Finishes","WING B2","B.16 BED","Subfloor, Floor Preparation, Adhesive","Subfloor mechanically diamond ground"
"1e46e09b-10c1-43df-9ac3-1f68bf7093a4","","checkpoint-status","not-started","","","TRUE","TRUE","Site QA","Floor Finishes","WING B2","B.16 BED","Subfloor, Floor Preparation, Adhesive","Floor preparation product installed in accordance with manufacturer's instructions"
"185fd27a-46e4-5ee5-89fa-c0ed3340462a","","checkpoint-status","not-started","","","TRUE","TRUE","Site QA","Floor Finishes","WING B2","B.16 BED","Subfloor, Floor Preparation, Adhesive","Floor transitions installed as per instructions from builder"
"112a6079-20d8-4243-bc22-2a9e10d9bf19","","checkpoint-status","not-started","","","TRUE","TRUE","Site QA","Floor Finishes","WING B2","B.16 BED","Subfloor, Floor Preparation, Adhesive","Waterproof tested for falls, and water test completed by waterproofers"
"5aee5512-b6fa-5cbd-b567-22aa89ed5fe4","","checkpoint-status","not-started","","","TRUE","TRUE","Site QA","Floor Finishes","WING B2","B.16 BED","Subfloor, Floor Preparation, Adhesive","Correct adhesive used"
"466ad476-b66f-5c2d-bf81-a1639b91562f","","checkpoint-group","not-started","","","FALSE","FALSE","Site QA","Floor Finishes","WING B2","B.16 BED","Carpet / Vinyl"
"4afa84bb-1097-52a9-be0f-2d8fa997ebe6","","checkpoint-status","not-started","","","TRUE","TRUE","Site QA","Floor Finishes","WING B2","B.16 BED","Carpet / Vinyl","Confirm area of work is accessible & acceptable to commence (If not comment below)"
"4dcbbf2b-1524-52c8-b0bc-c6a0df832f3d","","checkpoint-status","not-started","","","TRUE","TRUE","Site QA","Floor Finishes","WING B2","B.16 BED","Carpet / Vinyl","Vinyl installed as per plan"
"116c8809-8445-5e83-9e0c-790b686ad471","","checkpoint-status","not-started","","","TRUE","TRUE","Site QA","Floor Finishes","WING B2","B.16 BED","Carpet / Vinyl","Carpet installed as per plan"
"1edcd997-f61a-5b2f-a29f-e9d1658a4773","","checkpoint-status","not-started","","","TRUE","TRUE","Site QA","Floor Finishes","WING B2","B.16 BED","Carpet / Vinyl","Joints sealed with heat welded seams and mitres as per AS 1884-2012"
"b781555d-362f-5ae1-87ed-7f3c7e791dbb","","checkpoint-status","not-started","","","TRUE","TRUE","Site QA","Floor Finishes","WING B2","B.16 BED","Carpet / Vinyl","Vinyl skirt and coving used as per finishes markup - 150mm height"
"4cc070aa-86be-5232-b74d-17d1589586e0","","checkpoint-status","not-started","","","TRUE","TRUE","Site QA","Floor Finishes","WING B2","B.16 BED","Carpet / Vinyl","Installer Sign Off: Carpet / Vinyl installed as per manufacturer's instructions"
"5b06773b-a75e-5304-92c1-ed38f94f037c","","checkpoint-status","not-started","","","TRUE","TRUE","Site QA","Floor Finishes","WING B2","B.16 BED","Carpet / Vinyl","Add-Floors Sign Off"
"b121854e-d548-5c29-8d44-dd66995a2207","","checkpoint-status","not-started","","","TRUE","TRUE","Site QA","Floor Finishes","WING B2","B.16 BED","Carpet / Vinyl","Foreman installation sign off"
"aad971d0-f471-5805-a60f-a7492877d364","","checkpoint-group","not-started","","","FALSE","FALSE","Site QA","Floor Finishes","WING B2","B.16 BED","Wall Finish"
"ac2906ee-2891-550a-ad6e-ed805412504f","","checkpoint-status","not-started","","","TRUE","TRUE","Site QA","Floor Finishes","WING B2","B.16 BED","Wall Finish","Wall Finish installed as per plan"
"205542ff-4c5e-5c85-a1b2-c03f9e32661c","","checkpoint-group","not-started","","","FALSE","FALSE","Site QA","Floor Finishes","WING B2","B.16 BED","Protection and Handover"
"5d04860b-dc04-516b-88ab-0df0fa9c7d62","","checkpoint-status","not-started","","","TRUE","TRUE","Site QA","Floor Finishes","WING B2","B.16 BED","Protection and Handover","Installation complete, checked and reviewed - as per specification"
"040bcb49-59c4-5e13-a631-457e0c05b233","","checkpoint-status","not-started","","","TRUE","TRUE","Site QA","Floor Finishes","WING B2","B.16 BED","Protection and Handover","Floor protected with bubbleweave floor protection or polyweave"
"37d82322-eeeb-54a3-b7db-764424ca00ff","","checkpoint-status","not-started","","","TRUE","TRUE","Site QA","Floor Finishes","WING B2","B.16 BED","Protection and Handover","Installer Sign Off: Protection installed as per manufacturer's instructions"
"a1f7d09f-bdd9-403e-9166-7e5e5a0e40ca","","checklist-sectioned","not-started","5a8a68d1221a9e608c282940756e19ac2c3c1dd54ffd7888cef6f74664a05c9a","checklist","FALSE","FALSE","Site QA","Floor Finishes","WING B2","B.16A ENSUITE"
"a6d39d2b-80eb-58cf-8cc6-292a9714dd14","","checkpoint-group","not-started","","","FALSE","FALSE","Site QA","Floor Finishes","WING B2","B.16A ENSUITE","Subfloor, Floor Preparation, Adhesive"
"e3e8f39f-7912-586f-866b-a2e2fbac16e2","","checkpoint-status","not-started","","","TRUE","TRUE","Site QA","Floor Finishes","WING B2","B.16A ENSUITE","Subfloor, Floor Preparation, Adhesive","Confirm area of work is accessible & acceptable to commence (If not comment below)"
"c6fe833e-edbe-5dac-abe0-ac897e812cde","","checkpoint-status","not-started","","","TRUE","TRUE","Site QA","Floor Finishes","WING B2","B.16A ENSUITE","Subfloor, Floor Preparation, Adhesive","Subfloor mechanically diamond ground"
"d93dc951-dbb4-40c9-810e-b08ee976ad12","","checkpoint-status","not-started","","","TRUE","TRUE","Site QA","Floor Finishes","WING B2","B.16A ENSUITE","Subfloor, Floor Preparation, Adhesive","Floor preparation product installed in accordance with manufacturer's instructions"
"59e18188-8bd7-5f0a-86c2-5503ea908e45","","checkpoint-status","not-started","","","TRUE","TRUE","Site QA","Floor Finishes","WING B2","B.16A ENSUITE","Subfloor, Floor Preparation, Adhesive","Floor transitions installed as per instructions from builder"
"1062af5c-6ba6-4068-9126-3468fa3750d5","","checkpoint-status","not-started","","","TRUE","TRUE","Site QA","Floor Finishes","WING B2","B.16A ENSUITE","Subfloor, Floor Preparation, Adhesive","Waterproof tested for falls, and water test completed by waterproofers"
"e20c1a4e-50f7-5115-a631-661fca467dc5","","checkpoint-status","not-started","","","TRUE","TRUE","Site QA","Floor Finishes","WING B2","B.16A ENSUITE","Subfloor, Floor Preparation, Adhesive","Correct adhesive used"
"c92625b9-87e1-5ddf-8494-a762f772035c","","checkpoint-group","not-started","","","FALSE","FALSE","Site QA","Floor Finishes","WING B2","B.16A ENSUITE","Carpet / Vinyl"
"be66c079-19a2-5a1f-a4a0-2972b2b72932","","checkpoint-status","not-started","","","TRUE","TRUE","Site QA","Floor Finishes","WING B2","B.16A ENSUITE","Carpet / Vinyl","Confirm area of work is accessible & acceptable to commence (If not comment below)"
"5fad0e3c-5505-544e-ba47-71a69aa83d34","","checkpoint-status","not-started","","","TRUE","TRUE","Site QA","Floor Finishes","WING B2","B.16A ENSUITE","Carpet / Vinyl","Vinyl installed as per plan"
"d980aaad-dd87-503a-ae23-90d7d02aa6ec","","checkpoint-status","not-started","","","TRUE","TRUE","Site QA","Floor Finishes","WING B2","B.16A ENSUITE","Carpet / Vinyl","Carpet installed as per plan"
"5573dd07-30d4-52e2-8313-45dfacd4faad","","checkpoint-status","not-started","","","TRUE","TRUE","Site QA","Floor Finishes","WING B2","B.16A ENSUITE","Carpet / Vinyl","Joints sealed with heat welded seams and mitres as per AS 1884-2012"
"d59a9435-a1fb-5814-bb19-16885c38d240","","checkpoint-status","not-started","","","TRUE","TRUE","Site QA","Floor Finishes","WING B2","B.16A ENSUITE","Carpet / Vinyl","Vinyl skirt and coving used as per finishes markup - 150mm height"
"6737ef73-cc43-5e9a-bd61-a08abd55cab9","","checkpoint-status","not-started","","","TRUE","TRUE","Site QA","Floor Finishes","WING B2","B.16A ENSUITE","Carpet / Vinyl","Installer Sign Off: Carpet / Vinyl installed as per manufacturer's instructions"
"6dfe537f-8cee-5fe4-bb17-f1347264708b","","checkpoint-status","not-started","","","TRUE","TRUE","Site QA","Floor Finishes","WING B2","B.16A ENSUITE","Carpet / Vinyl","Add-Floors Sign Off"
"6babfeb9-38d2-5de4-b2ea-4c7085259e3a","","checkpoint-status","not-started","","","TRUE","TRUE","Site QA","Floor Finishes","WING B2","B.16A ENSUITE","Carpet / Vinyl","Foreman installation sign off"
"d408f33f-28ec-51b9-9766-dc75d409bcb4","","checkpoint-group","not-started","","","FALSE","FALSE","Site QA","Floor Finishes","WING B2","B.16A ENSUITE","Wall Finish"
"03b3508f-c45f-5e01-8f37-f27bd097b6cd","","checkpoint-status","not-started","","","TRUE","TRUE","Site QA","Floor Finishes","WING B2","B.16A ENSUITE","Wall Finish","Wall Finish installed as per plan"
"020e894d-125a-56ae-809b-4d0c8bcf50ea","","checkpoint-group","not-started","","","FALSE","FALSE","Site QA","Floor Finishes","WING B2","B.16A ENSUITE","Protection and Handover"
"a637467b-808a-58e1-983a-9c98db3988b1","","checkpoint-status","not-started","","","TRUE","TRUE","Site QA","Floor Finishes","WING B2","B.16A ENSUITE","Protection and Handover","Installation complete, checked and reviewed - as per specification"
"66f7423d-c8b7-5e9b-a6c5-2b5d404ba3d9","","checkpoint-status","not-started","","","TRUE","TRUE","Site QA","Floor Finishes","WING B2","B.16A ENSUITE","Protection and Handover","Floor protected with bubbleweave floor protection or polyweave"
"7be9f901-f15b-5612-93eb-80fd502ba4bb","","checkpoint-status","not-started","","","TRUE","TRUE","Site QA","Floor Finishes","WING B2","B.16A ENSUITE","Protection and Handover","Installer Sign Off: Protection installed as per manufacturer's instructions"
"a0236b03-c8d8-4a13-8766-ef8770e63795","","checklist-sectioned","not-started","5a8a68d1221a9e608c282940756e19ac2c3c1dd54ffd7888cef6f74664a05c9a","checklist","FALSE","FALSE","Site QA","Floor Finishes","WING B2","B.17 BED"
"da482657-55da-5262-8d26-4637d752bf0c","","checkpoint-group","not-started","","","FALSE","FALSE","Site QA","Floor Finishes","WING B2","B.17 BED","Subfloor, Floor Preparation, Adhesive"
"101154b9-b6b9-50f0-825a-81cb05661d50","","checkpoint-status","not-started","","","TRUE","TRUE","Site QA","Floor Finishes","WING B2","B.17 BED","Subfloor, Floor Preparation, Adhesive","Confirm area of work is accessible & acceptable to commence (If not comment below)"
"b36a590e-cd3e-531e-bb0e-ff95491d27d0","","checkpoint-status","not-started","","","TRUE","TRUE","Site QA","Floor Finishes","WING B2","B.17 BED","Subfloor, Floor Preparation, Adhesive","Subfloor mechanically diamond ground"
"e35dd067-da3e-461c-a8a5-e4f2e3102cd2","","checkpoint-status","not-started","","","TRUE","TRUE","Site QA","Floor Finishes","WING B2","B.17 BED","Subfloor, Floor Preparation, Adhesive","Floor preparation product installed in accordance with manufacturer's instructions"
"c0156968-ec52-554a-b783-d0cf58f23215","","checkpoint-status","not-started","","","TRUE","TRUE","Site QA","Floor Finishes","WING B2","B.17 BED","Subfloor, Floor Preparation, Adhesive","Floor transitions installed as per instructions from builder"
"43e63e8a-af46-44d8-ad5c-3a9ddbb74a54","","checkpoint-status","not-started","","","TRUE","TRUE","Site QA","Floor Finishes","WING B2","B.17 BED","Subfloor, Floor Preparation, Adhesive","Waterproof tested for falls, and water test completed by waterproofers"
"ceea1db7-7236-5b9e-b953-9bce0d6fc429","","checkpoint-status","not-started","","","TRUE","TRUE","Site QA","Floor Finishes","WING B2","B.17 BED","Subfloor, Floor Preparation, Adhesive","Correct adhesive used"
"f25ffbfb-3453-530c-a91d-ae2514f1bd9d","","checkpoint-group","not-started","","","FALSE","FALSE","Site QA","Floor Finishes","WING B2","B.17 BED","Carpet / Vinyl"
"cddb2668-ee0c-5372-aa12-571211640925","","checkpoint-status","not-started","","","TRUE","TRUE","Site QA","Floor Finishes","WING B2","B.17 BED","Carpet / Vinyl","Confirm area of work is accessible & acceptable to commence (If not comment below)"
"e6d7292a-8ee3-5d96-9bba-8fa58ed201ad","","checkpoint-status","not-started","","","TRUE","TRUE","Site QA","Floor Finishes","WING B2","B.17 BED","Carpet / Vinyl","Vinyl installed as per plan"
"e0a63321-0c61-554c-8d3e-435838e13190","","checkpoint-status","not-started","","","TRUE","TRUE","Site QA","Floor Finishes","WING B2","B.17 BED","Carpet / Vinyl","Carpet installed as per plan"
"7cd036c4-2e3a-543d-b97c-aa9aee1a0f0f","","checkpoint-status","not-started","","","TRUE","TRUE","Site QA","Floor Finishes","WING B2","B.17 BED","Carpet / Vinyl","Joints sealed with heat welded seams and mitres as per AS 1884-2012"
"b9e95376-8ea0-5d59-a8cc-9bf5465e60a6","","checkpoint-status","not-started","","","TRUE","TRUE","Site QA","Floor Finishes","WING B2","B.17 BED","Carpet / Vinyl","Vinyl skirt and coving used as per finishes markup - 150mm height"
"84ab03ac-655d-5b7b-8d76-7f1b28ee1f52","","checkpoint-status","not-started","","","TRUE","TRUE","Site QA","Floor Finishes","WING B2","B.17 BED","Carpet / Vinyl","Installer Sign Off: Carpet / Vinyl installed as per manufacturer's instructions"
"a2c57ecf-e477-59a9-ba9a-297a0e62f1e1","","checkpoint-status","not-started","","","TRUE","TRUE","Site QA","Floor Finishes","WING B2","B.17 BED","Carpet / Vinyl","Add-Floors Sign Off"
"53d1e392-fa9c-555a-8e3b-2b18045648d7","","checkpoint-status","not-started","","","TRUE","TRUE","Site QA","Floor Finishes","WING B2","B.17 BED","Carpet / Vinyl","Foreman installation sign off"
"88883afc-336b-5886-81dd-ca332ec1f1f1","","checkpoint-group","not-started","","","FALSE","FALSE","Site QA","Floor Finishes","WING B2","B.17 BED","Wall Finish"
"f5e118b5-be3c-524f-8543-2ac123dc7b8f","","checkpoint-status","not-started","","","TRUE","TRUE","Site QA","Floor Finishes","WING B2","B.17 BED","Wall Finish","Wall Finish installed as per plan"
"3345de2a-5ca7-5a76-af09-b80a734e8db9","","checkpoint-group","not-started","","","FALSE","FALSE","Site QA","Floor Finishes","WING B2","B.17 BED","Protection and Handover"
"543f82e9-8e53-5587-a1fb-e02496ee57f4","","checkpoint-status","not-started","","","TRUE","TRUE","Site QA","Floor Finishes","WING B2","B.17 BED","Protection and Handover","Installation complete, checked and reviewed - as per specification"
"5f1ca872-d9ed-5dfb-94d1-7ae95f9431a2","","checkpoint-status","not-started","","","TRUE","TRUE","Site QA","Floor Finishes","WING B2","B.17 BED","Protection and Handover","Floor protected with bubbleweave floor protection or polyweave"
"c04a25d0-1df8-586e-95b4-999d156bef70","","checkpoint-status","not-started","","","TRUE","TRUE","Site QA","Floor Finishes","WING B2","B.17 BED","Protection and Handover","Installer Sign Off: Protection installed as per manufacturer's instructions"
"f0ccaf09-6a82-4a50-9088-91faa801f4d7","","checklist-sectioned","not-started","5a8a68d1221a9e608c282940756e19ac2c3c1dd54ffd7888cef6f74664a05c9a","checklist","FALSE","FALSE","Site QA","Floor Finishes","WING B2","B.17A ENSUITE"
"eeba401a-db50-54b3-b407-f83b67528df0","","checkpoint-group","not-started","","","FALSE","FALSE","Site QA","Floor Finishes","WING B2","B.17A ENSUITE","Subfloor, Floor Preparation, Adhesive"
"9857d728-3002-5161-a394-59819118e94b","","checkpoint-status","not-started","","","TRUE","TRUE","Site QA","Floor Finishes","WING B2","B.17A ENSUITE","Subfloor, Floor Preparation, Adhesive","Confirm area of work is accessible & acceptable to commence (If not comment below)"
"53d6af01-23dd-5aa8-9b30-72ccbd747632","","checkpoint-status","not-started","","","TRUE","TRUE","Site QA","Floor Finishes","WING B2","B.17A ENSUITE","Subfloor, Floor Preparation, Adhesive","Subfloor mechanically diamond ground"
"d4de8168-8557-45a5-8605-cb758c82b5fd","","checkpoint-status","not-started","","","TRUE","TRUE","Site QA","Floor Finishes","WING B2","B.17A ENSUITE","Subfloor, Floor Preparation, Adhesive","Floor preparation product installed in accordance with manufacturer's instructions"
"ba73e2c7-d35d-55eb-bf30-8a07ef120227","","checkpoint-status","not-started","","","TRUE","TRUE","Site QA","Floor Finishes","WING B2","B.17A ENSUITE","Subfloor, Floor Preparation, Adhesive","Floor transitions installed as per instructions from builder"
"1f0e0c0c-5af3-40a4-a439-75077d30789e","","checkpoint-status","not-started","","","TRUE","TRUE","Site QA","Floor Finishes","WING B2","B.17A ENSUITE","Subfloor, Floor Preparation, Adhesive","Waterproof tested for falls, and water test completed by waterproofers"
"8415bf18-97db-5abc-a234-d45ec8d8bd3a","","checkpoint-status","not-started","","","TRUE","TRUE","Site QA","Floor Finishes","WING B2","B.17A ENSUITE","Subfloor, Floor Preparation, Adhesive","Correct adhesive used"
"29b3b56f-c6c1-5dab-9d0d-d8433b14e17e","","checkpoint-group","not-started","","","FALSE","FALSE","Site QA","Floor Finishes","WING B2","B.17A ENSUITE","Carpet / Vinyl"
"79722c8f-1695-5570-adc2-742de69a17c8","","checkpoint-status","not-started","","","TRUE","TRUE","Site QA","Floor Finishes","WING B2","B.17A ENSUITE","Carpet / Vinyl","Confirm area of work is accessible & acceptable to commence (If not comment below)"
"d556dcb3-d39d-5edf-9ee1-78419a4ed3a7","","checkpoint-status","not-started","","","TRUE","TRUE","Site QA","Floor Finishes","WING B2","B.17A ENSUITE","Carpet / Vinyl","Vinyl installed as per plan"
"fa628b95-9cfb-5eb1-88c4-527e97fefcc4","","checkpoint-status","not-started","","","TRUE","TRUE","Site QA","Floor Finishes","WING B2","B.17A ENSUITE","Carpet / Vinyl","Carpet installed as per plan"
"94c2f88b-56f6-5534-ab70-451a352b7703","","checkpoint-status","not-started","","","TRUE","TRUE","Site QA","Floor Finishes","WING B2","B.17A ENSUITE","Carpet / Vinyl","Joints sealed with heat welded seams and mitres as per AS 1884-2012"
"a308845f-71c0-5955-b3f1-b6e337544204","","checkpoint-status","not-started","","","TRUE","TRUE","Site QA","Floor Finishes","WING B2","B.17A ENSUITE","Carpet / Vinyl","Vinyl skirt and coving used as per finishes markup - 150mm height"
"ed257a82-6a2b-581d-b798-d8a5ddcfb15d","","checkpoint-status","not-started","","","TRUE","TRUE","Site QA","Floor Finishes","WING B2","B.17A ENSUITE","Carpet / Vinyl","Installer Sign Off: Carpet / Vinyl installed as per manufacturer's instructions"
"93f26185-fb22-55bd-92bc-6219f5be4908","","checkpoint-status","not-started","","","TRUE","TRUE","Site QA","Floor Finishes","WING B2","B.17A ENSUITE","Carpet / Vinyl","Add-Floors Sign Off"
"629048fd-3c88-5c20-ab21-afcbeaf70fff","","checkpoint-status","not-started","","","TRUE","TRUE","Site QA","Floor Finishes","WING B2","B.17A ENSUITE","Carpet / Vinyl","Foreman installation sign off"
"db1650da-510b-54c5-a1e2-c50ee774aa47","","checkpoint-group","not-started","","","FALSE","FALSE","Site QA","Floor Finishes","WING B2","B.17A ENSUITE","Wall Finish"
"277d6352-5e12-517b-8157-a791e7ce8d3a","","checkpoint-status","not-started","","","TRUE","TRUE","Site QA","Floor Finishes","WING B2","B.17A ENSUITE","Wall Finish","Wall Finish installed as per plan"
"9d8d8c3f-61a8-5436-aaca-722b8b2eb0df","","checkpoint-group","not-started","","","FALSE","FALSE","Site QA","Floor Finishes","WING B2","B.17A ENSUITE","Protection and Handover"
"22ab9db1-5e32-5b18-be3d-18f9730e5f3a","","checkpoint-status","not-started","","","TRUE","TRUE","Site QA","Floor Finishes","WING B2","B.17A ENSUITE","Protection and Handover","Installation complete, checked and reviewed - as per specification"
"42b0cf4f-54bd-5624-966e-fb712d6dca3d","","checkpoint-status","not-started","","","TRUE","TRUE","Site QA","Floor Finishes","WING B2","B.17A ENSUITE","Protection and Handover","Floor protected with bubbleweave floor protection or polyweave"
"1abed232-b41b-56b4-b30f-97db1ed7693c","","checkpoint-status","not-started","","","TRUE","TRUE","Site QA","Floor Finishes","WING B2","B.17A ENSUITE","Protection and Handover","Installer Sign Off: Protection installed as per manufacturer's instructions"
"9abe734b-1eb2-47f1-9f3c-4d77be7d0e8c","","checklist-sectioned","not-started","5a8a68d1221a9e608c282940756e19ac2c3c1dd54ffd7888cef6f74664a05c9a","checklist","FALSE","FALSE","Site QA","Floor Finishes","WING B2","B.18 BED"
"2890ab55-2e28-532e-95f7-f84e0df32739","","checkpoint-group","not-started","","","FALSE","FALSE","Site QA","Floor Finishes","WING B2","B.18 BED","Subfloor, Floor Preparation, Adhesive"
"57443783-8684-576e-80e0-e3d7361aded4","","checkpoint-status","not-started","","","TRUE","TRUE","Site QA","Floor Finishes","WING B2","B.18 BED","Subfloor, Floor Preparation, Adhesive","Confirm area of work is accessible & acceptable to commence (If not comment below)"
"2173a558-3d02-5e5d-a063-d18c8b3038f9","","checkpoint-status","not-started","","","TRUE","TRUE","Site QA","Floor Finishes","WING B2","B.18 BED","Subfloor, Floor Preparation, Adhesive","Subfloor mechanically diamond ground"
"2fd91944-a8a2-48e1-bbc0-158bf757f189","","checkpoint-status","not-started","","","TRUE","TRUE","Site QA","Floor Finishes","WING B2","B.18 BED","Subfloor, Floor Preparation, Adhesive","Floor preparation product installed in accordance with manufacturer's instructions"
"ecd419ed-2d27-50df-bff6-08978e7a25f2","","checkpoint-status","not-started","","","TRUE","TRUE","Site QA","Floor Finishes","WING B2","B.18 BED","Subfloor, Floor Preparation, Adhesive","Floor transitions installed as per instructions from builder"
"144385f0-3eda-44ff-a536-f52ea4f52f1f","","checkpoint-status","not-started","","","TRUE","TRUE","Site QA","Floor Finishes","WING B2","B.18 BED","Subfloor, Floor Preparation, Adhesive","Waterproof tested for falls, and water test completed by waterproofers"
"9bab42ce-5ec4-5b1e-aed6-64cb1ff1fcdf","","checkpoint-status","not-started","","","TRUE","TRUE","Site QA","Floor Finishes","WING B2","B.18 BED","Subfloor, Floor Preparation, Adhesive","Correct adhesive used"
"eb530d5f-6d35-570c-b5e8-a28b4e0b1436","","checkpoint-group","not-started","","","FALSE","FALSE","Site QA","Floor Finishes","WING B2","B.18 BED","Carpet / Vinyl"
"4c750e06-2080-5ad7-b357-7cbf8354d1cf","","checkpoint-status","not-started","","","TRUE","TRUE","Site QA","Floor Finishes","WING B2","B.18 BED","Carpet / Vinyl","Confirm area of work is accessible & acceptable to commence (If not comment below)"
"d6116490-a34d-53da-a787-fff657817ab5","","checkpoint-status","not-started","","","TRUE","TRUE","Site QA","Floor Finishes","WING B2","B.18 BED","Carpet / Vinyl","Vinyl installed as per plan"
"71765225-cf52-5fa0-b5d3-2871e1cf1308","","checkpoint-status","not-started","","","TRUE","TRUE","Site QA","Floor Finishes","WING B2","B.18 BED","Carpet / Vinyl","Carpet installed as per plan"
"1cb5d9b3-7cf5-5bdf-93b4-835a8aa50860","","checkpoint-status","not-started","","","TRUE","TRUE","Site QA","Floor Finishes","WING B2","B.18 BED","Carpet / Vinyl","Joints sealed with heat welded seams and mitres as per AS 1884-2012"
"f710f15e-90e4-5174-8edf-15e11423970a","","checkpoint-status","not-started","","","TRUE","TRUE","Site QA","Floor Finishes","WING B2","B.18 BED","Carpet / Vinyl","Vinyl skirt and coving used as per finishes markup - 150mm height"
"cbd17816-c4ee-57a3-9435-3421b49d9a53","","checkpoint-status","not-started","","","TRUE","TRUE","Site QA","Floor Finishes","WING B2","B.18 BED","Carpet / Vinyl","Installer Sign Off: Carpet / Vinyl installed as per manufacturer's instructions"
"fc5fd2c6-aad7-5ab6-94e6-e83817112d3b","","checkpoint-status","not-started","","","TRUE","TRUE","Site QA","Floor Finishes","WING B2","B.18 BED","Carpet / Vinyl","Add-Floors Sign Off"
"f38140fc-75f5-5607-a1af-4e9a0d10f5dc","","checkpoint-status","not-started","","","TRUE","TRUE","Site QA","Floor Finishes","WING B2","B.18 BED","Carpet / Vinyl","Foreman installation sign off"
"dd11b98a-2713-5394-8eb4-9af5520c329e","","checkpoint-group","not-started","","","FALSE","FALSE","Site QA","Floor Finishes","WING B2","B.18 BED","Wall Finish"
"5bfd65f0-2fb0-5627-817c-dcf38232916c","","checkpoint-status","not-started","","","TRUE","TRUE","Site QA","Floor Finishes","WING B2","B.18 BED","Wall Finish","Wall Finish installed as per plan"
"4ef15ced-2940-51ae-be7f-37bf72606508","","checkpoint-group","not-started","","","FALSE","FALSE","Site QA","Floor Finishes","WING B2","B.18 BED","Protection and Handover"
"6cfdbc78-96e9-5601-9f3a-e472dd506cf1","","checkpoint-status","not-started","","","TRUE","TRUE","Site QA","Floor Finishes","WING B2","B.18 BED","Protection and Handover","Installation complete, checked and reviewed - as per specification"
"d16f101b-347c-5628-a5fd-53a2e312b147","","checkpoint-status","not-started","","","TRUE","TRUE","Site QA","Floor Finishes","WING B2","B.18 BED","Protection and Handover","Floor protected with bubbleweave floor protection or polyweave"
"2bddd334-2879-51a4-a9fd-490d881e05f5","","checkpoint-status","not-started","","","TRUE","TRUE","Site QA","Floor Finishes","WING B2","B.18 BED","Protection and Handover","Installer Sign Off: Protection installed as per manufacturer's instructions"
"f2e8307c-17b2-4bd0-816b-5a38c4ff60bf","","checklist-sectioned","not-started","5a8a68d1221a9e608c282940756e19ac2c3c1dd54ffd7888cef6f74664a05c9a","checklist","FALSE","FALSE","Site QA","Floor Finishes","WING B2","B.18A ENSUITE"
"6600f879-56fa-51c8-a04e-93f8b0e00900","","checkpoint-group","not-started","","","FALSE","FALSE","Site QA","Floor Finishes","WING B2","B.18A ENSUITE","Subfloor, Floor Preparation, Adhesive"
"c7ad3983-c4a4-525a-8708-13506970c637","","checkpoint-status","not-started","","","TRUE","TRUE","Site QA","Floor Finishes","WING B2","B.18A ENSUITE","Subfloor, Floor Preparation, Adhesive","Confirm area of work is accessible & acceptable to commence (If not comment below)"
"8bfdc637-ebaa-5f7a-a3da-e74ee4179c0f","","checkpoint-status","not-started","","","TRUE","TRUE","Site QA","Floor Finishes","WING B2","B.18A ENSUITE","Subfloor, Floor Preparation, Adhesive","Subfloor mechanically diamond ground"
"c257a46d-3769-49c8-8e6a-cf1fa2146d27","","checkpoint-status","not-started","","","TRUE","TRUE","Site QA","Floor Finishes","WING B2","B.18A ENSUITE","Subfloor, Floor Preparation, Adhesive","Floor preparation product installed in accordance with manufacturer's instructions"
"c5692db7-0de4-5cc6-9f18-0f02bfd83e6d","","checkpoint-status","not-started","","","TRUE","TRUE","Site QA","Floor Finishes","WING B2","B.18A ENSUITE","Subfloor, Floor Preparation, Adhesive","Floor transitions installed as per instructions from builder"
"7d3aa3b7-6908-47fa-af4d-82e2f3f1061a","","checkpoint-status","not-started","","","TRUE","TRUE","Site QA","Floor Finishes","WING B2","B.18A ENSUITE","Subfloor, Floor Preparation, Adhesive","Waterproof tested for falls, and water test completed by waterproofers"
"8339c54f-33fb-57a7-bf0a-cfcd83d223c5","","checkpoint-status","not-started","","","TRUE","TRUE","Site QA","Floor Finishes","WING B2","B.18A ENSUITE","Subfloor, Floor Preparation, Adhesive","Correct adhesive used"
"f7460d34-767a-5d08-b2ef-4972454b8414","","checkpoint-group","not-started","","","FALSE","FALSE","Site QA","Floor Finishes","WING B2","B.18A ENSUITE","Carpet / Vinyl"
"8000c85d-6a41-5c56-9463-e28103aa8b3a","","checkpoint-status","not-started","","","TRUE","TRUE","Site QA","Floor Finishes","WING B2","B.18A ENSUITE","Carpet / Vinyl","Confirm area of work is accessible & acceptable to commence (If not comment below)"
"c39d3b1f-392f-5449-b13e-2e4e774715c7","","checkpoint-status","not-started","","","TRUE","TRUE","Site QA","Floor Finishes","WING B2","B.18A ENSUITE","Carpet / Vinyl","Vinyl installed as per plan"
"f0e7c982-e837-5b87-a336-fe4ddb6872df","","checkpoint-status","not-started","","","TRUE","TRUE","Site QA","Floor Finishes","WING B2","B.18A ENSUITE","Carpet / Vinyl","Carpet installed as per plan"
"921d143d-8339-5335-b9cf-c8f7c0f6af5a","","checkpoint-status","not-started","","","TRUE","TRUE","Site QA","Floor Finishes","WING B2","B.18A ENSUITE","Carpet / Vinyl","Joints sealed with heat welded seams and mitres as per AS 1884-2012"
"824ed292-b962-5c5b-a8ae-fab4aa6959c7","","checkpoint-status","not-started","","","TRUE","TRUE","Site QA","Floor Finishes","WING B2","B.18A ENSUITE","Carpet / Vinyl","Vinyl skirt and coving used as per finishes markup - 150mm height"
"27e182c7-420b-50ba-aa01-86189cba4f3c","","checkpoint-status","not-started","","","TRUE","TRUE","Site QA","Floor Finishes","WING B2","B.18A ENSUITE","Carpet / Vinyl","Installer Sign Off: Carpet / Vinyl installed as per manufacturer's instructions"
"d14436e2-8a76-5e34-9086-a34987bb83f3","","checkpoint-status","not-started","","","TRUE","TRUE","Site QA","Floor Finishes","WING B2","B.18A ENSUITE","Carpet / Vinyl","Add-Floors Sign Off"
"7d6d85c6-42a2-5a97-b329-2d79661c534b","","checkpoint-status","not-started","","","TRUE","TRUE","Site QA","Floor Finishes","WING B2","B.18A ENSUITE","Carpet / Vinyl","Foreman installation sign off"
"673314f5-3349-5f35-8348-1d1799750b3d","","checkpoint-group","not-started","","","FALSE","FALSE","Site QA","Floor Finishes","WING B2","B.18A ENSUITE","Wall Finish"
"6f0f9063-d78f-5195-87aa-8c26abf46855","","checkpoint-status","not-started","","","TRUE","TRUE","Site QA","Floor Finishes","WING B2","B.18A ENSUITE","Wall Finish","Wall Finish installed as per plan"
"5036e51d-bd86-5b8e-a976-14dfa2c56ed4","","checkpoint-group","not-started","","","FALSE","FALSE","Site QA","Floor Finishes","WING B2","B.18A ENSUITE","Protection and Handover"
"ec8ab591-87ec-53e0-b1e2-82df6a5a1096","","checkpoint-status","not-started","","","TRUE","TRUE","Site QA","Floor Finishes","WING B2","B.18A ENSUITE","Protection and Handover","Installation complete, checked and reviewed - as per specification"
"3ddef504-0580-5978-83a0-fb8dbfc15333","","checkpoint-status","not-started","","","TRUE","TRUE","Site QA","Floor Finishes","WING B2","B.18A ENSUITE","Protection and Handover","Floor protected with bubbleweave floor protection or polyweave"
"a286ce12-7e22-5e69-b84d-2bd5e262f043","","checkpoint-status","not-started","","","TRUE","TRUE","Site QA","Floor Finishes","WING B2","B.18A ENSUITE","Protection and Handover","Installer Sign Off: Protection installed as per manufacturer's instructions"
"ed26359a-8d98-447e-b4a4-3c7681228216","","checklist-sectioned","not-started","5a8a68d1221a9e608c282940756e19ac2c3c1dd54ffd7888cef6f74664a05c9a","checklist","FALSE","FALSE","Site QA","Floor Finishes","WING B2","B.22 EDB"
"20160632-73a2-58e9-8eed-22d52513e891","","checkpoint-group","not-started","","","FALSE","FALSE","Site QA","Floor Finishes","WING B2","B.22 EDB","Subfloor, Floor Preparation, Adhesive"
"3604bd23-9c34-586c-bc7e-564d2f7cebc8","","checkpoint-status","not-started","","","TRUE","TRUE","Site QA","Floor Finishes","WING B2","B.22 EDB","Subfloor, Floor Preparation, Adhesive","Confirm area of work is accessible & acceptable to commence (If not comment below)"
"2020c49a-d13c-5317-9716-612558e019eb","","checkpoint-status","not-started","","","TRUE","TRUE","Site QA","Floor Finishes","WING B2","B.22 EDB","Subfloor, Floor Preparation, Adhesive","Subfloor mechanically diamond ground"
"bfbf7e58-98b4-4524-9fc3-40189abfb6ff","","checkpoint-status","not-started","","","TRUE","TRUE","Site QA","Floor Finishes","WING B2","B.22 EDB","Subfloor, Floor Preparation, Adhesive","Floor preparation product installed in accordance with manufacturer's instructions"
"ecea300b-aff1-5ffe-9118-0bcee753cd43","","checkpoint-status","not-started","","","TRUE","TRUE","Site QA","Floor Finishes","WING B2","B.22 EDB","Subfloor, Floor Preparation, Adhesive","Floor transitions installed as per instructions from builder"
"8f7bf13a-a122-4215-9ef9-61c170a51fed","","checkpoint-status","not-started","","","TRUE","TRUE","Site QA","Floor Finishes","WING B2","B.22 EDB","Subfloor, Floor Preparation, Adhesive","Waterproof tested for falls, and water test completed by waterproofers"
"c3625a18-1c0c-5296-a977-47ced8bf8642","","checkpoint-status","not-started","","","TRUE","TRUE","Site QA","Floor Finishes","WING B2","B.22 EDB","Subfloor, Floor Preparation, Adhesive","Correct adhesive used"
"9425e092-c707-58f1-a7f1-e61b7bdcebb4","","checkpoint-group","not-started","","","FALSE","FALSE","Site QA","Floor Finishes","WING B2","B.22 EDB","Carpet / Vinyl"
"72435000-a2d4-57b2-8efb-d69375f48d7d","","checkpoint-status","not-started","","","TRUE","TRUE","Site QA","Floor Finishes","WING B2","B.22 EDB","Carpet / Vinyl","Confirm area of work is accessible & acceptable to commence (If not comment below)"
"bb807951-9bd5-5b60-96ad-4c2182ff25e1","","checkpoint-status","not-started","","","TRUE","TRUE","Site QA","Floor Finishes","WING B2","B.22 EDB","Carpet / Vinyl","Vinyl installed as per plan"
"5be0906a-2961-5d6f-8772-e444ea1167c3","","checkpoint-status","not-started","","","TRUE","TRUE","Site QA","Floor Finishes","WING B2","B.22 EDB","Carpet / Vinyl","Carpet installed as per plan"
"91871599-15df-5176-9787-554255cd2895","","checkpoint-status","not-started","","","TRUE","TRUE","Site QA","Floor Finishes","WING B2","B.22 EDB","Carpet / Vinyl","Joints sealed with heat welded seams and mitres as per AS 1884-2012"
"24d95a91-3205-5808-8961-336581ed79ed","","checkpoint-status","not-started","","","TRUE","TRUE","Site QA","Floor Finishes","WING B2","B.22 EDB","Carpet / Vinyl","Vinyl skirt and coving used as per finishes markup - 150mm height"
"94005880-8f69-5a47-95d1-8249f893be6b","","checkpoint-status","not-started","","","TRUE","TRUE","Site QA","Floor Finishes","WING B2","B.22 EDB","Carpet / Vinyl","Installer Sign Off: Carpet / Vinyl installed as per manufacturer's instructions"
"4fab79b1-7b57-5e36-ab38-ef7fefa67964","","checkpoint-status","not-started","","","TRUE","TRUE","Site QA","Floor Finishes","WING B2","B.22 EDB","Carpet / Vinyl","Add-Floors Sign Off"
"cd367b96-a346-587a-913f-9ca6848d35fa","","checkpoint-status","not-started","","","TRUE","TRUE","Site QA","Floor Finishes","WING B2","B.22 EDB","Carpet / Vinyl","Foreman installation sign off"
"bc13cb1e-ca43-5e87-adbf-34b33480d350","","checkpoint-group","not-started","","","FALSE","FALSE","Site QA","Floor Finishes","WING B2","B.22 EDB","Wall Finish"
"644db1a5-fb33-593a-b2da-f8614aeda639","","checkpoint-status","not-started","","","TRUE","TRUE","Site QA","Floor Finishes","WING B2","B.22 EDB","Wall Finish","Wall Finish installed as per plan"
"2b765628-1e43-5d0b-a71f-2153c8d6a783","","checkpoint-group","not-started","","","FALSE","FALSE","Site QA","Floor Finishes","WING B2","B.22 EDB","Protection and Handover"
"7ca22da6-97dd-50f5-b1a3-1845ce7e7259","","checkpoint-status","not-started","","","TRUE","TRUE","Site QA","Floor Finishes","WING B2","B.22 EDB","Protection and Handover","Installation complete, checked and reviewed - as per specification"
"7421fe3e-5dd8-55f7-9136-305e4e4d16a5","","checkpoint-status","not-started","","","TRUE","TRUE","Site QA","Floor Finishes","WING B2","B.22 EDB","Protection and Handover","Floor protected with bubbleweave floor protection or polyweave"
"1db4e449-0e1d-591c-83b1-908f9e469bea","","checkpoint-status","not-started","","","TRUE","TRUE","Site QA","Floor Finishes","WING B2","B.22 EDB","Protection and Handover","Installer Sign Off: Protection installed as per manufacturer's instructions"
"0b062ad2-0e2e-4317-9185-2c60c0343527","","checklist-sectioned","not-started","5a8a68d1221a9e608c282940756e19ac2c3c1dd54ffd7888cef6f74664a05c9a","checklist","FALSE","FALSE","Site QA","Floor Finishes","WING B2","B.25 UNISEX DISABLED"
"5235eb97-3769-53ef-971f-7258baac96c8","","checkpoint-group","not-started","","","FALSE","FALSE","Site QA","Floor Finishes","WING B2","B.25 UNISEX DISABLED","Subfloor, Floor Preparation, Adhesive"
"b62e8e33-27bc-53d1-8417-f5b88bb4b4cb","","checkpoint-status","not-started","","","TRUE","TRUE","Site QA","Floor Finishes","WING B2","B.25 UNISEX DISABLED","Subfloor, Floor Preparation, Adhesive","Confirm area of work is accessible & acceptable to commence (If not comment below)"
"b35d75e9-c7c1-5561-bb17-b9cae5d89ae6","","checkpoint-status","not-started","","","TRUE","TRUE","Site QA","Floor Finishes","WING B2","B.25 UNISEX DISABLED","Subfloor, Floor Preparation, Adhesive","Subfloor mechanically diamond ground"
"ce5382f4-070a-44d2-977b-b5fc0bbf4c7e","","checkpoint-status","not-started","","","TRUE","TRUE","Site QA","Floor Finishes","WING B2","B.25 UNISEX DISABLED","Subfloor, Floor Preparation, Adhesive","Floor preparation product installed in accordance with manufacturer's instructions"
"eaec6a8d-33f3-5510-9f26-659f5c08ad90","","checkpoint-status","not-started","","","TRUE","TRUE","Site QA","Floor Finishes","WING B2","B.25 UNISEX DISABLED","Subfloor, Floor Preparation, Adhesive","Floor transitions installed as per instructions from builder"
"1eea4e9e-ead1-4c00-934d-4415c12e0788","","checkpoint-status","not-started","","","TRUE","TRUE","Site QA","Floor Finishes","WING B2","B.25 UNISEX DISABLED","Subfloor, Floor Preparation, Adhesive","Waterproof tested for falls, and water test completed by waterproofers"
"8c520514-2d6e-5269-abb7-7213d60ae14a","","checkpoint-status","not-started","","","TRUE","TRUE","Site QA","Floor Finishes","WING B2","B.25 UNISEX DISABLED","Subfloor, Floor Preparation, Adhesive","Correct adhesive used"
"f4ca3746-3f62-52fd-95b4-349e794b8b52","","checkpoint-group","not-started","","","FALSE","FALSE","Site QA","Floor Finishes","WING B2","B.25 UNISEX DISABLED","Carpet / Vinyl"
"aead9c1f-2259-5295-b100-ea3e33317bca","","checkpoint-status","not-started","","","TRUE","TRUE","Site QA","Floor Finishes","WING B2","B.25 UNISEX DISABLED","Carpet / Vinyl","Confirm area of work is accessible & acceptable to commence (If not comment below)"
"b57f9a71-0e96-5bcf-9188-286cfe0e6549","","checkpoint-status","not-started","","","TRUE","TRUE","Site QA","Floor Finishes","WING B2","B.25 UNISEX DISABLED","Carpet / Vinyl","Vinyl installed as per plan"
"7cc66ed8-cd05-5874-945f-7bd57554fab5","","checkpoint-status","not-started","","","TRUE","TRUE","Site QA","Floor Finishes","WING B2","B.25 UNISEX DISABLED","Carpet / Vinyl","Carpet installed as per plan"
"2f5f1345-e74c-5aa9-84dd-c28c87c0dda1","","checkpoint-status","not-started","","","TRUE","TRUE","Site QA","Floor Finishes","WING B2","B.25 UNISEX DISABLED","Carpet / Vinyl","Joints sealed with heat welded seams and mitres as per AS 1884-2012"
"ade9368b-5d75-5f09-bbe0-bcde027009fc","","checkpoint-status","not-started","","","TRUE","TRUE","Site QA","Floor Finishes","WING B2","B.25 UNISEX DISABLED","Carpet / Vinyl","Vinyl skirt and coving used as per finishes markup - 150mm height"
"ab91a1f6-12c0-5267-94fb-7ac2a87bbfa0","","checkpoint-status","not-started","","","TRUE","TRUE","Site QA","Floor Finishes","WING B2","B.25 UNISEX DISABLED","Carpet / Vinyl","Installer Sign Off: Carpet / Vinyl installed as per manufacturer's instructions"
"801d731f-9704-5d38-9524-b377a87e1a56","","checkpoint-status","not-started","","","TRUE","TRUE","Site QA","Floor Finishes","WING B2","B.25 UNISEX DISABLED","Carpet / Vinyl","Add-Floors Sign Off"
"5c6226e9-1e0e-5e52-9228-4f7bc069100c","","checkpoint-status","not-started","","","TRUE","TRUE","Site QA","Floor Finishes","WING B2","B.25 UNISEX DISABLED","Carpet / Vinyl","Foreman installation sign off"
"0863f094-7a7c-52f4-95d1-9f77623bb825","","checkpoint-group","not-started","","","FALSE","FALSE","Site QA","Floor Finishes","WING B2","B.25 UNISEX DISABLED","Wall Finish"
"48b81dfe-ed01-5a7b-a94f-b629ac4809df","","checkpoint-status","not-started","","","TRUE","TRUE","Site QA","Floor Finishes","WING B2","B.25 UNISEX DISABLED","Wall Finish","Wall Finish installed as per plan"
"8ca1f4a0-0113-508a-ae56-8c98924128ec","","checkpoint-group","not-started","","","FALSE","FALSE","Site QA","Floor Finishes","WING B2","B.25 UNISEX DISABLED","Protection and Handover"
"4dcda87d-c921-5eee-99a8-83454a2c40fc","","checkpoint-status","not-started","","","TRUE","TRUE","Site QA","Floor Finishes","WING B2","B.25 UNISEX DISABLED","Protection and Handover","Installation complete, checked and reviewed - as per specification"
"8839a84f-f3cf-5620-bd56-952d62c3abe6","","checkpoint-status","not-started","","","TRUE","TRUE","Site QA","Floor Finishes","WING B2","B.25 UNISEX DISABLED","Protection and Handover","Floor protected with bubbleweave floor protection or polyweave"
"48bae380-c4d5-524a-8764-8d29c8c2a53e","","checkpoint-status","not-started","","","TRUE","TRUE","Site QA","Floor Finishes","WING B2","B.25 UNISEX DISABLED","Protection and Handover","Installer Sign Off: Protection installed as per manufacturer's instructions"
"a286336f-d70a-4449-b313-820421e71678","","checklist-sectioned","not-started","5a8a68d1221a9e608c282940756e19ac2c3c1dd54ffd7888cef6f74664a05c9a","checklist","FALSE","FALSE","Site QA","Floor Finishes","WING B2","B.26 NURSES STATION"
"57026e06-7b22-5bbc-aeaf-76dc7217dcb7","","checkpoint-group","not-started","","","FALSE","FALSE","Site QA","Floor Finishes","WING B2","B.26 NURSES STATION","Subfloor, Floor Preparation, Adhesive"
"66e6bd54-7417-5d87-b98a-4a890b8dafff","","checkpoint-status","not-started","","","TRUE","TRUE","Site QA","Floor Finishes","WING B2","B.26 NURSES STATION","Subfloor, Floor Preparation, Adhesive","Confirm area of work is accessible & acceptable to commence (If not comment below)"
"15237448-6912-5fe3-8123-0cee7cf327ce","","checkpoint-status","not-started","","","TRUE","TRUE","Site QA","Floor Finishes","WING B2","B.26 NURSES STATION","Subfloor, Floor Preparation, Adhesive","Subfloor mechanically diamond ground"
"c21ae329-5abd-4832-98dc-94d4d2504359","","checkpoint-status","not-started","","","TRUE","TRUE","Site QA","Floor Finishes","WING B2","B.26 NURSES STATION","Subfloor, Floor Preparation, Adhesive","Floor preparation product installed in accordance with manufacturer's instructions"
"e84ef00d-6c66-5de6-ba9e-3c3a2be4c998","","checkpoint-status","not-started","","","TRUE","TRUE","Site QA","Floor Finishes","WING B2","B.26 NURSES STATION","Subfloor, Floor Preparation, Adhesive","Floor transitions installed as per instructions from builder"
"419f6627-c1cf-4a81-ac21-2f7ec2e319e4","","checkpoint-status","not-started","","","TRUE","TRUE","Site QA","Floor Finishes","WING B2","B.26 NURSES STATION","Subfloor, Floor Preparation, Adhesive","Waterproof tested for falls, and water test completed by waterproofers"
"1cdb43f9-22ad-534b-bb35-8af5230bfbc4","","checkpoint-status","not-started","","","TRUE","TRUE","Site QA","Floor Finishes","WING B2","B.26 NURSES STATION","Subfloor, Floor Preparation, Adhesive","Correct adhesive used"
"912725b9-389a-5f36-a076-2152f9320412","","checkpoint-group","not-started","","","FALSE","FALSE","Site QA","Floor Finishes","WING B2","B.26 NURSES STATION","Carpet / Vinyl"
"c44fd4f7-8ad5-5a6a-9562-ff14a7cd5443","","checkpoint-status","not-started","","","TRUE","TRUE","Site QA","Floor Finishes","WING B2","B.26 NURSES STATION","Carpet / Vinyl","Confirm area of work is accessible & acceptable to commence (If not comment below)"
"22a3d65c-7e25-5f59-8531-d436acb2d603","","checkpoint-status","not-started","","","TRUE","TRUE","Site QA","Floor Finishes","WING B2","B.26 NURSES STATION","Carpet / Vinyl","Vinyl installed as per plan"
"2cdc9b9f-e326-5f7d-8c92-3be15f1dbd0d","","checkpoint-status","not-started","","","TRUE","TRUE","Site QA","Floor Finishes","WING B2","B.26 NURSES STATION","Carpet / Vinyl","Carpet installed as per plan"
"50d545e2-41d3-5ba6-87b4-b99228b17f8f","","checkpoint-status","not-started","","","TRUE","TRUE","Site QA","Floor Finishes","WING B2","B.26 NURSES STATION","Carpet / Vinyl","Joints sealed with heat welded seams and mitres as per AS 1884-2012"
"4fc6486a-f628-5896-85c5-92ec36081be9","","checkpoint-status","not-started","","","TRUE","TRUE","Site QA","Floor Finishes","WING B2","B.26 NURSES STATION","Carpet / Vinyl","Vinyl skirt and coving used as per finishes markup - 150mm height"
"c97067b6-9af0-5449-a19e-74f8bb496d84","","checkpoint-status","not-started","","","TRUE","TRUE","Site QA","Floor Finishes","WING B2","B.26 NURSES STATION","Carpet / Vinyl","Installer Sign Off: Carpet / Vinyl installed as per manufacturer's instructions"
"ec144a1a-8e31-59f3-be40-457eec762171","","checkpoint-status","not-started","","","TRUE","TRUE","Site QA","Floor Finishes","WING B2","B.26 NURSES STATION","Carpet / Vinyl","Add-Floors Sign Off"
"163ab805-b4d4-585e-9841-a82202e539b0","","checkpoint-status","not-started","","","TRUE","TRUE","Site QA","Floor Finishes","WING B2","B.26 NURSES STATION","Carpet / Vinyl","Foreman installation sign off"
"c5e4a714-95a2-53ba-80d2-f81c53e1701d","","checkpoint-group","not-started","","","FALSE","FALSE","Site QA","Floor Finishes","WING B2","B.26 NURSES STATION","Wall Finish"
"18b035da-f229-554a-9534-a4619e2218d2","","checkpoint-status","not-started","","","TRUE","TRUE","Site QA","Floor Finishes","WING B2","B.26 NURSES STATION","Wall Finish","Wall Finish installed as per plan"
"5061601b-f3f9-5221-a3c8-b40864cfde64","","checkpoint-group","not-started","","","FALSE","FALSE","Site QA","Floor Finishes","WING B2","B.26 NURSES STATION","Protection and Handover"
"063e8f0a-4f65-5ac7-830b-3493ab480f24","","checkpoint-status","not-started","","","TRUE","TRUE","Site QA","Floor Finishes","WING B2","B.26 NURSES STATION","Protection and Handover","Installation complete, checked and reviewed - as per specification"
"ed893096-38cd-5750-9b1d-21010671205f","","checkpoint-status","not-started","","","TRUE","TRUE","Site QA","Floor Finishes","WING B2","B.26 NURSES STATION","Protection and Handover","Floor protected with bubbleweave floor protection or polyweave"
"6b982bb8-1f3c-54eb-9add-994609db12a3","","checkpoint-status","not-started","","","TRUE","TRUE","Site QA","Floor Finishes","WING B2","B.26 NURSES STATION","Protection and Handover","Installer Sign Off: Protection installed as per manufacturer's instructions"
"a723e61f-4c98-40f1-aeef-b2ed97f55d8e","","checklist-sectioned","not-started","5a8a68d1221a9e608c282940756e19ac2c3c1dd54ffd7888cef6f74664a05c9a","checklist","FALSE","FALSE","Site QA","Floor Finishes","WING B2","B.27 CLEAN UTILITY"
"bbd6f37e-1e03-5ecb-b34d-4a39f8667487","","checkpoint-group","not-started","","","FALSE","FALSE","Site QA","Floor Finishes","WING B2","B.27 CLEAN UTILITY","Subfloor, Floor Preparation, Adhesive"
"0f2d1a1d-5402-5fdc-a739-f39661297e69","","checkpoint-status","not-started","","","TRUE","TRUE","Site QA","Floor Finishes","WING B2","B.27 CLEAN UTILITY","Subfloor, Floor Preparation, Adhesive","Confirm area of work is accessible & acceptable to commence (If not comment below)"
"ce737a8a-3d6c-56da-86d7-adbe648ef6b7","","checkpoint-status","not-started","","","TRUE","TRUE","Site QA","Floor Finishes","WING B2","B.27 CLEAN UTILITY","Subfloor, Floor Preparation, Adhesive","Subfloor mechanically diamond ground"
"eac2ae5d-8524-44e5-94e6-7f890065e3a8","","checkpoint-status","not-started","","","TRUE","TRUE","Site QA","Floor Finishes","WING B2","B.27 CLEAN UTILITY","Subfloor, Floor Preparation, Adhesive","Floor preparation product installed in accordance with manufacturer's instructions"
"9c913284-c2af-56b3-81bd-cbeb6c9354ed","","checkpoint-status","not-started","","","TRUE","TRUE","Site QA","Floor Finishes","WING B2","B.27 CLEAN UTILITY","Subfloor, Floor Preparation, Adhesive","Floor transitions installed as per instructions from builder"
"9d1186d5-c24a-43be-af92-5087119db10d","","checkpoint-status","not-started","","","TRUE","TRUE","Site QA","Floor Finishes","WING B2","B.27 CLEAN UTILITY","Subfloor, Floor Preparation, Adhesive","Waterproof tested for falls, and water test completed by waterproofers"
"1d27a545-5a3e-5590-86a0-41f62109d098","","checkpoint-status","not-started","","","TRUE","TRUE","Site QA","Floor Finishes","WING B2","B.27 CLEAN UTILITY","Subfloor, Floor Preparation, Adhesive","Correct adhesive used"
"7fbce296-7c8a-5e35-930f-db2b59b03d2e","","checkpoint-group","not-started","","","FALSE","FALSE","Site QA","Floor Finishes","WING B2","B.27 CLEAN UTILITY","Carpet / Vinyl"
"644d5966-8943-5b4f-8b63-8d10f9ae999b","","checkpoint-status","not-started","","","TRUE","TRUE","Site QA","Floor Finishes","WING B2","B.27 CLEAN UTILITY","Carpet / Vinyl","Confirm area of work is accessible & acceptable to commence (If not comment below)"
"dc6b6552-507d-553a-b6ff-c1bda0eba40d","","checkpoint-status","not-started","","","TRUE","TRUE","Site QA","Floor Finishes","WING B2","B.27 CLEAN UTILITY","Carpet / Vinyl","Vinyl installed as per plan"
"f1adfad7-4150-55da-bfe1-317bed9645aa","","checkpoint-status","not-started","","","TRUE","TRUE","Site QA","Floor Finishes","WING B2","B.27 CLEAN UTILITY","Carpet / Vinyl","Carpet installed as per plan"
"95061582-904d-59a2-a5e8-e4f6205b2574","","checkpoint-status","not-started","","","TRUE","TRUE","Site QA","Floor Finishes","WING B2","B.27 CLEAN UTILITY","Carpet / Vinyl","Joints sealed with heat welded seams and mitres as per AS 1884-2012"
"15418d6b-944b-5df0-94d9-9b2d7c753e76","","checkpoint-status","not-started","","","TRUE","TRUE","Site QA","Floor Finishes","WING B2","B.27 CLEAN UTILITY","Carpet / Vinyl","Vinyl skirt and coving used as per finishes markup - 150mm height"
"7fc7d4f5-2259-596f-b55e-e44afed94f9a","","checkpoint-status","not-started","","","TRUE","TRUE","Site QA","Floor Finishes","WING B2","B.27 CLEAN UTILITY","Carpet / Vinyl","Installer Sign Off: Carpet / Vinyl installed as per manufacturer's instructions"
"e1850b61-1ae2-5673-9d32-d3e809b7eb38","","checkpoint-status","not-started","","","TRUE","TRUE","Site QA","Floor Finishes","WING B2","B.27 CLEAN UTILITY","Carpet / Vinyl","Add-Floors Sign Off"
"c6ad6688-d30e-5db3-b4b6-0d35f8472b28","","checkpoint-status","not-started","","","TRUE","TRUE","Site QA","Floor Finishes","WING B2","B.27 CLEAN UTILITY","Carpet / Vinyl","Foreman installation sign off"
"53670dc6-e6a8-5e49-a109-7252a8de69f8","","checkpoint-group","not-started","","","FALSE","FALSE","Site QA","Floor Finishes","WING B2","B.27 CLEAN UTILITY","Wall Finish"
"33f30cb3-7847-5f48-834d-aac8c362d5a8","","checkpoint-status","not-started","","","TRUE","TRUE","Site QA","Floor Finishes","WING B2","B.27 CLEAN UTILITY","Wall Finish","Wall Finish installed as per plan"
"042f91bd-a31b-5588-9b0f-95992ad42bba","","checkpoint-group","not-started","","","FALSE","FALSE","Site QA","Floor Finishes","WING B2","B.27 CLEAN UTILITY","Protection and Handover"
"39760d14-5ab8-5314-9b57-d510998f6136","","checkpoint-status","not-started","","","TRUE","TRUE","Site QA","Floor Finishes","WING B2","B.27 CLEAN UTILITY","Protection and Handover","Installation complete, checked and reviewed - as per specification"
"c38e05c6-9374-5f2e-a68a-71d86110a9b6","","checkpoint-status","not-started","","","TRUE","TRUE","Site QA","Floor Finishes","WING B2","B.27 CLEAN UTILITY","Protection and Handover","Floor protected with bubbleweave floor protection or polyweave"
"ccc94382-d932-57c6-84cc-cf051e278b23","","checkpoint-status","not-started","","","TRUE","TRUE","Site QA","Floor Finishes","WING B2","B.27 CLEAN UTILITY","Protection and Handover","Installer Sign Off: Protection installed as per manufacturer's instructions"
"416452f9-565b-46dd-ace3-1a4820293866","","checklist-sectioned","not-started","5a8a68d1221a9e608c282940756e19ac2c3c1dd54ffd7888cef6f74664a05c9a","checklist","FALSE","FALSE","Site QA","Floor Finishes","WING B2","B.28 BED"
"5128f596-6da7-5f23-9cf9-3a9cc22a2ee9","","checkpoint-group","not-started","","","FALSE","FALSE","Site QA","Floor Finishes","WING B2","B.28 BED","Subfloor, Floor Preparation, Adhesive"
"533f65ee-b2bc-59a0-8650-c63d2044fc61","","checkpoint-status","not-started","","","TRUE","TRUE","Site QA","Floor Finishes","WING B2","B.28 BED","Subfloor, Floor Preparation, Adhesive","Confirm area of work is accessible & acceptable to commence (If not comment below)"
"580a735a-cf3f-57e0-b0d6-9235c671522e","","checkpoint-status","not-started","","","TRUE","TRUE","Site QA","Floor Finishes","WING B2","B.28 BED","Subfloor, Floor Preparation, Adhesive","Subfloor mechanically diamond ground"
"35d45788-dab7-4db5-832a-22215d5c81f9","","checkpoint-status","not-started","","","TRUE","TRUE","Site QA","Floor Finishes","WING B2","B.28 BED","Subfloor, Floor Preparation, Adhesive","Floor preparation product installed in accordance with manufacturer's instructions"
"f37cea57-bdce-5094-90fd-ef3b651bc1dd","","checkpoint-status","not-started","","","TRUE","TRUE","Site QA","Floor Finishes","WING B2","B.28 BED","Subfloor, Floor Preparation, Adhesive","Floor transitions installed as per instructions from builder"
"8d474ac6-f499-4222-a6c6-7cae4d81e0a2","","checkpoint-status","not-started","","","TRUE","TRUE","Site QA","Floor Finishes","WING B2","B.28 BED","Subfloor, Floor Preparation, Adhesive","Waterproof tested for falls, and water test completed by waterproofers"
"c3d2cc87-55a1-522f-af28-0a1b00209ae3","","checkpoint-status","not-started","","","TRUE","TRUE","Site QA","Floor Finishes","WING B2","B.28 BED","Subfloor, Floor Preparation, Adhesive","Correct adhesive used"
"c47e8d3c-ab40-5128-8036-d77649f301d2","","checkpoint-group","not-started","","","FALSE","FALSE","Site QA","Floor Finishes","WING B2","B.28 BED","Carpet / Vinyl"
"e0024203-62eb-5bf4-8245-ea0f6856d77f","","checkpoint-status","not-started","","","TRUE","TRUE","Site QA","Floor Finishes","WING B2","B.28 BED","Carpet / Vinyl","Confirm area of work is accessible & acceptable to commence (If not comment below)"
"dffdbc2b-997a-5525-902c-635b14b9e7cd","","checkpoint-status","not-started","","","TRUE","TRUE","Site QA","Floor Finishes","WING B2","B.28 BED","Carpet / Vinyl","Vinyl installed as per plan"
"fa44ee08-5143-572d-bb97-6d84da93c1ef","","checkpoint-status","not-started","","","TRUE","TRUE","Site QA","Floor Finishes","WING B2","B.28 BED","Carpet / Vinyl","Carpet installed as per plan"
"2dc120b9-a01e-5dcf-9e60-d74ae5c63435","","checkpoint-status","not-started","","","TRUE","TRUE","Site QA","Floor Finishes","WING B2","B.28 BED","Carpet / Vinyl","Joints sealed with heat welded seams and mitres as per AS 1884-2012"
"2c3e400b-c34a-5670-b8fe-4917e6f5d0e7","","checkpoint-status","not-started","","","TRUE","TRUE","Site QA","Floor Finishes","WING B2","B.28 BED","Carpet / Vinyl","Vinyl skirt and coving used as per finishes markup - 150mm height"
"69934243-8e74-571c-b973-63e91326f290","","checkpoint-status","not-started","","","TRUE","TRUE","Site QA","Floor Finishes","WING B2","B.28 BED","Carpet / Vinyl","Installer Sign Off: Carpet / Vinyl installed as per manufacturer's instructions"
"527a8721-5876-560a-9eec-cce8e61bd548","","checkpoint-status","not-started","","","TRUE","TRUE","Site QA","Floor Finishes","WING B2","B.28 BED","Carpet / Vinyl","Add-Floors Sign Off"
"a913bafd-0346-5473-8295-b91ae65895bb","","checkpoint-status","not-started","","","TRUE","TRUE","Site QA","Floor Finishes","WING B2","B.28 BED","Carpet / Vinyl","Foreman installation sign off"
"7f5e682d-2773-5eb5-9e8b-cbbedc8b77fe","","checkpoint-group","not-started","","","FALSE","FALSE","Site QA","Floor Finishes","WING B2","B.28 BED","Wall Finish"
"dbe97eab-545a-5da0-8e5f-be0869509866","","checkpoint-status","not-started","","","TRUE","TRUE","Site QA","Floor Finishes","WING B2","B.28 BED","Wall Finish","Wall Finish installed as per plan"
"06866eb2-6612-5367-a21e-2314d08c1578","","checkpoint-group","not-started","","","FALSE","FALSE","Site QA","Floor Finishes","WING B2","B.28 BED","Protection and Handover"
"17398404-e94f-57c9-9470-88cb1fd6c01b","","checkpoint-status","not-started","","","TRUE","TRUE","Site QA","Floor Finishes","WING B2","B.28 BED","Protection and Handover","Installation complete, checked and reviewed - as per specification"
"2af2a126-d3bb-53c8-a9f4-3a352f85c763","","checkpoint-status","not-started","","","TRUE","TRUE","Site QA","Floor Finishes","WING B2","B.28 BED","Protection and Handover","Floor protected with bubbleweave floor protection or polyweave"
"ee60cee5-9c47-5e55-bade-7622f1c34af5","","checkpoint-status","not-started","","","TRUE","TRUE","Site QA","Floor Finishes","WING B2","B.28 BED","Protection and Handover","Installer Sign Off: Protection installed as per manufacturer's instructions"
"1d4273a2-d581-416a-9065-39972424df2d","","checklist-sectioned","not-started","5a8a68d1221a9e608c282940756e19ac2c3c1dd54ffd7888cef6f74664a05c9a","checklist","FALSE","FALSE","Site QA","Floor Finishes","WING B2","B.28A ENSUITE"
"33a4f4ac-8836-5716-97ea-7437a5f769b8","","checkpoint-group","not-started","","","FALSE","FALSE","Site QA","Floor Finishes","WING B2","B.28A ENSUITE","Subfloor, Floor Preparation, Adhesive"
"15d092ab-56b9-561c-bd16-2ff80dccc205","","checkpoint-status","not-started","","","TRUE","TRUE","Site QA","Floor Finishes","WING B2","B.28A ENSUITE","Subfloor, Floor Preparation, Adhesive","Confirm area of work is accessible & acceptable to commence (If not comment below)"
"b4e60af3-95a8-5168-b524-0ea0f3628df4","","checkpoint-status","not-started","","","TRUE","TRUE","Site QA","Floor Finishes","WING B2","B.28A ENSUITE","Subfloor, Floor Preparation, Adhesive","Subfloor mechanically diamond ground"
"14404114-05bf-4e9a-b379-ff891a90dd83","","checkpoint-status","not-started","","","TRUE","TRUE","Site QA","Floor Finishes","WING B2","B.28A ENSUITE","Subfloor, Floor Preparation, Adhesive","Floor preparation product installed in accordance with manufacturer's instructions"
"8c24d235-a255-51f7-b6ef-07c4e2db0b8a","","checkpoint-status","not-started","","","TRUE","TRUE","Site QA","Floor Finishes","WING B2","B.28A ENSUITE","Subfloor, Floor Preparation, Adhesive","Floor transitions installed as per instructions from builder"
"d581c61c-44bf-49c5-983a-e3e30da5d40a","","checkpoint-status","not-started","","","TRUE","TRUE","Site QA","Floor Finishes","WING B2","B.28A ENSUITE","Subfloor, Floor Preparation, Adhesive","Waterproof tested for falls, and water test completed by waterproofers"
"0a5e6de1-8d2a-55e0-883c-3fbd577f7d2d","","checkpoint-status","not-started","","","TRUE","TRUE","Site QA","Floor Finishes","WING B2","B.28A ENSUITE","Subfloor, Floor Preparation, Adhesive","Correct adhesive used"
"5808fb0f-9aca-581d-b57f-ab166f387f1c","","checkpoint-group","not-started","","","FALSE","FALSE","Site QA","Floor Finishes","WING B2","B.28A ENSUITE","Carpet / Vinyl"
"25363885-dd70-5f23-9c46-bcee81b04e0d","","checkpoint-status","not-started","","","TRUE","TRUE","Site QA","Floor Finishes","WING B2","B.28A ENSUITE","Carpet / Vinyl","Confirm area of work is accessible & acceptable to commence (If not comment below)"
"0efa629f-3cbd-57f4-95e7-540f4eefcfc4","","checkpoint-status","not-started","","","TRUE","TRUE","Site QA","Floor Finishes","WING B2","B.28A ENSUITE","Carpet / Vinyl","Vinyl installed as per plan"
"21558eed-1c80-532f-8191-96721a905ce1","","checkpoint-status","not-started","","","TRUE","TRUE","Site QA","Floor Finishes","WING B2","B.28A ENSUITE","Carpet / Vinyl","Carpet installed as per plan"
"5cfea45c-c3ad-5347-bc31-33f42050116a","","checkpoint-status","not-started","","","TRUE","TRUE","Site QA","Floor Finishes","WING B2","B.28A ENSUITE","Carpet / Vinyl","Joints sealed with heat welded seams and mitres as per AS 1884-2012"
"7558309b-52fe-5358-8eae-123a8b0e282f","","checkpoint-status","not-started","","","TRUE","TRUE","Site QA","Floor Finishes","WING B2","B.28A ENSUITE","Carpet / Vinyl","Vinyl skirt and coving used as per finishes markup - 150mm height"
"0c01b2fd-e589-5968-bc1e-7ec9772e21b8","","checkpoint-status","not-started","","","TRUE","TRUE","Site QA","Floor Finishes","WING B2","B.28A ENSUITE","Carpet / Vinyl","Installer Sign Off: Carpet / Vinyl installed as per manufacturer's instructions"
"ea16e23b-704a-5ea5-aa8d-c75d81903ad9","","checkpoint-status","not-started","","","TRUE","TRUE","Site QA","Floor Finishes","WING B2","B.28A ENSUITE","Carpet / Vinyl","Add-Floors Sign Off"
"558e27b1-bc39-5b5a-8408-46da572a8911","","checkpoint-status","not-started","","","TRUE","TRUE","Site QA","Floor Finishes","WING B2","B.28A ENSUITE","Carpet / Vinyl","Foreman installation sign off"
"e061ecfd-203c-5132-98fc-5fdab758976b","","checkpoint-group","not-started","","","FALSE","FALSE","Site QA","Floor Finishes","WING B2","B.28A ENSUITE","Wall Finish"
"e593c9ae-7301-58f5-b799-bbed91ff4205","","checkpoint-status","not-started","","","TRUE","TRUE","Site QA","Floor Finishes","WING B2","B.28A ENSUITE","Wall Finish","Wall Finish installed as per plan"
"cac88293-be23-52f5-9c99-dc65c08cca1b","","checkpoint-group","not-started","","","FALSE","FALSE","Site QA","Floor Finishes","WING B2","B.28A ENSUITE","Protection and Handover"
"c0cb52ab-bca1-5a0a-8054-03d83f458eb3","","checkpoint-status","not-started","","","TRUE","TRUE","Site QA","Floor Finishes","WING B2","B.28A ENSUITE","Protection and Handover","Installation complete, checked and reviewed - as per specification"
"e333831b-53d9-564d-9e3c-5c2119d82856","","checkpoint-status","not-started","","","TRUE","TRUE","Site QA","Floor Finishes","WING B2","B.28A ENSUITE","Protection and Handover","Floor protected with bubbleweave floor protection or polyweave"
"c5bd95c3-e7c4-51dd-94c0-0c20d76ab834","","checkpoint-status","not-started","","","TRUE","TRUE","Site QA","Floor Finishes","WING B2","B.28A ENSUITE","Protection and Handover","Installer Sign Off: Protection installed as per manufacturer's instructions"
"b1d8d1df-22e2-4987-9e70-6b6e69e1a4a3","","checklist-sectioned","not-started","5a8a68d1221a9e608c282940756e19ac2c3c1dd54ffd7888cef6f74664a05c9a","checklist","FALSE","FALSE","Site QA","Floor Finishes","WING B2","B.29 BED"
"76902333-f6e1-5027-b896-55f05d50cbac","","checkpoint-group","not-started","","","FALSE","FALSE","Site QA","Floor Finishes","WING B2","B.29 BED","Subfloor, Floor Preparation, Adhesive"
"be7853ff-3a83-512c-a498-1ec8d9cad7f8","","checkpoint-status","not-started","","","TRUE","TRUE","Site QA","Floor Finishes","WING B2","B.29 BED","Subfloor, Floor Preparation, Adhesive","Confirm area of work is accessible & acceptable to commence (If not comment below)"
"2da651a5-ddb6-588e-b4e6-1f0781910534","","checkpoint-status","not-started","","","TRUE","TRUE","Site QA","Floor Finishes","WING B2","B.29 BED","Subfloor, Floor Preparation, Adhesive","Subfloor mechanically diamond ground"
"34213a75-bfd4-45cb-98f4-50e34e2f03e8","","checkpoint-status","not-started","","","TRUE","TRUE","Site QA","Floor Finishes","WING B2","B.29 BED","Subfloor, Floor Preparation, Adhesive","Floor preparation product installed in accordance with manufacturer's instructions"
"bee794a4-c1f5-5362-a463-0fa5ee3f37c7","","checkpoint-status","not-started","","","TRUE","TRUE","Site QA","Floor Finishes","WING B2","B.29 BED","Subfloor, Floor Preparation, Adhesive","Floor transitions installed as per instructions from builder"
"b36baf0c-067c-45be-83a8-d264f50a3d0c","","checkpoint-status","not-started","","","TRUE","TRUE","Site QA","Floor Finishes","WING B2","B.29 BED","Subfloor, Floor Preparation, Adhesive","Waterproof tested for falls, and water test completed by waterproofers"
"b674fdb3-b036-509a-b0ee-520654bc1e3d","","checkpoint-status","not-started","","","TRUE","TRUE","Site QA","Floor Finishes","WING B2","B.29 BED","Subfloor, Floor Preparation, Adhesive","Correct adhesive used"
"f353b08f-0eb2-5a16-bb06-624d16d981fd","","checkpoint-group","not-started","","","FALSE","FALSE","Site QA","Floor Finishes","WING B2","B.29 BED","Carpet / Vinyl"
"d2d317b3-5701-552b-bf13-ed39d39728f8","","checkpoint-status","not-started","","","TRUE","TRUE","Site QA","Floor Finishes","WING B2","B.29 BED","Carpet / Vinyl","Confirm area of work is accessible & acceptable to commence (If not comment below)"
"c3040a22-3f63-5eee-a4c2-5018934cad01","","checkpoint-status","not-started","","","TRUE","TRUE","Site QA","Floor Finishes","WING B2","B.29 BED","Carpet / Vinyl","Vinyl installed as per plan"
"b5e9bbb1-f7fb-5ecb-9041-081d834d5ea8","","checkpoint-status","not-started","","","TRUE","TRUE","Site QA","Floor Finishes","WING B2","B.29 BED","Carpet / Vinyl","Carpet installed as per plan"
"2be35c39-0c57-5d7b-ba47-a3ecca2ad8ec","","checkpoint-status","not-started","","","TRUE","TRUE","Site QA","Floor Finishes","WING B2","B.29 BED","Carpet / Vinyl","Joints sealed with heat welded seams and mitres as per AS 1884-2012"
"88322e4c-fcf5-5d65-896d-75e5f7f946f3","","checkpoint-status","not-started","","","TRUE","TRUE","Site QA","Floor Finishes","WING B2","B.29 BED","Carpet / Vinyl","Vinyl skirt and coving used as per finishes markup - 150mm height"
"14e0cf01-27ae-54cb-a759-54338a0b80c9","","checkpoint-status","not-started","","","TRUE","TRUE","Site QA","Floor Finishes","WING B2","B.29 BED","Carpet / Vinyl","Installer Sign Off: Carpet / Vinyl installed as per manufacturer's instructions"
"cb5b1795-c950-534e-b088-ab8888cf8a25","","checkpoint-status","not-started","","","TRUE","TRUE","Site QA","Floor Finishes","WING B2","B.29 BED","Carpet / Vinyl","Add-Floors Sign Off"
"eacd18ca-a79c-5331-a813-19b6b82ef492","","checkpoint-status","not-started","","","TRUE","TRUE","Site QA","Floor Finishes","WING B2","B.29 BED","Carpet / Vinyl","Foreman installation sign off"
"2bde4cda-7647-58fb-97b7-ede9c9c1205f","","checkpoint-group","not-started","","","FALSE","FALSE","Site QA","Floor Finishes","WING B2","B.29 BED","Wall Finish"
"37f5d77c-abc6-59b6-a3bf-27cb0ac3749a","","checkpoint-status","not-started","","","TRUE","TRUE","Site QA","Floor Finishes","WING B2","B.29 BED","Wall Finish","Wall Finish installed as per plan"
"1a566002-7808-566e-85d5-19ec7c1aee7b","","checkpoint-group","not-started","","","FALSE","FALSE","Site QA","Floor Finishes","WING B2","B.29 BED","Protection and Handover"
"564ca17f-331a-50a5-9393-72a88412ae11","","checkpoint-status","not-started","","","TRUE","TRUE","Site QA","Floor Finishes","WING B2","B.29 BED","Protection and Handover","Installation complete, checked and reviewed - as per specification"
"497150b1-9331-5e78-9e46-eb51f3959d36","","checkpoint-status","not-started","","","TRUE","TRUE","Site QA","Floor Finishes","WING B2","B.29 BED","Protection and Handover","Floor protected with bubbleweave floor protection or polyweave"
"8aa82b23-9c10-5768-815b-5f79164c9cfb","","checkpoint-status","not-started","","","TRUE","TRUE","Site QA","Floor Finishes","WING B2","B.29 BED","Protection and Handover","Installer Sign Off: Protection installed as per manufacturer's instructions"
"34b76bb1-0748-46cc-8b08-54f93e845845","","checklist-sectioned","not-started","5a8a68d1221a9e608c282940756e19ac2c3c1dd54ffd7888cef6f74664a05c9a","checklist","FALSE","FALSE","Site QA","Floor Finishes","WING B2","B.29A ENSUITE"
"6ebd4be5-fb86-536a-80fd-97f2ec9199f9","","checkpoint-group","not-started","","","FALSE","FALSE","Site QA","Floor Finishes","WING B2","B.29A ENSUITE","Subfloor, Floor Preparation, Adhesive"
"5394c2d0-0069-543a-b460-042ef47cc4d0","","checkpoint-status","not-started","","","TRUE","TRUE","Site QA","Floor Finishes","WING B2","B.29A ENSUITE","Subfloor, Floor Preparation, Adhesive","Confirm area of work is accessible & acceptable to commence (If not comment below)"
"a567b714-00e8-5738-91c5-c432f055aed1","","checkpoint-status","not-started","","","TRUE","TRUE","Site QA","Floor Finishes","WING B2","B.29A ENSUITE","Subfloor, Floor Preparation, Adhesive","Subfloor mechanically diamond ground"
"f377fdc9-e5c6-4541-903a-23c54ba752e3","","checkpoint-status","not-started","","","TRUE","TRUE","Site QA","Floor Finishes","WING B2","B.29A ENSUITE","Subfloor, Floor Preparation, Adhesive","Floor preparation product installed in accordance with manufacturer's instructions"
"b673703b-a49e-5b5b-8de0-79c9d2ff289d","","checkpoint-status","not-started","","","TRUE","TRUE","Site QA","Floor Finishes","WING B2","B.29A ENSUITE","Subfloor, Floor Preparation, Adhesive","Floor transitions installed as per instructions from builder"
"446c21ff-1d68-47c0-87fb-da288a2a6a95","","checkpoint-status","not-started","","","TRUE","TRUE","Site QA","Floor Finishes","WING B2","B.29A ENSUITE","Subfloor, Floor Preparation, Adhesive","Waterproof tested for falls, and water test completed by waterproofers"
"8c703187-1246-528c-8058-06e17339799f","","checkpoint-status","not-started","","","TRUE","TRUE","Site QA","Floor Finishes","WING B2","B.29A ENSUITE","Subfloor, Floor Preparation, Adhesive","Correct adhesive used"
"b581f894-19ae-5daf-9e98-6a3ae277c6ba","","checkpoint-group","not-started","","","FALSE","FALSE","Site QA","Floor Finishes","WING B2","B.29A ENSUITE","Carpet / Vinyl"
"ed0c77a6-5091-5a5f-b21b-c348c1d5e383","","checkpoint-status","not-started","","","TRUE","TRUE","Site QA","Floor Finishes","WING B2","B.29A ENSUITE","Carpet / Vinyl","Confirm area of work is accessible & acceptable to commence (If not comment below)"
"81b56050-6472-534e-bdfe-e4b7cd5f1451","","checkpoint-status","not-started","","","TRUE","TRUE","Site QA","Floor Finishes","WING B2","B.29A ENSUITE","Carpet / Vinyl","Vinyl installed as per plan"
"1e4c8491-9a84-5d55-93fd-425cc7af35b0","","checkpoint-status","not-started","","","TRUE","TRUE","Site QA","Floor Finishes","WING B2","B.29A ENSUITE","Carpet / Vinyl","Carpet installed as per plan"
"d9a77c80-e985-5f2a-989e-9c0c4aabbbc3","","checkpoint-status","not-started","","","TRUE","TRUE","Site QA","Floor Finishes","WING B2","B.29A ENSUITE","Carpet / Vinyl","Joints sealed with heat welded seams and mitres as per AS 1884-2012"
"00dcccb1-9ceb-51f7-be36-6ff44a92c996","","checkpoint-status","not-started","","","TRUE","TRUE","Site QA","Floor Finishes","WING B2","B.29A ENSUITE","Carpet / Vinyl","Vinyl skirt and coving used as per finishes markup - 150mm height"
"6c7d86ed-dfcc-54c7-8e6c-e7c86fca2742","","checkpoint-status","not-started","","","TRUE","TRUE","Site QA","Floor Finishes","WING B2","B.29A ENSUITE","Carpet / Vinyl","Installer Sign Off: Carpet / Vinyl installed as per manufacturer's instructions"
"6d14e11b-5764-5387-8356-bd4969100e26","","checkpoint-status","not-started","","","TRUE","TRUE","Site QA","Floor Finishes","WING B2","B.29A ENSUITE","Carpet / Vinyl","Add-Floors Sign Off"
"2bd4ced0-76b0-5a2f-9103-2f8f13b9c498","","checkpoint-status","not-started","","","TRUE","TRUE","Site QA","Floor Finishes","WING B2","B.29A ENSUITE","Carpet / Vinyl","Foreman installation sign off"
"81d95714-225b-58ba-8ae4-219bccd977a3","","checkpoint-group","not-started","","","FALSE","FALSE","Site QA","Floor Finishes","WING B2","B.29A ENSUITE","Wall Finish"
"2c4377c3-d65a-5180-9502-cf98d8f277eb","","checkpoint-status","not-started","","","TRUE","TRUE","Site QA","Floor Finishes","WING B2","B.29A ENSUITE","Wall Finish","Wall Finish installed as per plan"
"252fe0e8-904f-508d-a61f-d2cc4a2bfb94","","checkpoint-group","not-started","","","FALSE","FALSE","Site QA","Floor Finishes","WING B2","B.29A ENSUITE","Protection and Handover"
"991d2e85-42a4-543e-8511-ededc287ae2e","","checkpoint-status","not-started","","","TRUE","TRUE","Site QA","Floor Finishes","WING B2","B.29A ENSUITE","Protection and Handover","Installation complete, checked and reviewed - as per specification"
"acfaa2f7-c79e-596d-a2de-1213cadc664b","","checkpoint-status","not-started","","","TRUE","TRUE","Site QA","Floor Finishes","WING B2","B.29A ENSUITE","Protection and Handover","Floor protected with bubbleweave floor protection or polyweave"
"8ee0a59b-8927-5414-bb36-c7c765093f2b","","checkpoint-status","not-started","","","TRUE","TRUE","Site QA","Floor Finishes","WING B2","B.29A ENSUITE","Protection and Handover","Installer Sign Off: Protection installed as per manufacturer's instructions"
"dd61dff2-008d-4867-843d-f1881810b6ca","","checklist-sectioned","not-started","5a8a68d1221a9e608c282940756e19ac2c3c1dd54ffd7888cef6f74664a05c9a","checklist","FALSE","FALSE","Site QA","Floor Finishes","WING B2","B.30 BED"
"03251055-6308-5e3c-b4c9-551f4dd5fdde","","checkpoint-group","not-started","","","FALSE","FALSE","Site QA","Floor Finishes","WING B2","B.30 BED","Subfloor, Floor Preparation, Adhesive"
"ab88829a-5d10-5c17-99e5-225e165dd143","","checkpoint-status","not-started","","","TRUE","TRUE","Site QA","Floor Finishes","WING B2","B.30 BED","Subfloor, Floor Preparation, Adhesive","Confirm area of work is accessible & acceptable to commence (If not comment below)"
"2e4e1ec4-89e1-529b-a125-97d8fa70cf6a","","checkpoint-status","not-started","","","TRUE","TRUE","Site QA","Floor Finishes","WING B2","B.30 BED","Subfloor, Floor Preparation, Adhesive","Subfloor mechanically diamond ground"
"de551d28-ca5e-439d-a530-78f86cb5ee52","","checkpoint-status","not-started","","","TRUE","TRUE","Site QA","Floor Finishes","WING B2","B.30 BED","Subfloor, Floor Preparation, Adhesive","Floor preparation product installed in accordance with manufacturer's instructions"
"73963a66-efd3-5af3-8d66-d334ba99b8f7","","checkpoint-status","not-started","","","TRUE","TRUE","Site QA","Floor Finishes","WING B2","B.30 BED","Subfloor, Floor Preparation, Adhesive","Floor transitions installed as per instructions from builder"
"b0b5de72-c794-4139-b0a5-a8107430fb52","","checkpoint-status","not-started","","","TRUE","TRUE","Site QA","Floor Finishes","WING B2","B.30 BED","Subfloor, Floor Preparation, Adhesive","Waterproof tested for falls, and water test completed by waterproofers"
"71e3c8dd-ee6e-5313-a9d2-6d4ddf05d64a","","checkpoint-status","not-started","","","TRUE","TRUE","Site QA","Floor Finishes","WING B2","B.30 BED","Subfloor, Floor Preparation, Adhesive","Correct adhesive used"
"752c9046-1264-559a-9a81-496fd5a871db","","checkpoint-group","not-started","","","FALSE","FALSE","Site QA","Floor Finishes","WING B2","B.30 BED","Carpet / Vinyl"
"d6e51c04-98cb-5f90-8a5f-63c0903bea6d","","checkpoint-status","not-started","","","TRUE","TRUE","Site QA","Floor Finishes","WING B2","B.30 BED","Carpet / Vinyl","Confirm area of work is accessible & acceptable to commence (If not comment below)"
"a60205d9-4c95-59ee-ba00-feab57eca3cb","","checkpoint-status","not-started","","","TRUE","TRUE","Site QA","Floor Finishes","WING B2","B.30 BED","Carpet / Vinyl","Vinyl installed as per plan"
"6b6f10e1-7649-53cf-8926-46c0b9262489","","checkpoint-status","not-started","","","TRUE","TRUE","Site QA","Floor Finishes","WING B2","B.30 BED","Carpet / Vinyl","Carpet installed as per plan"
"ae828d48-7ffa-5609-9ffa-b2e0de0115ad","","checkpoint-status","not-started","","","TRUE","TRUE","Site QA","Floor Finishes","WING B2","B.30 BED","Carpet / Vinyl","Joints sealed with heat welded seams and mitres as per AS 1884-2012"
"135b0b00-8fe9-5ece-885a-01dfecf78be4","","checkpoint-status","not-started","","","TRUE","TRUE","Site QA","Floor Finishes","WING B2","B.30 BED","Carpet / Vinyl","Vinyl skirt and coving used as per finishes markup - 150mm height"
"e6b92161-f366-50f6-8ed2-e8c98f252a52","","checkpoint-status","not-started","","","TRUE","TRUE","Site QA","Floor Finishes","WING B2","B.30 BED","Carpet / Vinyl","Installer Sign Off: Carpet / Vinyl installed as per manufacturer's instructions"
"eb0659fc-6972-57cf-82ea-bc4944072aeb","","checkpoint-status","not-started","","","TRUE","TRUE","Site QA","Floor Finishes","WING B2","B.30 BED","Carpet / Vinyl","Add-Floors Sign Off"
"6fe5dc30-df3a-58a5-a962-bed10e25c35e","","checkpoint-status","not-started","","","TRUE","TRUE","Site QA","Floor Finishes","WING B2","B.30 BED","Carpet / Vinyl","Foreman installation sign off"
"9320304b-cf10-5f7e-b9c0-5b0bbd26cc8b","","checkpoint-group","not-started","","","FALSE","FALSE","Site QA","Floor Finishes","WING B2","B.30 BED","Wall Finish"
"ad831ae0-ac6f-59b3-9d8f-4f416d0e4358","","checkpoint-status","not-started","","","TRUE","TRUE","Site QA","Floor Finishes","WING B2","B.30 BED","Wall Finish","Wall Finish installed as per plan"
"f8b765dc-1476-5a2e-a788-3e2252c398ba","","checkpoint-group","not-started","","","FALSE","FALSE","Site QA","Floor Finishes","WING B2","B.30 BED","Protection and Handover"
"6c3de5f9-a6ee-571b-933b-ed31e83d4c38","","checkpoint-status","not-started","","","TRUE","TRUE","Site QA","Floor Finishes","WING B2","B.30 BED","Protection and Handover","Installation complete, checked and reviewed - as per specification"
"8c4dbfbb-a6be-5f77-94be-199994357248","","checkpoint-status","not-started","","","TRUE","TRUE","Site QA","Floor Finishes","WING B2","B.30 BED","Protection and Handover","Floor protected with bubbleweave floor protection or polyweave"
"07b85849-5cc7-5e18-9c9d-5029b1637347","","checkpoint-status","not-started","","","TRUE","TRUE","Site QA","Floor Finishes","WING B2","B.30 BED","Protection and Handover","Installer Sign Off: Protection installed as per manufacturer's instructions"
"271abcbb-7a5f-4930-a762-12e1f596b728","","checklist-sectioned","not-started","5a8a68d1221a9e608c282940756e19ac2c3c1dd54ffd7888cef6f74664a05c9a","checklist","FALSE","FALSE","Site QA","Floor Finishes","WING B2","B.30A ENSUITE"
"a5537e05-23ce-5ac5-8a03-85ecc179a7aa","","checkpoint-group","not-started","","","FALSE","FALSE","Site QA","Floor Finishes","WING B2","B.30A ENSUITE","Subfloor, Floor Preparation, Adhesive"
"4583818b-a80e-5527-a4fb-f6ab608e39de","","checkpoint-status","not-started","","","TRUE","TRUE","Site QA","Floor Finishes","WING B2","B.30A ENSUITE","Subfloor, Floor Preparation, Adhesive","Confirm area of work is accessible & acceptable to commence (If not comment below)"
"ef91db7e-7afb-5a68-89c0-20b26f970dc3","","checkpoint-status","not-started","","","TRUE","TRUE","Site QA","Floor Finishes","WING B2","B.30A ENSUITE","Subfloor, Floor Preparation, Adhesive","Subfloor mechanically diamond ground"
"3765220b-c1ac-4321-ab82-5c8fab0d6209","","checkpoint-status","not-started","","","TRUE","TRUE","Site QA","Floor Finishes","WING B2","B.30A ENSUITE","Subfloor, Floor Preparation, Adhesive","Floor preparation product installed in accordance with manufacturer's instructions"
"66868b2d-75fe-5db5-bd48-339968e031b7","","checkpoint-status","not-started","","","TRUE","TRUE","Site QA","Floor Finishes","WING B2","B.30A ENSUITE","Subfloor, Floor Preparation, Adhesive","Floor transitions installed as per instructions from builder"
"04fb463c-18da-46c2-b181-0a1102d5d3d2","","checkpoint-status","not-started","","","TRUE","TRUE","Site QA","Floor Finishes","WING B2","B.30A ENSUITE","Subfloor, Floor Preparation, Adhesive","Waterproof tested for falls, and water test completed by waterproofers"
"d8c668e7-e7b7-5ff7-b268-e525aaa163a5","","checkpoint-status","not-started","","","TRUE","TRUE","Site QA","Floor Finishes","WING B2","B.30A ENSUITE","Subfloor, Floor Preparation, Adhesive","Correct adhesive used"
"21e7bb86-5130-5327-b20c-1e1009dd0142","","checkpoint-group","not-started","","","FALSE","FALSE","Site QA","Floor Finishes","WING B2","B.30A ENSUITE","Carpet / Vinyl"
"d34faa2d-f9b2-59cb-8a07-efa454def77c","","checkpoint-status","not-started","","","TRUE","TRUE","Site QA","Floor Finishes","WING B2","B.30A ENSUITE","Carpet / Vinyl","Confirm area of work is accessible & acceptable to commence (If not comment below)"
"2c9d2ab0-0783-5b20-86a2-6c090e39d23a","","checkpoint-status","not-started","","","TRUE","TRUE","Site QA","Floor Finishes","WING B2","B.30A ENSUITE","Carpet / Vinyl","Vinyl installed as per plan"
"886052a6-f15c-5e7b-9919-32eee47a17c8","","checkpoint-status","not-started","","","TRUE","TRUE","Site QA","Floor Finishes","WING B2","B.30A ENSUITE","Carpet / Vinyl","Carpet installed as per plan"
"47af0282-9816-50cf-8f88-1d957485663d","","checkpoint-status","not-started","","","TRUE","TRUE","Site QA","Floor Finishes","WING B2","B.30A ENSUITE","Carpet / Vinyl","Joints sealed with heat welded seams and mitres as per AS 1884-2012"
"e5a02f99-27e6-5296-addf-67ee47a5790d","","checkpoint-status","not-started","","","TRUE","TRUE","Site QA","Floor Finishes","WING B2","B.30A ENSUITE","Carpet / Vinyl","Vinyl skirt and coving used as per finishes markup - 150mm height"
"c17c0c90-de75-5e6f-abcb-7e4d1faab1f5","","checkpoint-status","not-started","","","TRUE","TRUE","Site QA","Floor Finishes","WING B2","B.30A ENSUITE","Carpet / Vinyl","Installer Sign Off: Carpet / Vinyl installed as per manufacturer's instructions"
"c774b4bc-d2c5-59de-8582-12f454905574","","checkpoint-status","not-started","","","TRUE","TRUE","Site QA","Floor Finishes","WING B2","B.30A ENSUITE","Carpet / Vinyl","Add-Floors Sign Off"
"5df3ff2f-2190-5686-b287-cf612ec8e6a9","","checkpoint-status","not-started","","","TRUE","TRUE","Site QA","Floor Finishes","WING B2","B.30A ENSUITE","Carpet / Vinyl","Foreman installation sign off"
"f44e875d-d6e8-53ce-ae2d-93c17ade56a4","","checkpoint-group","not-started","","","FALSE","FALSE","Site QA","Floor Finishes","WING B2","B.30A ENSUITE","Wall Finish"
"4c0d2a60-f133-5dfe-a863-cd3bfc1430f8","","checkpoint-status","not-started","","","TRUE","TRUE","Site QA","Floor Finishes","WING B2","B.30A ENSUITE","Wall Finish","Wall Finish installed as per plan"
"3510d9f5-ff89-5e78-b472-f6741684b800","","checkpoint-group","not-started","","","FALSE","FALSE","Site QA","Floor Finishes","WING B2","B.30A ENSUITE","Protection and Handover"
"b795cd53-9c1f-5ab1-b359-d0d8d335b1dc","","checkpoint-status","not-started","","","TRUE","TRUE","Site QA","Floor Finishes","WING B2","B.30A ENSUITE","Protection and Handover","Installation complete, checked and reviewed - as per specification"
"ec583a02-b12e-5acc-9b09-b3c2d57ff3ff","","checkpoint-status","not-started","","","TRUE","TRUE","Site QA","Floor Finishes","WING B2","B.30A ENSUITE","Protection and Handover","Floor protected with bubbleweave floor protection or polyweave"
"302b9d7b-ef47-5f08-979a-9c3b8548b89c","","checkpoint-status","not-started","","","TRUE","TRUE","Site QA","Floor Finishes","WING B2","B.30A ENSUITE","Protection and Handover","Installer Sign Off: Protection installed as per manufacturer's instructions"
"9292f417-03ee-4742-9bb7-68f159d6e602","","checklist-sectioned","not-started","5a8a68d1221a9e608c282940756e19ac2c3c1dd54ffd7888cef6f74664a05c9a","checklist","FALSE","FALSE","Site QA","Floor Finishes","WING B2","B.32 STORE"
"79e4fc1c-0a4b-5e1a-b58a-b037536de5d1","","checkpoint-group","not-started","","","FALSE","FALSE","Site QA","Floor Finishes","WING B2","B.32 STORE","Subfloor, Floor Preparation, Adhesive"
"624ae558-1a12-50ff-b57a-3c54453407da","","checkpoint-status","not-started","","","TRUE","TRUE","Site QA","Floor Finishes","WING B2","B.32 STORE","Subfloor, Floor Preparation, Adhesive","Confirm area of work is accessible & acceptable to commence (If not comment below)"
"6511d917-ecc5-53a3-9ce5-41eb89c291ba","","checkpoint-status","not-started","","","TRUE","TRUE","Site QA","Floor Finishes","WING B2","B.32 STORE","Subfloor, Floor Preparation, Adhesive","Subfloor mechanically diamond ground"
"22c6ea3d-d9a5-4293-a376-edc7362df30d","","checkpoint-status","not-started","","","TRUE","TRUE","Site QA","Floor Finishes","WING B2","B.32 STORE","Subfloor, Floor Preparation, Adhesive","Floor preparation product installed in accordance with manufacturer's instructions"
"204ddfd4-8d24-51c1-a61f-9f05bbb38623","","checkpoint-status","not-started","","","TRUE","TRUE","Site QA","Floor Finishes","WING B2","B.32 STORE","Subfloor, Floor Preparation, Adhesive","Floor transitions installed as per instructions from builder"
"e7b3d20e-f26b-45f1-91ef-867d656dc0ff","","checkpoint-status","not-started","","","TRUE","TRUE","Site QA","Floor Finishes","WING B2","B.32 STORE","Subfloor, Floor Preparation, Adhesive","Waterproof tested for falls, and water test completed by waterproofers"
"1a8daa17-e3f4-5f70-98fe-cffd9a7e5335","","checkpoint-status","not-started","","","TRUE","TRUE","Site QA","Floor Finishes","WING B2","B.32 STORE","Subfloor, Floor Preparation, Adhesive","Correct adhesive used"
"77613b21-4151-5154-b876-6660a7bd9e55","","checkpoint-group","not-started","","","FALSE","FALSE","Site QA","Floor Finishes","WING B2","B.32 STORE","Carpet / Vinyl"
"f184ce43-69a5-53bc-88a7-be54a4a8af8f","","checkpoint-status","not-started","","","TRUE","TRUE","Site QA","Floor Finishes","WING B2","B.32 STORE","Carpet / Vinyl","Confirm area of work is accessible & acceptable to commence (If not comment below)"
"4441cde9-20c3-5486-a3cd-b9aa8914a8ce","","checkpoint-status","not-started","","","TRUE","TRUE","Site QA","Floor Finishes","WING B2","B.32 STORE","Carpet / Vinyl","Vinyl installed as per plan"
"bf773a29-21a1-5144-9523-503d9d2872b6","","checkpoint-status","not-started","","","TRUE","TRUE","Site QA","Floor Finishes","WING B2","B.32 STORE","Carpet / Vinyl","Carpet installed as per plan"
"d7ae6f4c-3bbb-5798-bca0-aed163339339","","checkpoint-status","not-started","","","TRUE","TRUE","Site QA","Floor Finishes","WING B2","B.32 STORE","Carpet / Vinyl","Joints sealed with heat welded seams and mitres as per AS 1884-2012"
"a6b480f4-2f2c-5012-bbf3-f2c7255187a4","","checkpoint-status","not-started","","","TRUE","TRUE","Site QA","Floor Finishes","WING B2","B.32 STORE","Carpet / Vinyl","Vinyl skirt and coving used as per finishes markup - 150mm height"
"67f94eb3-fc60-5e73-8754-281e6073a84c","","checkpoint-status","not-started","","","TRUE","TRUE","Site QA","Floor Finishes","WING B2","B.32 STORE","Carpet / Vinyl","Installer Sign Off: Carpet / Vinyl installed as per manufacturer's instructions"
"09c2bd7b-6fef-5cca-a043-2eac7639e39e","","checkpoint-status","not-started","","","TRUE","TRUE","Site QA","Floor Finishes","WING B2","B.32 STORE","Carpet / Vinyl","Add-Floors Sign Off"
"bb86c418-1a2f-5bba-bd8b-dbc91a6fb1fa","","checkpoint-status","not-started","","","TRUE","TRUE","Site QA","Floor Finishes","WING B2","B.32 STORE","Carpet / Vinyl","Foreman installation sign off"
"46927c0c-983e-581c-b68f-02320338ffdf","","checkpoint-group","not-started","","","FALSE","FALSE","Site QA","Floor Finishes","WING B2","B.32 STORE","Wall Finish"
"9f7068e2-3d40-5cc7-b9da-f12f49a45c9c","","checkpoint-status","not-started","","","TRUE","TRUE","Site QA","Floor Finishes","WING B2","B.32 STORE","Wall Finish","Wall Finish installed as per plan"
"1a54fd4c-98e8-5987-99d2-118fe3e4ef53","","checkpoint-group","not-started","","","FALSE","FALSE","Site QA","Floor Finishes","WING B2","B.32 STORE","Protection and Handover"
"26814091-d314-544f-ba7d-c061dc05eef6","","checkpoint-status","not-started","","","TRUE","TRUE","Site QA","Floor Finishes","WING B2","B.32 STORE","Protection and Handover","Installation complete, checked and reviewed - as per specification"
"d0689b20-97de-53f4-98a3-40dd72a092d1","","checkpoint-status","not-started","","","TRUE","TRUE","Site QA","Floor Finishes","WING B2","B.32 STORE","Protection and Handover","Floor protected with bubbleweave floor protection or polyweave"
"1edf8560-9939-5506-a2de-e05ad283b717","","checkpoint-status","not-started","","","TRUE","TRUE","Site QA","Floor Finishes","WING B2","B.32 STORE","Protection and Handover","Installer Sign Off: Protection installed as per manufacturer's instructions"
"a465055e-a2e3-479d-92b9-6b2bbcdf6208","","checklist-sectioned","not-started","5a8a68d1221a9e608c282940756e19ac2c3c1dd54ffd7888cef6f74664a05c9a","checklist","FALSE","FALSE","Site QA","Floor Finishes","WING B2","B.33 CLEANERS"
"83e63819-a647-5c93-851c-ad15e4d27dbc","","checkpoint-group","not-started","","","FALSE","FALSE","Site QA","Floor Finishes","WING B2","B.33 CLEANERS","Subfloor, Floor Preparation, Adhesive"
"3bfc1786-ae42-5c60-8902-f01d7fbd92c1","","checkpoint-status","not-started","","","TRUE","TRUE","Site QA","Floor Finishes","WING B2","B.33 CLEANERS","Subfloor, Floor Preparation, Adhesive","Confirm area of work is accessible & acceptable to commence (If not comment below)"
"6e207298-2dc5-51e0-950a-f3c56cebbe9a","","checkpoint-status","not-started","","","TRUE","TRUE","Site QA","Floor Finishes","WING B2","B.33 CLEANERS","Subfloor, Floor Preparation, Adhesive","Subfloor mechanically diamond ground"
"2efe124d-22c5-4fb9-9596-81d170f596ff","","checkpoint-status","not-started","","","TRUE","TRUE","Site QA","Floor Finishes","WING B2","B.33 CLEANERS","Subfloor, Floor Preparation, Adhesive","Floor preparation product installed in accordance with manufacturer's instructions"
"088327c8-e4b0-592c-ac99-95c1bddea01b","","checkpoint-status","not-started","","","TRUE","TRUE","Site QA","Floor Finishes","WING B2","B.33 CLEANERS","Subfloor, Floor Preparation, Adhesive","Floor transitions installed as per instructions from builder"
"9b756c07-7e18-4341-bf3d-852e8dd97bb1","","checkpoint-status","not-started","","","TRUE","TRUE","Site QA","Floor Finishes","WING B2","B.33 CLEANERS","Subfloor, Floor Preparation, Adhesive","Waterproof tested for falls, and water test completed by waterproofers"
"d5ae5e5a-bd75-5c58-8212-f79fa32ab0e6","","checkpoint-status","not-started","","","TRUE","TRUE","Site QA","Floor Finishes","WING B2","B.33 CLEANERS","Subfloor, Floor Preparation, Adhesive","Correct adhesive used"
"e7249c68-412f-55bd-b61a-b3693f2ec8d5","","checkpoint-group","not-started","","","FALSE","FALSE","Site QA","Floor Finishes","WING B2","B.33 CLEANERS","Carpet / Vinyl"
"e8e5f337-65a8-50d5-97ad-c3cbe765e64c","","checkpoint-status","not-started","","","TRUE","TRUE","Site QA","Floor Finishes","WING B2","B.33 CLEANERS","Carpet / Vinyl","Confirm area of work is accessible & acceptable to commence (If not comment below)"
"ad6614ff-569d-54fd-98a6-a69d32f05337","","checkpoint-status","not-started","","","TRUE","TRUE","Site QA","Floor Finishes","WING B2","B.33 CLEANERS","Carpet / Vinyl","Vinyl installed as per plan"
"8681a7c3-8c96-5586-8b87-18d00ab17c85","","checkpoint-status","not-started","","","TRUE","TRUE","Site QA","Floor Finishes","WING B2","B.33 CLEANERS","Carpet / Vinyl","Carpet installed as per plan"
"7edb0914-da53-5606-8e54-fba112a40eb6","","checkpoint-status","not-started","","","TRUE","TRUE","Site QA","Floor Finishes","WING B2","B.33 CLEANERS","Carpet / Vinyl","Joints sealed with heat welded seams and mitres as per AS 1884-2012"
"8dda585a-a50f-51d3-b233-b8e7a81b203a","","checkpoint-status","not-started","","","TRUE","TRUE","Site QA","Floor Finishes","WING B2","B.33 CLEANERS","Carpet / Vinyl","Vinyl skirt and coving used as per finishes markup - 150mm height"
"2b6fc99f-34bb-5f75-8567-8ee5b48de8d3","","checkpoint-status","not-started","","","TRUE","TRUE","Site QA","Floor Finishes","WING B2","B.33 CLEANERS","Carpet / Vinyl","Installer Sign Off: Carpet / Vinyl installed as per manufacturer's instructions"
"e259a449-73e5-50ba-8b3a-1f0748fdc4aa","","checkpoint-status","not-started","","","TRUE","TRUE","Site QA","Floor Finishes","WING B2","B.33 CLEANERS","Carpet / Vinyl","Add-Floors Sign Off"
"fe022b10-d746-56ef-a251-0d9ee66ce570","","checkpoint-status","not-started","","","TRUE","TRUE","Site QA","Floor Finishes","WING B2","B.33 CLEANERS","Carpet / Vinyl","Foreman installation sign off"
"3badb090-a1a1-5273-8122-38edc494f103","","checkpoint-group","not-started","","","FALSE","FALSE","Site QA","Floor Finishes","WING B2","B.33 CLEANERS","Wall Finish"
"a0a00c2f-024b-56a7-8598-f946908bb3d6","","checkpoint-status","not-started","","","TRUE","TRUE","Site QA","Floor Finishes","WING B2","B.33 CLEANERS","Wall Finish","Wall Finish installed as per plan"
"1d274f75-3f1c-5a1b-838f-6098c1ace92f","","checkpoint-group","not-started","","","FALSE","FALSE","Site QA","Floor Finishes","WING B2","B.33 CLEANERS","Protection and Handover"
"3f490062-84b2-58e0-90f6-2c95cac90a1e","","checkpoint-status","not-started","","","TRUE","TRUE","Site QA","Floor Finishes","WING B2","B.33 CLEANERS","Protection and Handover","Installation complete, checked and reviewed - as per specification"
"748ef0c8-36b8-5efa-b001-b2e05a0d569c","","checkpoint-status","not-started","","","TRUE","TRUE","Site QA","Floor Finishes","WING B2","B.33 CLEANERS","Protection and Handover","Floor protected with bubbleweave floor protection or polyweave"
"77c0674d-348f-57db-aebb-13867ac988b9","","checkpoint-status","not-started","","","TRUE","TRUE","Site QA","Floor Finishes","WING B2","B.33 CLEANERS","Protection and Handover","Installer Sign Off: Protection installed as per manufacturer's instructions"
"fce83b91-086c-41a0-bfef-c92bd4bbec5d","","checklist-sectioned","not-started","5a8a68d1221a9e608c282940756e19ac2c3c1dd54ffd7888cef6f74664a05c9a","checklist","FALSE","FALSE","Site QA","Floor Finishes","WING B2","B.34 BED"
"5ee53de1-5f6d-5182-9bf0-13a218e67351","","checkpoint-group","not-started","","","FALSE","FALSE","Site QA","Floor Finishes","WING B2","B.34 BED","Subfloor, Floor Preparation, Adhesive"
"dc3a3d7e-28a3-51d9-b808-2f8433836da3","","checkpoint-status","not-started","","","TRUE","TRUE","Site QA","Floor Finishes","WING B2","B.34 BED","Subfloor, Floor Preparation, Adhesive","Confirm area of work is accessible & acceptable to commence (If not comment below)"
"8d81e9cf-0c14-5a1c-b06e-487586c03c4e","","checkpoint-status","not-started","","","TRUE","TRUE","Site QA","Floor Finishes","WING B2","B.34 BED","Subfloor, Floor Preparation, Adhesive","Subfloor mechanically diamond ground"
"31930d92-31eb-4cdc-a457-01b1e6a2a1b4","","checkpoint-status","not-started","","","TRUE","TRUE","Site QA","Floor Finishes","WING B2","B.34 BED","Subfloor, Floor Preparation, Adhesive","Floor preparation product installed in accordance with manufacturer's instructions"
"75980eb3-e00b-57da-b44b-f42b21de2be6","","checkpoint-status","not-started","","","TRUE","TRUE","Site QA","Floor Finishes","WING B2","B.34 BED","Subfloor, Floor Preparation, Adhesive","Floor transitions installed as per instructions from builder"
"ce40b969-571a-4086-970c-9b05fee143ee","","checkpoint-status","not-started","","","TRUE","TRUE","Site QA","Floor Finishes","WING B2","B.34 BED","Subfloor, Floor Preparation, Adhesive","Waterproof tested for falls, and water test completed by waterproofers"
"3ef54616-b886-5eec-8d19-10a7fb6237d1","","checkpoint-status","not-started","","","TRUE","TRUE","Site QA","Floor Finishes","WING B2","B.34 BED","Subfloor, Floor Preparation, Adhesive","Correct adhesive used"
"5b470ba0-3d75-5646-81f9-2ca8b6cf6590","","checkpoint-group","not-started","","","FALSE","FALSE","Site QA","Floor Finishes","WING B2","B.34 BED","Carpet / Vinyl"
"208d572e-60c0-588d-80a7-3664b68e227b","","checkpoint-status","not-started","","","TRUE","TRUE","Site QA","Floor Finishes","WING B2","B.34 BED","Carpet / Vinyl","Confirm area of work is accessible & acceptable to commence (If not comment below)"
"65bc5e55-08c5-5554-b747-0f5aa243692e","","checkpoint-status","not-started","","","TRUE","TRUE","Site QA","Floor Finishes","WING B2","B.34 BED","Carpet / Vinyl","Vinyl installed as per plan"
"6b4cab44-5d75-5866-8efc-18e98157e522","","checkpoint-status","not-started","","","TRUE","TRUE","Site QA","Floor Finishes","WING B2","B.34 BED","Carpet / Vinyl","Carpet installed as per plan"
"d0bd96ed-6c10-5f96-b7e2-e7688e0670e1","","checkpoint-status","not-started","","","TRUE","TRUE","Site QA","Floor Finishes","WING B2","B.34 BED","Carpet / Vinyl","Joints sealed with heat welded seams and mitres as per AS 1884-2012"
"0d42d0fc-55af-5dca-9255-f2bac6b63bac","","checkpoint-status","not-started","","","TRUE","TRUE","Site QA","Floor Finishes","WING B2","B.34 BED","Carpet / Vinyl","Vinyl skirt and coving used as per finishes markup - 150mm height"
"2f8efbd5-463a-54b7-b7c3-a7fb213893ee","","checkpoint-status","not-started","","","TRUE","TRUE","Site QA","Floor Finishes","WING B2","B.34 BED","Carpet / Vinyl","Installer Sign Off: Carpet / Vinyl installed as per manufacturer's instructions"
"6d3054f7-1fc8-5634-b11e-80da3e61bc10","","checkpoint-status","not-started","","","TRUE","TRUE","Site QA","Floor Finishes","WING B2","B.34 BED","Carpet / Vinyl","Add-Floors Sign Off"
"9c0dc6cc-faf6-57ba-8ac6-df8122a66b40","","checkpoint-status","not-started","","","TRUE","TRUE","Site QA","Floor Finishes","WING B2","B.34 BED","Carpet / Vinyl","Foreman installation sign off"
"975c0398-5e40-5b1b-ac4a-9ddbc7a2bd2b","","checkpoint-group","not-started","","","FALSE","FALSE","Site QA","Floor Finishes","WING B2","B.34 BED","Wall Finish"
"53ee017c-e2a7-5d85-8360-f2a157a14d68","","checkpoint-status","not-started","","","TRUE","TRUE","Site QA","Floor Finishes","WING B2","B.34 BED","Wall Finish","Wall Finish installed as per plan"
"7f7b78d3-4f01-5c74-b564-e6e0278f6f75","","checkpoint-group","not-started","","","FALSE","FALSE","Site QA","Floor Finishes","WING B2","B.34 BED","Protection and Handover"
"673a7596-d015-508c-8c5c-57aba657fc8f","","checkpoint-status","not-started","","","TRUE","TRUE","Site QA","Floor Finishes","WING B2","B.34 BED","Protection and Handover","Installation complete, checked and reviewed - as per specification"
"c97a8204-f4c1-547a-8af1-1a467ee7679f","","checkpoint-status","not-started","","","TRUE","TRUE","Site QA","Floor Finishes","WING B2","B.34 BED","Protection and Handover","Floor protected with bubbleweave floor protection or polyweave"
"9fcd1a82-b2e2-5d31-bfbd-c2865a31201f","","checkpoint-status","not-started","","","TRUE","TRUE","Site QA","Floor Finishes","WING B2","B.34 BED","Protection and Handover","Installer Sign Off: Protection installed as per manufacturer's instructions"
"0650857d-6845-4076-ba6b-274631a03601","","checklist-sectioned","not-started","5a8a68d1221a9e608c282940756e19ac2c3c1dd54ffd7888cef6f74664a05c9a","checklist","FALSE","FALSE","Site QA","Floor Finishes","WING B2","B.34A ENSUITE"
"8bf61cff-80de-5659-aca3-b586ba20ee6e","","checkpoint-group","not-started","","","FALSE","FALSE","Site QA","Floor Finishes","WING B2","B.34A ENSUITE","Subfloor, Floor Preparation, Adhesive"
"c171741a-f585-5d12-bcfb-e454f80269c3","","checkpoint-status","not-started","","","TRUE","TRUE","Site QA","Floor Finishes","WING B2","B.34A ENSUITE","Subfloor, Floor Preparation, Adhesive","Confirm area of work is accessible & acceptable to commence (If not comment below)"
"e9fdc818-f12f-5095-af90-52749b996f73","","checkpoint-status","not-started","","","TRUE","TRUE","Site QA","Floor Finishes","WING B2","B.34A ENSUITE","Subfloor, Floor Preparation, Adhesive","Subfloor mechanically diamond ground"
"9aec0489-ea8d-49af-a095-bbf86aecde3c","","checkpoint-status","not-started","","","TRUE","TRUE","Site QA","Floor Finishes","WING B2","B.34A ENSUITE","Subfloor, Floor Preparation, Adhesive","Floor preparation product installed in accordance with manufacturer's instructions"
"6d89e6bd-f87c-53ce-ba25-084de07a89b0","","checkpoint-status","not-started","","","TRUE","TRUE","Site QA","Floor Finishes","WING B2","B.34A ENSUITE","Subfloor, Floor Preparation, Adhesive","Floor transitions installed as per instructions from builder"
"46d3607e-d92f-43be-9165-52e5555aa729","","checkpoint-status","not-started","","","TRUE","TRUE","Site QA","Floor Finishes","WING B2","B.34A ENSUITE","Subfloor, Floor Preparation, Adhesive","Waterproof tested for falls, and water test completed by waterproofers"
"15aba75b-5908-57e7-9576-3a33f9bad168","","checkpoint-status","not-started","","","TRUE","TRUE","Site QA","Floor Finishes","WING B2","B.34A ENSUITE","Subfloor, Floor Preparation, Adhesive","Correct adhesive used"
"3dcd0fb2-0eb6-5afc-afc2-0327a4ccaff3","","checkpoint-group","not-started","","","FALSE","FALSE","Site QA","Floor Finishes","WING B2","B.34A ENSUITE","Carpet / Vinyl"
"4c98f52c-a292-5535-8a36-4b23234c7503","","checkpoint-status","not-started","","","TRUE","TRUE","Site QA","Floor Finishes","WING B2","B.34A ENSUITE","Carpet / Vinyl","Confirm area of work is accessible & acceptable to commence (If not comment below)"
"d63a9a0e-84b4-582e-a41f-1ef758e75603","","checkpoint-status","not-started","","","TRUE","TRUE","Site QA","Floor Finishes","WING B2","B.34A ENSUITE","Carpet / Vinyl","Vinyl installed as per plan"
"9e836c32-6e09-5656-8cb1-77ef91a996a6","","checkpoint-status","not-started","","","TRUE","TRUE","Site QA","Floor Finishes","WING B2","B.34A ENSUITE","Carpet / Vinyl","Carpet installed as per plan"
"b3bbe0c4-8602-5f6b-9c92-a5d636ddbaa6","","checkpoint-status","not-started","","","TRUE","TRUE","Site QA","Floor Finishes","WING B2","B.34A ENSUITE","Carpet / Vinyl","Joints sealed with heat welded seams and mitres as per AS 1884-2012"
"73561014-7620-5053-8026-bad148ae4782","","checkpoint-status","not-started","","","TRUE","TRUE","Site QA","Floor Finishes","WING B2","B.34A ENSUITE","Carpet / Vinyl","Vinyl skirt and coving used as per finishes markup - 150mm height"
"4eb92368-99b8-5dc5-91f7-71471cc3a9d6","","checkpoint-status","not-started","","","TRUE","TRUE","Site QA","Floor Finishes","WING B2","B.34A ENSUITE","Carpet / Vinyl","Installer Sign Off: Carpet / Vinyl installed as per manufacturer's instructions"
"da6723bd-7bf6-5b48-aefc-8e921283972b","","checkpoint-status","not-started","","","TRUE","TRUE","Site QA","Floor Finishes","WING B2","B.34A ENSUITE","Carpet / Vinyl","Add-Floors Sign Off"
"e0247a7d-0853-56c6-aeb1-5dda1b55a8f1","","checkpoint-status","not-started","","","TRUE","TRUE","Site QA","Floor Finishes","WING B2","B.34A ENSUITE","Carpet / Vinyl","Foreman installation sign off"
"6653d089-2885-5c47-b129-5eeaaba86164","","checkpoint-group","not-started","","","FALSE","FALSE","Site QA","Floor Finishes","WING B2","B.34A ENSUITE","Wall Finish"
"5beb7ea0-5582-5144-bc68-feacac6376f0","","checkpoint-status","not-started","","","TRUE","TRUE","Site QA","Floor Finishes","WING B2","B.34A ENSUITE","Wall Finish","Wall Finish installed as per plan"
"649777ba-9f04-5cdd-bcad-d91734aa9743","","checkpoint-group","not-started","","","FALSE","FALSE","Site QA","Floor Finishes","WING B2","B.34A ENSUITE","Protection and Handover"
"cfb59832-c68f-532f-a78e-0f8b94278a23","","checkpoint-status","not-started","","","TRUE","TRUE","Site QA","Floor Finishes","WING B2","B.34A ENSUITE","Protection and Handover","Installation complete, checked and reviewed - as per specification"
"4d4bceaa-1773-575e-88df-507182523bf4","","checkpoint-status","not-started","","","TRUE","TRUE","Site QA","Floor Finishes","WING B2","B.34A ENSUITE","Protection and Handover","Floor protected with bubbleweave floor protection or polyweave"
"d4745b3c-4600-5aea-af68-86037d8d1f35","","checkpoint-status","not-started","","","TRUE","TRUE","Site QA","Floor Finishes","WING B2","B.34A ENSUITE","Protection and Handover","Installer Sign Off: Protection installed as per manufacturer's instructions"
"a744c461-eb8f-409b-a578-773a18f48159","","checklist-sectioned","not-started","5a8a68d1221a9e608c282940756e19ac2c3c1dd54ffd7888cef6f74664a05c9a","checklist","FALSE","FALSE","Site QA","Floor Finishes","WING B2","B.35 BED"
"6a1974c6-8e30-5e58-8db4-8081d20af790","","checkpoint-group","not-started","","","FALSE","FALSE","Site QA","Floor Finishes","WING B2","B.35 BED","Subfloor, Floor Preparation, Adhesive"
"4ac3fc97-0bc7-5a95-b691-8cb5628fe448","","checkpoint-status","not-started","","","TRUE","TRUE","Site QA","Floor Finishes","WING B2","B.35 BED","Subfloor, Floor Preparation, Adhesive","Confirm area of work is accessible & acceptable to commence (If not comment below)"
"a6d24d1b-b7e6-54a6-83bf-c46f585a7da8","","checkpoint-status","not-started","","","TRUE","TRUE","Site QA","Floor Finishes","WING B2","B.35 BED","Subfloor, Floor Preparation, Adhesive","Subfloor mechanically diamond ground"
"ff62cecf-6ad7-4571-b9a4-69e8d2832db3","","checkpoint-status","not-started","","","TRUE","TRUE","Site QA","Floor Finishes","WING B2","B.35 BED","Subfloor, Floor Preparation, Adhesive","Floor preparation product installed in accordance with manufacturer's instructions"
"1fe7bda4-b712-54c3-9365-a4d42f07228d","","checkpoint-status","not-started","","","TRUE","TRUE","Site QA","Floor Finishes","WING B2","B.35 BED","Subfloor, Floor Preparation, Adhesive","Floor transitions installed as per instructions from builder"
"37770e62-0483-44ee-a4e4-1a4304b40bb3","","checkpoint-status","not-started","","","TRUE","TRUE","Site QA","Floor Finishes","WING B2","B.35 BED","Subfloor, Floor Preparation, Adhesive","Waterproof tested for falls, and water test completed by waterproofers"
"b51219a7-8041-5c7d-99a6-ce4697cbddb3","","checkpoint-status","not-started","","","TRUE","TRUE","Site QA","Floor Finishes","WING B2","B.35 BED","Subfloor, Floor Preparation, Adhesive","Correct adhesive used"
"bb26356e-73fb-5721-b122-5f817fbd92fa","","checkpoint-group","not-started","","","FALSE","FALSE","Site QA","Floor Finishes","WING B2","B.35 BED","Carpet / Vinyl"
"4f38ebe5-c882-550e-8754-bd47ca469b06","","checkpoint-status","not-started","","","TRUE","TRUE","Site QA","Floor Finishes","WING B2","B.35 BED","Carpet / Vinyl","Confirm area of work is accessible & acceptable to commence (If not comment below)"
"84ddf285-c877-50c1-8cb1-0a14116d911e","","checkpoint-status","not-started","","","TRUE","TRUE","Site QA","Floor Finishes","WING B2","B.35 BED","Carpet / Vinyl","Vinyl installed as per plan"
"db1ff363-4727-57a8-ba64-aa349cc3539e","","checkpoint-status","not-started","","","TRUE","TRUE","Site QA","Floor Finishes","WING B2","B.35 BED","Carpet / Vinyl","Carpet installed as per plan"
"8c06d578-6667-51fd-8703-8d67f8ebb44d","","checkpoint-status","not-started","","","TRUE","TRUE","Site QA","Floor Finishes","WING B2","B.35 BED","Carpet / Vinyl","Joints sealed with heat welded seams and mitres as per AS 1884-2012"
"380828f2-293c-520d-8366-837c3922aa7b","","checkpoint-status","not-started","","","TRUE","TRUE","Site QA","Floor Finishes","WING B2","B.35 BED","Carpet / Vinyl","Vinyl skirt and coving used as per finishes markup - 150mm height"
"5018da1f-c147-5e63-b812-fc14d58afc6c","","checkpoint-status","not-started","","","TRUE","TRUE","Site QA","Floor Finishes","WING B2","B.35 BED","Carpet / Vinyl","Installer Sign Off: Carpet / Vinyl installed as per manufacturer's instructions"
"56d08938-0948-5929-b0ed-9380441edbed","","checkpoint-status","not-started","","","TRUE","TRUE","Site QA","Floor Finishes","WING B2","B.35 BED","Carpet / Vinyl","Add-Floors Sign Off"
"b5ec08ba-f45c-52a0-91f6-110f0ee95f42","","checkpoint-status","not-started","","","TRUE","TRUE","Site QA","Floor Finishes","WING B2","B.35 BED","Carpet / Vinyl","Foreman installation sign off"
"4410341e-6a37-50d4-bcf8-a5116ff0cb25","","checkpoint-group","not-started","","","FALSE","FALSE","Site QA","Floor Finishes","WING B2","B.35 BED","Wall Finish"
"1d9b44d1-e0b9-5761-9cf5-449706ff06c5","","checkpoint-status","not-started","","","TRUE","TRUE","Site QA","Floor Finishes","WING B2","B.35 BED","Wall Finish","Wall Finish installed as per plan"
"a66afc7e-e46c-56bb-a073-ace6db15e9ea","","checkpoint-group","not-started","","","FALSE","FALSE","Site QA","Floor Finishes","WING B2","B.35 BED","Protection and Handover"
"301fd853-e4dd-598d-9f78-53874072ba34","","checkpoint-status","not-started","","","TRUE","TRUE","Site QA","Floor Finishes","WING B2","B.35 BED","Protection and Handover","Installation complete, checked and reviewed - as per specification"
"1edf389a-3297-5e74-a007-fb6557c444c4","","checkpoint-status","not-started","","","TRUE","TRUE","Site QA","Floor Finishes","WING B2","B.35 BED","Protection and Handover","Floor protected with bubbleweave floor protection or polyweave"
"a01e0c37-52c4-5529-8c39-e245b66d8d21","","checkpoint-status","not-started","","","TRUE","TRUE","Site QA","Floor Finishes","WING B2","B.35 BED","Protection and Handover","Installer Sign Off: Protection installed as per manufacturer's instructions"
"bf4013a4-a085-47e9-a785-62111524ffd4","","checklist-sectioned","not-started","5a8a68d1221a9e608c282940756e19ac2c3c1dd54ffd7888cef6f74664a05c9a","checklist","FALSE","FALSE","Site QA","Floor Finishes","WING B2","B.35A ENSUITE"
"0d9b19f1-ef9b-539c-8dab-4614b7e37d73","","checkpoint-group","not-started","","","FALSE","FALSE","Site QA","Floor Finishes","WING B2","B.35A ENSUITE","Subfloor, Floor Preparation, Adhesive"
"511af9de-54b5-59f8-b066-536cd023d002","","checkpoint-status","not-started","","","TRUE","TRUE","Site QA","Floor Finishes","WING B2","B.35A ENSUITE","Subfloor, Floor Preparation, Adhesive","Confirm area of work is accessible & acceptable to commence (If not comment below)"
"92dffd39-0ced-59d9-aaba-93db1733e66a","","checkpoint-status","not-started","","","TRUE","TRUE","Site QA","Floor Finishes","WING B2","B.35A ENSUITE","Subfloor, Floor Preparation, Adhesive","Subfloor mechanically diamond ground"
"6bc3d3da-a06d-4991-b43c-3b4e103e1a9d","","checkpoint-status","not-started","","","TRUE","TRUE","Site QA","Floor Finishes","WING B2","B.35A ENSUITE","Subfloor, Floor Preparation, Adhesive","Floor preparation product installed in accordance with manufacturer's instructions"
"5b809837-85ba-5c3e-89a0-918dd1718f9e","","checkpoint-status","not-started","","","TRUE","TRUE","Site QA","Floor Finishes","WING B2","B.35A ENSUITE","Subfloor, Floor Preparation, Adhesive","Floor transitions installed as per instructions from builder"
"1aa592d4-7e12-46e4-a3aa-2bf1a986e2be","","checkpoint-status","not-started","","","TRUE","TRUE","Site QA","Floor Finishes","WING B2","B.35A ENSUITE","Subfloor, Floor Preparation, Adhesive","Waterproof tested for falls, and water test completed by waterproofers"
"c3ff2139-c302-5278-bd2c-9aa19ed1e0b8","","checkpoint-status","not-started","","","TRUE","TRUE","Site QA","Floor Finishes","WING B2","B.35A ENSUITE","Subfloor, Floor Preparation, Adhesive","Correct adhesive used"
"38b52328-a3e8-572d-be3c-dd5ec7b61327","","checkpoint-group","not-started","","","FALSE","FALSE","Site QA","Floor Finishes","WING B2","B.35A ENSUITE","Carpet / Vinyl"
"93e7f4b8-dff5-5781-8ed4-33601569d500","","checkpoint-status","not-started","","","TRUE","TRUE","Site QA","Floor Finishes","WING B2","B.35A ENSUITE","Carpet / Vinyl","Confirm area of work is accessible & acceptable to commence (If not comment below)"
"7a88baef-342e-51de-b6c8-c7ad23739e9a","","checkpoint-status","not-started","","","TRUE","TRUE","Site QA","Floor Finishes","WING B2","B.35A ENSUITE","Carpet / Vinyl","Vinyl installed as per plan"
"b7f2347a-56ea-5015-8cc3-320f75a2676b","","checkpoint-status","not-started","","","TRUE","TRUE","Site QA","Floor Finishes","WING B2","B.35A ENSUITE","Carpet / Vinyl","Carpet installed as per plan"
"80ff378e-bf95-5024-8ff6-678231540fc9","","checkpoint-status","not-started","","","TRUE","TRUE","Site QA","Floor Finishes","WING B2","B.35A ENSUITE","Carpet / Vinyl","Joints sealed with heat welded seams and mitres as per AS 1884-2012"
"467486d1-fc76-5a09-bef1-997bb9ecc7ad","","checkpoint-status","not-started","","","TRUE","TRUE","Site QA","Floor Finishes","WING B2","B.35A ENSUITE","Carpet / Vinyl","Vinyl skirt and coving used as per finishes markup - 150mm height"
"48e49fc9-3c81-52c3-8f3e-fb1703395786","","checkpoint-status","not-started","","","TRUE","TRUE","Site QA","Floor Finishes","WING B2","B.35A ENSUITE","Carpet / Vinyl","Installer Sign Off: Carpet / Vinyl installed as per manufacturer's instructions"
"f3a54750-576f-54d8-a875-381429947290","","checkpoint-status","not-started","","","TRUE","TRUE","Site QA","Floor Finishes","WING B2","B.35A ENSUITE","Carpet / Vinyl","Add-Floors Sign Off"
"edf2e24c-5b2b-5c61-910d-3f5d0ee5528e","","checkpoint-status","not-started","","","TRUE","TRUE","Site QA","Floor Finishes","WING B2","B.35A ENSUITE","Carpet / Vinyl","Foreman installation sign off"
"b4051a42-3eb5-51c6-a65a-ad14f2cf1813","","checkpoint-group","not-started","","","FALSE","FALSE","Site QA","Floor Finishes","WING B2","B.35A ENSUITE","Wall Finish"
"e3e78f2f-4c82-5827-91a7-3e7e1f25677f","","checkpoint-status","not-started","","","TRUE","TRUE","Site QA","Floor Finishes","WING B2","B.35A ENSUITE","Wall Finish","Wall Finish installed as per plan"
"82e1bc51-dbb2-5012-960d-89e9888563a9","","checkpoint-group","not-started","","","FALSE","FALSE","Site QA","Floor Finishes","WING B2","B.35A ENSUITE","Protection and Handover"
"a1a2fd18-531b-50fa-8dfd-583fbfb7ec7c","","checkpoint-status","not-started","","","TRUE","TRUE","Site QA","Floor Finishes","WING B2","B.35A ENSUITE","Protection and Handover","Installation complete, checked and reviewed - as per specification"
"3c5d918f-1221-59ef-a4d6-d2cc9ce5930b","","checkpoint-status","not-started","","","TRUE","TRUE","Site QA","Floor Finishes","WING B2","B.35A ENSUITE","Protection and Handover","Floor protected with bubbleweave floor protection or polyweave"
"272efe57-f591-56c5-a4fd-7f1d5a8f8ba5","","checkpoint-status","not-started","","","TRUE","TRUE","Site QA","Floor Finishes","WING B2","B.35A ENSUITE","Protection and Handover","Installer Sign Off: Protection installed as per manufacturer's instructions"
"424873e8-f30c-438d-a2ad-3e4fd7fdbeea","","checklist-sectioned","not-started","5a8a68d1221a9e608c282940756e19ac2c3c1dd54ffd7888cef6f74664a05c9a","checklist","FALSE","FALSE","Site QA","Floor Finishes","WING B2","B.36 BED"
"2c11a5b1-cf9d-5a3d-a005-b60d6ad72131","","checkpoint-group","not-started","","","FALSE","FALSE","Site QA","Floor Finishes","WING B2","B.36 BED","Subfloor, Floor Preparation, Adhesive"
"33c54af1-1e8f-5e87-86dc-f2d5d9120080","","checkpoint-status","not-started","","","TRUE","TRUE","Site QA","Floor Finishes","WING B2","B.36 BED","Subfloor, Floor Preparation, Adhesive","Confirm area of work is accessible & acceptable to commence (If not comment below)"
"3177ee50-4f8a-5d15-9aa6-59e77f841c26","","checkpoint-status","not-started","","","TRUE","TRUE","Site QA","Floor Finishes","WING B2","B.36 BED","Subfloor, Floor Preparation, Adhesive","Subfloor mechanically diamond ground"
"6f19a370-5247-488d-bd53-c116586f12d4","","checkpoint-status","not-started","","","TRUE","TRUE","Site QA","Floor Finishes","WING B2","B.36 BED","Subfloor, Floor Preparation, Adhesive","Floor preparation product installed in accordance with manufacturer's instructions"
"ec464ed2-a978-5cb3-a62f-4850ce591a37","","checkpoint-status","not-started","","","TRUE","TRUE","Site QA","Floor Finishes","WING B2","B.36 BED","Subfloor, Floor Preparation, Adhesive","Floor transitions installed as per instructions from builder"
"4bd13a06-0b24-47eb-8d54-24e1a03d4ce3","","checkpoint-status","not-started","","","TRUE","TRUE","Site QA","Floor Finishes","WING B2","B.36 BED","Subfloor, Floor Preparation, Adhesive","Waterproof tested for falls, and water test completed by waterproofers"
"3d20d566-1418-5313-8b25-b6b772116afa","","checkpoint-status","not-started","","","TRUE","TRUE","Site QA","Floor Finishes","WING B2","B.36 BED","Subfloor, Floor Preparation, Adhesive","Correct adhesive used"
"6a1cca58-b1c9-500e-adf5-d0f5d81a4869","","checkpoint-group","not-started","","","FALSE","FALSE","Site QA","Floor Finishes","WING B2","B.36 BED","Carpet / Vinyl"
"9423077e-011b-5b28-88b4-48585bcff59c","","checkpoint-status","not-started","","","TRUE","TRUE","Site QA","Floor Finishes","WING B2","B.36 BED","Carpet / Vinyl","Confirm area of work is accessible & acceptable to commence (If not comment below)"
"ad5c773c-dcf0-59d0-b1b7-cfe50152e46a","","checkpoint-status","not-started","","","TRUE","TRUE","Site QA","Floor Finishes","WING B2","B.36 BED","Carpet / Vinyl","Vinyl installed as per plan"
"8bf167ca-b8f4-5af6-9962-428852950ed0","","checkpoint-status","not-started","","","TRUE","TRUE","Site QA","Floor Finishes","WING B2","B.36 BED","Carpet / Vinyl","Carpet installed as per plan"
"84a683bf-7386-517f-a909-7d859dbfb021","","checkpoint-status","not-started","","","TRUE","TRUE","Site QA","Floor Finishes","WING B2","B.36 BED","Carpet / Vinyl","Joints sealed with heat welded seams and mitres as per AS 1884-2012"
"05f28de6-02ab-54d0-a1e4-b1b9174b361b","","checkpoint-status","not-started","","","TRUE","TRUE","Site QA","Floor Finishes","WING B2","B.36 BED","Carpet / Vinyl","Vinyl skirt and coving used as per finishes markup - 150mm height"
"0398a689-2bfd-5c5f-b379-e4ebffd1fb9b","","checkpoint-status","not-started","","","TRUE","TRUE","Site QA","Floor Finishes","WING B2","B.36 BED","Carpet / Vinyl","Installer Sign Off: Carpet / Vinyl installed as per manufacturer's instructions"
"83bb53bc-5844-5452-8c1b-e9c2f6006408","","checkpoint-status","not-started","","","TRUE","TRUE","Site QA","Floor Finishes","WING B2","B.36 BED","Carpet / Vinyl","Add-Floors Sign Off"
"d4b87ee5-42e6-57f2-9814-4b0adc2c9abc","","checkpoint-status","not-started","","","TRUE","TRUE","Site QA","Floor Finishes","WING B2","B.36 BED","Carpet / Vinyl","Foreman installation sign off"
"2614e966-0932-5cf6-9f6b-51f44abbaff5","","checkpoint-group","not-started","","","FALSE","FALSE","Site QA","Floor Finishes","WING B2","B.36 BED","Wall Finish"
"24b77229-7617-5b39-97de-eaaf41ea9435","","checkpoint-status","not-started","","","TRUE","TRUE","Site QA","Floor Finishes","WING B2","B.36 BED","Wall Finish","Wall Finish installed as per plan"
"916a71e5-c19d-5df4-b232-362997a43ad3","","checkpoint-group","not-started","","","FALSE","FALSE","Site QA","Floor Finishes","WING B2","B.36 BED","Protection and Handover"
"47b18f62-8ca9-5962-92b9-cdf1d68b3800","","checkpoint-status","not-started","","","TRUE","TRUE","Site QA","Floor Finishes","WING B2","B.36 BED","Protection and Handover","Installation complete, checked and reviewed - as per specification"
"2d53a85c-a474-5e16-bcd8-7f66fca63fcf","","checkpoint-status","not-started","","","TRUE","TRUE","Site QA","Floor Finishes","WING B2","B.36 BED","Protection and Handover","Floor protected with bubbleweave floor protection or polyweave"
"a1306efc-1f50-5420-8cc0-ac7b3a426f13","","checkpoint-status","not-started","","","TRUE","TRUE","Site QA","Floor Finishes","WING B2","B.36 BED","Protection and Handover","Installer Sign Off: Protection installed as per manufacturer's instructions"
"aa5860be-7709-4bd8-ad0b-4d9de5b11385","","checklist-sectioned","not-started","5a8a68d1221a9e608c282940756e19ac2c3c1dd54ffd7888cef6f74664a05c9a","checklist","FALSE","FALSE","Site QA","Floor Finishes","WING B2","B.36A ENSUITE"
"3ddebf44-1633-5587-a098-eb81aecd3f83","","checkpoint-group","not-started","","","FALSE","FALSE","Site QA","Floor Finishes","WING B2","B.36A ENSUITE","Subfloor, Floor Preparation, Adhesive"
"59da0423-9346-5f27-9642-a4061300dc2e","","checkpoint-status","not-started","","","TRUE","TRUE","Site QA","Floor Finishes","WING B2","B.36A ENSUITE","Subfloor, Floor Preparation, Adhesive","Confirm area of work is accessible & acceptable to commence (If not comment below)"
"2b967c99-a494-5216-8fb2-9cf9fd9d8279","","checkpoint-status","not-started","","","TRUE","TRUE","Site QA","Floor Finishes","WING B2","B.36A ENSUITE","Subfloor, Floor Preparation, Adhesive","Subfloor mechanically diamond ground"
"8c181992-57a5-41f9-8f41-fffe61eace55","","checkpoint-status","not-started","","","TRUE","TRUE","Site QA","Floor Finishes","WING B2","B.36A ENSUITE","Subfloor, Floor Preparation, Adhesive","Floor preparation product installed in accordance with manufacturer's instructions"
"8ec0b5af-6d21-5665-a2ee-348a5e11c135","","checkpoint-status","not-started","","","TRUE","TRUE","Site QA","Floor Finishes","WING B2","B.36A ENSUITE","Subfloor, Floor Preparation, Adhesive","Floor transitions installed as per instructions from builder"
"2e76a813-e8ac-4659-94b6-7d1c14134b9a","","checkpoint-status","not-started","","","TRUE","TRUE","Site QA","Floor Finishes","WING B2","B.36A ENSUITE","Subfloor, Floor Preparation, Adhesive","Waterproof tested for falls, and water test completed by waterproofers"
"df4c785d-ae40-5af1-8112-6eae427a4e2c","","checkpoint-status","not-started","","","TRUE","TRUE","Site QA","Floor Finishes","WING B2","B.36A ENSUITE","Subfloor, Floor Preparation, Adhesive","Correct adhesive used"
"39c4d359-a372-56e4-a173-1274db654b95","","checkpoint-group","not-started","","","FALSE","FALSE","Site QA","Floor Finishes","WING B2","B.36A ENSUITE","Carpet / Vinyl"
"ce21420d-5f72-5d18-818b-2d1e6267b720","","checkpoint-status","not-started","","","TRUE","TRUE","Site QA","Floor Finishes","WING B2","B.36A ENSUITE","Carpet / Vinyl","Confirm area of work is accessible & acceptable to commence (If not comment below)"
"8f15aa3d-11da-554c-97cb-29e052438435","","checkpoint-status","not-started","","","TRUE","TRUE","Site QA","Floor Finishes","WING B2","B.36A ENSUITE","Carpet / Vinyl","Vinyl installed as per plan"
"faa3eb08-8617-508c-94e1-f222bf5acd6d","","checkpoint-status","not-started","","","TRUE","TRUE","Site QA","Floor Finishes","WING B2","B.36A ENSUITE","Carpet / Vinyl","Carpet installed as per plan"
"6467617c-4ebd-535c-bb3e-a4c2c106e204","","checkpoint-status","not-started","","","TRUE","TRUE","Site QA","Floor Finishes","WING B2","B.36A ENSUITE","Carpet / Vinyl","Joints sealed with heat welded seams and mitres as per AS 1884-2012"
"7dac3426-b47f-5918-b234-3f92539dde01","","checkpoint-status","not-started","","","TRUE","TRUE","Site QA","Floor Finishes","WING B2","B.36A ENSUITE","Carpet / Vinyl","Vinyl skirt and coving used as per finishes markup - 150mm height"
"b15b85e5-ea18-549f-a398-5688f5d7c889","","checkpoint-status","not-started","","","TRUE","TRUE","Site QA","Floor Finishes","WING B2","B.36A ENSUITE","Carpet / Vinyl","Installer Sign Off: Carpet / Vinyl installed as per manufacturer's instructions"
"06fac896-f6c0-530f-8a69-20079aa35fd7","","checkpoint-status","not-started","","","TRUE","TRUE","Site QA","Floor Finishes","WING B2","B.36A ENSUITE","Carpet / Vinyl","Add-Floors Sign Off"
"d338b5fa-8394-5b5a-9aa7-b51b028c7143","","checkpoint-status","not-started","","","TRUE","TRUE","Site QA","Floor Finishes","WING B2","B.36A ENSUITE","Carpet / Vinyl","Foreman installation sign off"
"dc8592a2-58f5-51c8-af03-90e124e6753c","","checkpoint-group","not-started","","","FALSE","FALSE","Site QA","Floor Finishes","WING B2","B.36A ENSUITE","Wall Finish"
"6bc1dcc1-cd9f-5bc8-a97b-aa5671749509","","checkpoint-status","not-started","","","TRUE","TRUE","Site QA","Floor Finishes","WING B2","B.36A ENSUITE","Wall Finish","Wall Finish installed as per plan"
"3a10dcae-8681-5e37-be1a-2af7c64af4e1","","checkpoint-group","not-started","","","FALSE","FALSE","Site QA","Floor Finishes","WING B2","B.36A ENSUITE","Protection and Handover"
"9471fd97-1fb9-5a5b-99fd-d2499dd680bf","","checkpoint-status","not-started","","","TRUE","TRUE","Site QA","Floor Finishes","WING B2","B.36A ENSUITE","Protection and Handover","Installation complete, checked and reviewed - as per specification"
"a9c16ce2-53d5-52d0-8ceb-d7d823d7375f","","checkpoint-status","not-started","","","TRUE","TRUE","Site QA","Floor Finishes","WING B2","B.36A ENSUITE","Protection and Handover","Floor protected with bubbleweave floor protection or polyweave"
"aa49a1f4-8d04-5a43-89fc-923c41939363","","checkpoint-status","not-started","","","TRUE","TRUE","Site QA","Floor Finishes","WING B2","B.36A ENSUITE","Protection and Handover","Installer Sign Off: Protection installed as per manufacturer's instructions"
"ab93fa15-192c-4aba-a3c1-ac924bb06427","","checklist-sectioned","not-started","5a8a68d1221a9e608c282940756e19ac2c3c1dd54ffd7888cef6f74664a05c9a","checklist","FALSE","FALSE","Site QA","Floor Finishes","WING B2","B.37 BED"
"0e7f8c72-e2f6-5e85-bb4f-b14328b78e1e","","checkpoint-group","not-started","","","FALSE","FALSE","Site QA","Floor Finishes","WING B2","B.37 BED","Subfloor, Floor Preparation, Adhesive"
"dd303f2a-4aa9-5f15-bc32-556c333cefbb","","checkpoint-status","not-started","","","TRUE","TRUE","Site QA","Floor Finishes","WING B2","B.37 BED","Subfloor, Floor Preparation, Adhesive","Confirm area of work is accessible & acceptable to commence (If not comment below)"
"190d6693-a398-58af-8b51-220640e632a8","","checkpoint-status","not-started","","","TRUE","TRUE","Site QA","Floor Finishes","WING B2","B.37 BED","Subfloor, Floor Preparation, Adhesive","Subfloor mechanically diamond ground"
"c4917021-3558-4756-a74d-ac342378de50","","checkpoint-status","not-started","","","TRUE","TRUE","Site QA","Floor Finishes","WING B2","B.37 BED","Subfloor, Floor Preparation, Adhesive","Floor preparation product installed in accordance with manufacturer's instructions"
"74915d0c-5c0b-5502-a0cf-a09996c4eb17","","checkpoint-status","not-started","","","TRUE","TRUE","Site QA","Floor Finishes","WING B2","B.37 BED","Subfloor, Floor Preparation, Adhesive","Floor transitions installed as per instructions from builder"
"9f7044d6-c325-49d1-b992-b78f91fa74a8","","checkpoint-status","not-started","","","TRUE","TRUE","Site QA","Floor Finishes","WING B2","B.37 BED","Subfloor, Floor Preparation, Adhesive","Waterproof tested for falls, and water test completed by waterproofers"
"4bbce72b-eddb-5746-9403-5f5980f8a75c","","checkpoint-status","not-started","","","TRUE","TRUE","Site QA","Floor Finishes","WING B2","B.37 BED","Subfloor, Floor Preparation, Adhesive","Correct adhesive used"
"eaa0e00c-c3bc-5338-ae76-1716f02e512a","","checkpoint-group","not-started","","","FALSE","FALSE","Site QA","Floor Finishes","WING B2","B.37 BED","Carpet / Vinyl"
"a2b218b1-8d44-59f4-8a60-5cc9f4a04d0d","","checkpoint-status","not-started","","","TRUE","TRUE","Site QA","Floor Finishes","WING B2","B.37 BED","Carpet / Vinyl","Confirm area of work is accessible & acceptable to commence (If not comment below)"
"a802ea0a-776c-5926-b32d-ff3e4b725746","","checkpoint-status","not-started","","","TRUE","TRUE","Site QA","Floor Finishes","WING B2","B.37 BED","Carpet / Vinyl","Vinyl installed as per plan"
"b1ed9b67-d2ed-5214-9932-5725293fd5d8","","checkpoint-status","not-started","","","TRUE","TRUE","Site QA","Floor Finishes","WING B2","B.37 BED","Carpet / Vinyl","Carpet installed as per plan"
"1589a6f5-a3e7-5d7a-b2dc-22abe739b887","","checkpoint-status","not-started","","","TRUE","TRUE","Site QA","Floor Finishes","WING B2","B.37 BED","Carpet / Vinyl","Joints sealed with heat welded seams and mitres as per AS 1884-2012"
"386e4609-1515-55d2-bc58-69afec79cdee","","checkpoint-status","not-started","","","TRUE","TRUE","Site QA","Floor Finishes","WING B2","B.37 BED","Carpet / Vinyl","Vinyl skirt and coving used as per finishes markup - 150mm height"
"facd7d04-4746-5afe-8112-3fd8eb152664","","checkpoint-status","not-started","","","TRUE","TRUE","Site QA","Floor Finishes","WING B2","B.37 BED","Carpet / Vinyl","Installer Sign Off: Carpet / Vinyl installed as per manufacturer's instructions"
"bcde55bc-5f4b-5f50-a68b-4119fdefbe51","","checkpoint-status","not-started","","","TRUE","TRUE","Site QA","Floor Finishes","WING B2","B.37 BED","Carpet / Vinyl","Add-Floors Sign Off"
"f3419b8f-ab4a-528b-a899-6b9b5801fb9c","","checkpoint-status","not-started","","","TRUE","TRUE","Site QA","Floor Finishes","WING B2","B.37 BED","Carpet / Vinyl","Foreman installation sign off"
"311e85ec-656f-572a-ba22-ce463b1b1e79","","checkpoint-group","not-started","","","FALSE","FALSE","Site QA","Floor Finishes","WING B2","B.37 BED","Wall Finish"
"a474476b-8d7c-59a5-83cb-8a05ec28dd95","","checkpoint-status","not-started","","","TRUE","TRUE","Site QA","Floor Finishes","WING B2","B.37 BED","Wall Finish","Wall Finish installed as per plan"
"4feca86e-7a64-5143-9cd3-bc313f74df2f","","checkpoint-group","not-started","","","FALSE","FALSE","Site QA","Floor Finishes","WING B2","B.37 BED","Protection and Handover"
"a816b37d-ba01-57d3-a5bd-9449df93b997","","checkpoint-status","not-started","","","TRUE","TRUE","Site QA","Floor Finishes","WING B2","B.37 BED","Protection and Handover","Installation complete, checked and reviewed - as per specification"
"bbce5dce-7ddf-5dc2-8ab6-9e8c73b59e4f","","checkpoint-status","not-started","","","TRUE","TRUE","Site QA","Floor Finishes","WING B2","B.37 BED","Protection and Handover","Floor protected with bubbleweave floor protection or polyweave"
"a97ecd48-8162-520d-a2b1-4be9af1b9f80","","checkpoint-status","not-started","","","TRUE","TRUE","Site QA","Floor Finishes","WING B2","B.37 BED","Protection and Handover","Installer Sign Off: Protection installed as per manufacturer's instructions"
"ae66b2e8-5475-48cb-8f80-72a645f2b455","","checklist-sectioned","not-started","5a8a68d1221a9e608c282940756e19ac2c3c1dd54ffd7888cef6f74664a05c9a","checklist","FALSE","FALSE","Site QA","Floor Finishes","WING B2","B.37A ENSUITE"
"0b5ed6e4-e102-558f-902c-c8856b573be2","","checkpoint-group","not-started","","","FALSE","FALSE","Site QA","Floor Finishes","WING B2","B.37A ENSUITE","Subfloor, Floor Preparation, Adhesive"
"2633ee1e-3ece-5a20-93e7-0e1a3ca4367a","","checkpoint-status","not-started","","","TRUE","TRUE","Site QA","Floor Finishes","WING B2","B.37A ENSUITE","Subfloor, Floor Preparation, Adhesive","Confirm area of work is accessible & acceptable to commence (If not comment below)"
"225a7e41-3699-556e-a734-28e052242a6b","","checkpoint-status","not-started","","","TRUE","TRUE","Site QA","Floor Finishes","WING B2","B.37A ENSUITE","Subfloor, Floor Preparation, Adhesive","Subfloor mechanically diamond ground"
"f7517f4d-c1fd-4a5f-89d3-7480a23fb9b7","","checkpoint-status","not-started","","","TRUE","TRUE","Site QA","Floor Finishes","WING B2","B.37A ENSUITE","Subfloor, Floor Preparation, Adhesive","Floor preparation product installed in accordance with manufacturer's instructions"
"f768467e-f6a1-54c4-b7ed-8b618d0a4348","","checkpoint-status","not-started","","","TRUE","TRUE","Site QA","Floor Finishes","WING B2","B.37A ENSUITE","Subfloor, Floor Preparation, Adhesive","Floor transitions installed as per instructions from builder"
"36004d8f-00ce-44b1-a7ae-fd2639d170dd","","checkpoint-status","not-started","","","TRUE","TRUE","Site QA","Floor Finishes","WING B2","B.37A ENSUITE","Subfloor, Floor Preparation, Adhesive","Waterproof tested for falls, and water test completed by waterproofers"
"e4f84468-ecbc-5eae-90c7-786c2ea0e081","","checkpoint-status","not-started","","","TRUE","TRUE","Site QA","Floor Finishes","WING B2","B.37A ENSUITE","Subfloor, Floor Preparation, Adhesive","Correct adhesive used"
"3cfc25ed-fd4d-5de9-b26a-6257031fffd4","","checkpoint-group","not-started","","","FALSE","FALSE","Site QA","Floor Finishes","WING B2","B.37A ENSUITE","Carpet / Vinyl"
"1879783a-26a8-5a1b-920c-370196c76db7","","checkpoint-status","not-started","","","TRUE","TRUE","Site QA","Floor Finishes","WING B2","B.37A ENSUITE","Carpet / Vinyl","Confirm area of work is accessible & acceptable to commence (If not comment below)"
"7dfa074a-4047-5dba-b4bc-06a406bd25bc","","checkpoint-status","not-started","","","TRUE","TRUE","Site QA","Floor Finishes","WING B2","B.37A ENSUITE","Carpet / Vinyl","Vinyl installed as per plan"
"00eb695b-40c4-54fd-acd7-7d981b364c15","","checkpoint-status","not-started","","","TRUE","TRUE","Site QA","Floor Finishes","WING B2","B.37A ENSUITE","Carpet / Vinyl","Carpet installed as per plan"
"f02d2415-423e-5f57-a8cd-b73750d7a161","","checkpoint-status","not-started","","","TRUE","TRUE","Site QA","Floor Finishes","WING B2","B.37A ENSUITE","Carpet / Vinyl","Joints sealed with heat welded seams and mitres as per AS 1884-2012"
"b31bf45e-5f1a-506d-926e-79511cf6ab57","","checkpoint-status","not-started","","","TRUE","TRUE","Site QA","Floor Finishes","WING B2","B.37A ENSUITE","Carpet / Vinyl","Vinyl skirt and coving used as per finishes markup - 150mm height"
"672604eb-14a0-50f4-a042-7641f2abb7cd","","checkpoint-status","not-started","","","TRUE","TRUE","Site QA","Floor Finishes","WING B2","B.37A ENSUITE","Carpet / Vinyl","Installer Sign Off: Carpet / Vinyl installed as per manufacturer's instructions"
"f3c2e558-a15e-5f77-8db8-afa0986f1bd1","","checkpoint-status","not-started","","","TRUE","TRUE","Site QA","Floor Finishes","WING B2","B.37A ENSUITE","Carpet / Vinyl","Add-Floors Sign Off"
"7853c837-0f88-5037-aba4-516434c2fc7c","","checkpoint-status","not-started","","","TRUE","TRUE","Site QA","Floor Finishes","WING B2","B.37A ENSUITE","Carpet / Vinyl","Foreman installation sign off"
"1a4cccfe-f477-55cc-b988-5e67c9964696","","checkpoint-group","not-started","","","FALSE","FALSE","Site QA","Floor Finishes","WING B2","B.37A ENSUITE","Wall Finish"
"5f369529-dd57-5ffe-bd99-8966d31d99cd","","checkpoint-status","not-started","","","TRUE","TRUE","Site QA","Floor Finishes","WING B2","B.37A ENSUITE","Wall Finish","Wall Finish installed as per plan"
"7a275d4c-fd26-59c5-968b-b663aec71536","","checkpoint-group","not-started","","","FALSE","FALSE","Site QA","Floor Finishes","WING B2","B.37A ENSUITE","Protection and Handover"
"c4683ad4-da73-5d35-8bc5-4767b3f8bea9","","checkpoint-status","not-started","","","TRUE","TRUE","Site QA","Floor Finishes","WING B2","B.37A ENSUITE","Protection and Handover","Installation complete, checked and reviewed - as per specification"
"5427aa7b-6a94-527e-96bd-15a2932a96c6","","checkpoint-status","not-started","","","TRUE","TRUE","Site QA","Floor Finishes","WING B2","B.37A ENSUITE","Protection and Handover","Floor protected with bubbleweave floor protection or polyweave"
"cf4a4858-faea-5d04-b907-adc62515fcbd","","checkpoint-status","not-started","","","TRUE","TRUE","Site QA","Floor Finishes","WING B2","B.37A ENSUITE","Protection and Handover","Installer Sign Off: Protection installed as per manufacturer's instructions"
"b0c07f82-4edc-42df-bbdd-460a17334c32","","checklist-sectioned","not-started","5a8a68d1221a9e608c282940756e19ac2c3c1dd54ffd7888cef6f74664a05c9a","checklist","FALSE","FALSE","Site QA","Floor Finishes","WING B2","B.38 BED"
"6b7c0123-453c-5c6a-8f97-d41c1356c091","","checkpoint-group","not-started","","","FALSE","FALSE","Site QA","Floor Finishes","WING B2","B.38 BED","Subfloor, Floor Preparation, Adhesive"
"b5bb39c2-e417-5e06-a375-8c659f615521","","checkpoint-status","not-started","","","TRUE","TRUE","Site QA","Floor Finishes","WING B2","B.38 BED","Subfloor, Floor Preparation, Adhesive","Confirm area of work is accessible & acceptable to commence (If not comment below)"
"3d3847bb-c5bf-577f-81ed-e2dbbbfc5600","","checkpoint-status","not-started","","","TRUE","TRUE","Site QA","Floor Finishes","WING B2","B.38 BED","Subfloor, Floor Preparation, Adhesive","Subfloor mechanically diamond ground"
"8e9ef74b-db09-402b-b615-014b259b1b74","","checkpoint-status","not-started","","","TRUE","TRUE","Site QA","Floor Finishes","WING B2","B.38 BED","Subfloor, Floor Preparation, Adhesive","Floor preparation product installed in accordance with manufacturer's instructions"
"2c01fa12-8414-5973-9882-1f5c71803395","","checkpoint-status","not-started","","","TRUE","TRUE","Site QA","Floor Finishes","WING B2","B.38 BED","Subfloor, Floor Preparation, Adhesive","Floor transitions installed as per instructions from builder"
"0a189629-8524-4bb5-824e-5df90a986f4f","","checkpoint-status","not-started","","","TRUE","TRUE","Site QA","Floor Finishes","WING B2","B.38 BED","Subfloor, Floor Preparation, Adhesive","Waterproof tested for falls, and water test completed by waterproofers"
"21d9ac61-d6ee-53b0-b88c-8d380e9cf35b","","checkpoint-status","not-started","","","TRUE","TRUE","Site QA","Floor Finishes","WING B2","B.38 BED","Subfloor, Floor Preparation, Adhesive","Correct adhesive used"
"755dc0c0-4e12-526d-bc88-7b2751e91f02","","checkpoint-group","not-started","","","FALSE","FALSE","Site QA","Floor Finishes","WING B2","B.38 BED","Carpet / Vinyl"
"1a8ba807-afde-518e-89a3-a7106f1bd50b","","checkpoint-status","not-started","","","TRUE","TRUE","Site QA","Floor Finishes","WING B2","B.38 BED","Carpet / Vinyl","Confirm area of work is accessible & acceptable to commence (If not comment below)"
"40962628-e8b3-55e5-bf2d-0eed62add2f6","","checkpoint-status","not-started","","","TRUE","TRUE","Site QA","Floor Finishes","WING B2","B.38 BED","Carpet / Vinyl","Vinyl installed as per plan"
"1a202a75-eac0-5f5a-a9ac-14e12fdb3a40","","checkpoint-status","not-started","","","TRUE","TRUE","Site QA","Floor Finishes","WING B2","B.38 BED","Carpet / Vinyl","Carpet installed as per plan"
"6171ae1d-6b22-504a-9519-fbc1a34d7031","","checkpoint-status","not-started","","","TRUE","TRUE","Site QA","Floor Finishes","WING B2","B.38 BED","Carpet / Vinyl","Joints sealed with heat welded seams and mitres as per AS 1884-2012"
"30887b86-df9c-5a49-8e6f-b0c5ca1c5dea","","checkpoint-status","not-started","","","TRUE","TRUE","Site QA","Floor Finishes","WING B2","B.38 BED","Carpet / Vinyl","Vinyl skirt and coving used as per finishes markup - 150mm height"
"0897c01d-97e2-59cc-9d18-932813ffe7e3","","checkpoint-status","not-started","","","TRUE","TRUE","Site QA","Floor Finishes","WING B2","B.38 BED","Carpet / Vinyl","Installer Sign Off: Carpet / Vinyl installed as per manufacturer's instructions"
"8f21d48c-1da1-5881-b9e6-e88c0ef049b7","","checkpoint-status","not-started","","","TRUE","TRUE","Site QA","Floor Finishes","WING B2","B.38 BED","Carpet / Vinyl","Add-Floors Sign Off"
"fa76eaae-fcb8-5619-b51c-d0727faa9cc3","","checkpoint-status","not-started","","","TRUE","TRUE","Site QA","Floor Finishes","WING B2","B.38 BED","Carpet / Vinyl","Foreman installation sign off"
"7a4c4a99-4c8e-5c13-9dff-2aff5b0a10ee","","checkpoint-group","not-started","","","FALSE","FALSE","Site QA","Floor Finishes","WING B2","B.38 BED","Wall Finish"
"64f841f2-397d-5c5f-b2d2-3053f145acdf","","checkpoint-status","not-started","","","TRUE","TRUE","Site QA","Floor Finishes","WING B2","B.38 BED","Wall Finish","Wall Finish installed as per plan"
"91ac6500-42af-5680-907d-16666a0943cc","","checkpoint-group","not-started","","","FALSE","FALSE","Site QA","Floor Finishes","WING B2","B.38 BED","Protection and Handover"
"577e6dae-be13-578d-8362-c829cc05f0f3","","checkpoint-status","not-started","","","TRUE","TRUE","Site QA","Floor Finishes","WING B2","B.38 BED","Protection and Handover","Installation complete, checked and reviewed - as per specification"
"6f704f99-de3d-5bff-a59e-e45a853e8cd6","","checkpoint-status","not-started","","","TRUE","TRUE","Site QA","Floor Finishes","WING B2","B.38 BED","Protection and Handover","Floor protected with bubbleweave floor protection or polyweave"
"4323b9f0-6016-5be4-ba2e-05a03e87326b","","checkpoint-status","not-started","","","TRUE","TRUE","Site QA","Floor Finishes","WING B2","B.38 BED","Protection and Handover","Installer Sign Off: Protection installed as per manufacturer's instructions"
"c18df6a9-f0f5-40e1-92c0-d7bc545946fb","","checklist-sectioned","not-started","5a8a68d1221a9e608c282940756e19ac2c3c1dd54ffd7888cef6f74664a05c9a","checklist","FALSE","FALSE","Site QA","Floor Finishes","WING B2","B.38A ENSUITE"
"fe5bff05-9b53-5ad6-afce-719a754b7ef6","","checkpoint-group","not-started","","","FALSE","FALSE","Site QA","Floor Finishes","WING B2","B.38A ENSUITE","Subfloor, Floor Preparation, Adhesive"
"1a414d47-eed7-59d7-9538-e135738fd306","","checkpoint-status","not-started","","","TRUE","TRUE","Site QA","Floor Finishes","WING B2","B.38A ENSUITE","Subfloor, Floor Preparation, Adhesive","Confirm area of work is accessible & acceptable to commence (If not comment below)"
"d1e48783-030a-5c16-b58f-9d3defd68421","","checkpoint-status","not-started","","","TRUE","TRUE","Site QA","Floor Finishes","WING B2","B.38A ENSUITE","Subfloor, Floor Preparation, Adhesive","Subfloor mechanically diamond ground"
"874a36b8-bce8-477f-a33b-4828d7b7f069","","checkpoint-status","not-started","","","TRUE","TRUE","Site QA","Floor Finishes","WING B2","B.38A ENSUITE","Subfloor, Floor Preparation, Adhesive","Floor preparation product installed in accordance with manufacturer's instructions"
"1c98cd79-acbc-5f6d-bf76-1bd0a1afd46a","","checkpoint-status","not-started","","","TRUE","TRUE","Site QA","Floor Finishes","WING B2","B.38A ENSUITE","Subfloor, Floor Preparation, Adhesive","Floor transitions installed as per instructions from builder"
"d499f113-2b25-4a50-a46e-33c017390513","","checkpoint-status","not-started","","","TRUE","TRUE","Site QA","Floor Finishes","WING B2","B.38A ENSUITE","Subfloor, Floor Preparation, Adhesive","Waterproof tested for falls, and water test completed by waterproofers"
"d27d5b2c-b7e9-5289-b7a9-5c1b6c51e3d1","","checkpoint-status","not-started","","","TRUE","TRUE","Site QA","Floor Finishes","WING B2","B.38A ENSUITE","Subfloor, Floor Preparation, Adhesive","Correct adhesive used"
"b1b8c9b6-3dff-5055-8225-8beb463f315d","","checkpoint-group","not-started","","","FALSE","FALSE","Site QA","Floor Finishes","WING B2","B.38A ENSUITE","Carpet / Vinyl"
"2da44264-3d61-5c06-9cbf-3ba1e76a831d","","checkpoint-status","not-started","","","TRUE","TRUE","Site QA","Floor Finishes","WING B2","B.38A ENSUITE","Carpet / Vinyl","Confirm area of work is accessible & acceptable to commence (If not comment below)"
"f140feb0-c17f-510c-a540-23f92653e1af","","checkpoint-status","not-started","","","TRUE","TRUE","Site QA","Floor Finishes","WING B2","B.38A ENSUITE","Carpet / Vinyl","Vinyl installed as per plan"
"cd99a306-b3f8-587e-bd29-15c7d4e0082b","","checkpoint-status","not-started","","","TRUE","TRUE","Site QA","Floor Finishes","WING B2","B.38A ENSUITE","Carpet / Vinyl","Carpet installed as per plan"
"4443e1d1-a2bf-5c2e-bfba-448cc1dec0a5","","checkpoint-status","not-started","","","TRUE","TRUE","Site QA","Floor Finishes","WING B2","B.38A ENSUITE","Carpet / Vinyl","Joints sealed with heat welded seams and mitres as per AS 1884-2012"
"20c4e142-732f-57c4-a2dd-1764ab9ce8db","","checkpoint-status","not-started","","","TRUE","TRUE","Site QA","Floor Finishes","WING B2","B.38A ENSUITE","Carpet / Vinyl","Vinyl skirt and coving used as per finishes markup - 150mm height"
"46c153e4-9aa3-5e73-abe3-c18c84aaa623","","checkpoint-status","not-started","","","TRUE","TRUE","Site QA","Floor Finishes","WING B2","B.38A ENSUITE","Carpet / Vinyl","Installer Sign Off: Carpet / Vinyl installed as per manufacturer's instructions"
"63aece04-67b0-52d1-a039-950e9e747768","","checkpoint-status","not-started","","","TRUE","TRUE","Site QA","Floor Finishes","WING B2","B.38A ENSUITE","Carpet / Vinyl","Add-Floors Sign Off"
"054a507c-2119-51e7-95b7-5227db4a2d98","","checkpoint-status","not-started","","","TRUE","TRUE","Site QA","Floor Finishes","WING B2","B.38A ENSUITE","Carpet / Vinyl","Foreman installation sign off"
"a177abef-9b61-5ac7-a020-ad395515d34e","","checkpoint-group","not-started","","","FALSE","FALSE","Site QA","Floor Finishes","WING B2","B.38A ENSUITE","Wall Finish"
"2c7f34bf-9b4d-5c89-a919-3167f44a9569","","checkpoint-status","not-started","","","TRUE","TRUE","Site QA","Floor Finishes","WING B2","B.38A ENSUITE","Wall Finish","Wall Finish installed as per plan"
"7d6166b0-7ada-55b0-8231-6eab7aac14d8","","checkpoint-group","not-started","","","FALSE","FALSE","Site QA","Floor Finishes","WING B2","B.38A ENSUITE","Protection and Handover"
"e518dbbd-e48c-56c0-829b-c1951f7acf25","","checkpoint-status","not-started","","","TRUE","TRUE","Site QA","Floor Finishes","WING B2","B.38A ENSUITE","Protection and Handover","Installation complete, checked and reviewed - as per specification"
"a45afa4d-d7ba-5a88-9990-f48f5df129c4","","checkpoint-status","not-started","","","TRUE","TRUE","Site QA","Floor Finishes","WING B2","B.38A ENSUITE","Protection and Handover","Floor protected with bubbleweave floor protection or polyweave"
"2e9707f5-f087-53fe-a4f0-d7120f5dd7aa","","checkpoint-status","not-started","","","TRUE","TRUE","Site QA","Floor Finishes","WING B2","B.38A ENSUITE","Protection and Handover","Installer Sign Off: Protection installed as per manufacturer's instructions"
"90230388-c3f3-4095-8ea3-5bae3a9bbaf2","","checklist-sectioned","not-started","5a8a68d1221a9e608c282940756e19ac2c3c1dd54ffd7888cef6f74664a05c9a","checklist","FALSE","FALSE","Site QA","Floor Finishes","WING B2","B.39 BED"
"36da137d-b66d-5004-b764-155a4207d152","","checkpoint-group","not-started","","","FALSE","FALSE","Site QA","Floor Finishes","WING B2","B.39 BED","Subfloor, Floor Preparation, Adhesive"
"d1f2aa30-9ffd-541a-8e73-4e3e05863f9e","","checkpoint-status","not-started","","","TRUE","TRUE","Site QA","Floor Finishes","WING B2","B.39 BED","Subfloor, Floor Preparation, Adhesive","Confirm area of work is accessible & acceptable to commence (If not comment below)"
"54f62421-6e22-5057-b716-ca7d9a7a5b62","","checkpoint-status","not-started","","","TRUE","TRUE","Site QA","Floor Finishes","WING B2","B.39 BED","Subfloor, Floor Preparation, Adhesive","Subfloor mechanically diamond ground"
"3436762b-fb4c-414e-8dbf-baf545e8efa1","","checkpoint-status","not-started","","","TRUE","TRUE","Site QA","Floor Finishes","WING B2","B.39 BED","Subfloor, Floor Preparation, Adhesive","Floor preparation product installed in accordance with manufacturer's instructions"
"b680dbe4-6861-572c-b9c5-c16e22e4efc9","","checkpoint-status","not-started","","","TRUE","TRUE","Site QA","Floor Finishes","WING B2","B.39 BED","Subfloor, Floor Preparation, Adhesive","Floor transitions installed as per instructions from builder"
"8b3d9d0a-5d6a-492e-8bbb-7a88a0bf77f9","","checkpoint-status","not-started","","","TRUE","TRUE","Site QA","Floor Finishes","WING B2","B.39 BED","Subfloor, Floor Preparation, Adhesive","Waterproof tested for falls, and water test completed by waterproofers"
"3a932d5f-4839-54cb-baea-9976283be4b8","","checkpoint-status","not-started","","","TRUE","TRUE","Site QA","Floor Finishes","WING B2","B.39 BED","Subfloor, Floor Preparation, Adhesive","Correct adhesive used"
"479f455e-8f29-5aa1-8a74-62ab73d2f3f2","","checkpoint-group","not-started","","","FALSE","FALSE","Site QA","Floor Finishes","WING B2","B.39 BED","Carpet / Vinyl"
"988769ad-9f58-524b-be3c-28941fa8d2c5","","checkpoint-status","not-started","","","TRUE","TRUE","Site QA","Floor Finishes","WING B2","B.39 BED","Carpet / Vinyl","Confirm area of work is accessible & acceptable to commence (If not comment below)"
"afd3b656-18a1-5680-8605-b0c92267de4f","","checkpoint-status","not-started","","","TRUE","TRUE","Site QA","Floor Finishes","WING B2","B.39 BED","Carpet / Vinyl","Vinyl installed as per plan"
"d30e8cbb-863c-5f88-adcc-d0b3776d7674","","checkpoint-status","not-started","","","TRUE","TRUE","Site QA","Floor Finishes","WING B2","B.39 BED","Carpet / Vinyl","Carpet installed as per plan"
"57b16199-fa1d-5d0d-8266-754b86d25520","","checkpoint-status","not-started","","","TRUE","TRUE","Site QA","Floor Finishes","WING B2","B.39 BED","Carpet / Vinyl","Joints sealed with heat welded seams and mitres as per AS 1884-2012"
"c0109443-b61a-5de0-a9e9-2cffff8b577b","","checkpoint-status","not-started","","","TRUE","TRUE","Site QA","Floor Finishes","WING B2","B.39 BED","Carpet / Vinyl","Vinyl skirt and coving used as per finishes markup - 150mm height"
"9392eb82-2bbd-5eea-8b7f-05d9aff6bde5","","checkpoint-status","not-started","","","TRUE","TRUE","Site QA","Floor Finishes","WING B2","B.39 BED","Carpet / Vinyl","Installer Sign Off: Carpet / Vinyl installed as per manufacturer's instructions"
"57a40337-a2af-5d21-9d86-cea73499e2a8","","checkpoint-status","not-started","","","TRUE","TRUE","Site QA","Floor Finishes","WING B2","B.39 BED","Carpet / Vinyl","Add-Floors Sign Off"
"d8583142-576e-55a8-91bb-8631255fcfd9","","checkpoint-status","not-started","","","TRUE","TRUE","Site QA","Floor Finishes","WING B2","B.39 BED","Carpet / Vinyl","Foreman installation sign off"
"1237397f-59b5-5fed-b109-22f1539c231d","","checkpoint-group","not-started","","","FALSE","FALSE","Site QA","Floor Finishes","WING B2","B.39 BED","Wall Finish"
"e211b0cc-9058-5fe1-b60a-0cf1386290e6","","checkpoint-status","not-started","","","TRUE","TRUE","Site QA","Floor Finishes","WING B2","B.39 BED","Wall Finish","Wall Finish installed as per plan"
"372d5c48-84c1-529e-a295-f589c1771904","","checkpoint-group","not-started","","","FALSE","FALSE","Site QA","Floor Finishes","WING B2","B.39 BED","Protection and Handover"
"3b56234f-00f5-57d2-aa81-eb32bb713be4","","checkpoint-status","not-started","","","TRUE","TRUE","Site QA","Floor Finishes","WING B2","B.39 BED","Protection and Handover","Installation complete, checked and reviewed - as per specification"
"67e65f5b-b1ad-5db4-a0c1-0829f2013a69","","checkpoint-status","not-started","","","TRUE","TRUE","Site QA","Floor Finishes","WING B2","B.39 BED","Protection and Handover","Floor protected with bubbleweave floor protection or polyweave"
"606d4a02-45b6-5507-8c77-18b87432f756","","checkpoint-status","not-started","","","TRUE","TRUE","Site QA","Floor Finishes","WING B2","B.39 BED","Protection and Handover","Installer Sign Off: Protection installed as per manufacturer's instructions"
"049bd4b7-95bc-4b4c-8991-a39225e0287a","","checklist-sectioned","not-started","5a8a68d1221a9e608c282940756e19ac2c3c1dd54ffd7888cef6f74664a05c9a","checklist","FALSE","FALSE","Site QA","Floor Finishes","WING B2","B.39A ENSUITE"
"a0bd8576-217a-59c3-9159-38d2440c55f8","","checkpoint-group","not-started","","","FALSE","FALSE","Site QA","Floor Finishes","WING B2","B.39A ENSUITE","Subfloor, Floor Preparation, Adhesive"
"4c4e18cd-1774-5539-98c2-9242eedd84b3","","checkpoint-status","not-started","","","TRUE","TRUE","Site QA","Floor Finishes","WING B2","B.39A ENSUITE","Subfloor, Floor Preparation, Adhesive","Confirm area of work is accessible & acceptable to commence (If not comment below)"
"b0cb3efa-2602-5010-88e8-67c975ce12ee","","checkpoint-status","not-started","","","TRUE","TRUE","Site QA","Floor Finishes","WING B2","B.39A ENSUITE","Subfloor, Floor Preparation, Adhesive","Subfloor mechanically diamond ground"
"54019aa0-d547-4c6f-99d7-d6e73d39a4f0","","checkpoint-status","not-started","","","TRUE","TRUE","Site QA","Floor Finishes","WING B2","B.39A ENSUITE","Subfloor, Floor Preparation, Adhesive","Floor preparation product installed in accordance with manufacturer's instructions"
"4e9f9295-638c-56b8-8a26-abef6026aa37","","checkpoint-status","not-started","","","TRUE","TRUE","Site QA","Floor Finishes","WING B2","B.39A ENSUITE","Subfloor, Floor Preparation, Adhesive","Floor transitions installed as per instructions from builder"
"dd96c2ea-e1cb-4e81-b53f-1013d0b0774b","","checkpoint-status","not-started","","","TRUE","TRUE","Site QA","Floor Finishes","WING B2","B.39A ENSUITE","Subfloor, Floor Preparation, Adhesive","Waterproof tested for falls, and water test completed by waterproofers"
"d2d47b92-1982-53f1-a5fb-5f5ae15d8b4a","","checkpoint-status","not-started","","","TRUE","TRUE","Site QA","Floor Finishes","WING B2","B.39A ENSUITE","Subfloor, Floor Preparation, Adhesive","Correct adhesive used"
"de61259f-f22d-592f-9095-af689b5cdd17","","checkpoint-group","not-started","","","FALSE","FALSE","Site QA","Floor Finishes","WING B2","B.39A ENSUITE","Carpet / Vinyl"
"757fc7ad-7275-5dbf-bc06-8cbd26bddb85","","checkpoint-status","not-started","","","TRUE","TRUE","Site QA","Floor Finishes","WING B2","B.39A ENSUITE","Carpet / Vinyl","Confirm area of work is accessible & acceptable to commence (If not comment below)"
"f8790412-6acf-5c7e-9057-b3f2cdf594bd","","checkpoint-status","not-started","","","TRUE","TRUE","Site QA","Floor Finishes","WING B2","B.39A ENSUITE","Carpet / Vinyl","Vinyl installed as per plan"
"ff1cc97d-eb7d-5a87-89eb-fd846444cff5","","checkpoint-status","not-started","","","TRUE","TRUE","Site QA","Floor Finishes","WING B2","B.39A ENSUITE","Carpet / Vinyl","Carpet installed as per plan"
"b06726fd-9cd4-5082-aa94-c1a6e0a5f0ce","","checkpoint-status","not-started","","","TRUE","TRUE","Site QA","Floor Finishes","WING B2","B.39A ENSUITE","Carpet / Vinyl","Joints sealed with heat welded seams and mitres as per AS 1884-2012"
"16f75ba0-bca6-5f53-be31-375d223d12f6","","checkpoint-status","not-started","","","TRUE","TRUE","Site QA","Floor Finishes","WING B2","B.39A ENSUITE","Carpet / Vinyl","Vinyl skirt and coving used as per finishes markup - 150mm height"
"21b929df-deaf-5726-9f9a-27e3e70cc23e","","checkpoint-status","not-started","","","TRUE","TRUE","Site QA","Floor Finishes","WING B2","B.39A ENSUITE","Carpet / Vinyl","Installer Sign Off: Carpet / Vinyl installed as per manufacturer's instructions"
"49eb126e-7b36-588c-b22d-8377c54751d9","","checkpoint-status","not-started","","","TRUE","TRUE","Site QA","Floor Finishes","WING B2","B.39A ENSUITE","Carpet / Vinyl","Add-Floors Sign Off"
"8a812dee-2157-5912-8f73-ac9bd0a0f4da","","checkpoint-status","not-started","","","TRUE","TRUE","Site QA","Floor Finishes","WING B2","B.39A ENSUITE","Carpet / Vinyl","Foreman installation sign off"
"c8f7e95b-62ff-55e3-b01e-0ef89eed8dfe","","checkpoint-group","not-started","","","FALSE","FALSE","Site QA","Floor Finishes","WING B2","B.39A ENSUITE","Wall Finish"
"e353d6d4-e4cc-50f9-b23e-6c5ae4368e0c","","checkpoint-status","not-started","","","TRUE","TRUE","Site QA","Floor Finishes","WING B2","B.39A ENSUITE","Wall Finish","Wall Finish installed as per plan"
"53f66d57-c98a-5a64-9f55-f21e898a53c0","","checkpoint-group","not-started","","","FALSE","FALSE","Site QA","Floor Finishes","WING B2","B.39A ENSUITE","Protection and Handover"
"b7f1bd76-0218-5807-b64f-5480badffd4b","","checkpoint-status","not-started","","","TRUE","TRUE","Site QA","Floor Finishes","WING B2","B.39A ENSUITE","Protection and Handover","Installation complete, checked and reviewed - as per specification"
"611fb353-e2fb-5fc4-91aa-151a5feec28b","","checkpoint-status","not-started","","","TRUE","TRUE","Site QA","Floor Finishes","WING B2","B.39A ENSUITE","Protection and Handover","Floor protected with bubbleweave floor protection or polyweave"
"f7f251d3-a421-5d5e-8993-78e9912b7c3a","","checkpoint-status","not-started","","","TRUE","TRUE","Site QA","Floor Finishes","WING B2","B.39A ENSUITE","Protection and Handover","Installer Sign Off: Protection installed as per manufacturer's instructions"
"f3ef0010-87a5-4b10-8231-4b697065ab29","","checklist-sectioned","not-started","5a8a68d1221a9e608c282940756e19ac2c3c1dd54ffd7888cef6f74664a05c9a","checklist","FALSE","FALSE","Site QA","Floor Finishes","WING B2","B.40 BED"
"d51bff1b-f536-5cee-ae7c-74380da5f6ce","","checkpoint-group","not-started","","","FALSE","FALSE","Site QA","Floor Finishes","WING B2","B.40 BED","Subfloor, Floor Preparation, Adhesive"
"71e0fd09-5462-5c91-a4f4-f24bdbbe05a5","","checkpoint-status","not-started","","","TRUE","TRUE","Site QA","Floor Finishes","WING B2","B.40 BED","Subfloor, Floor Preparation, Adhesive","Confirm area of work is accessible & acceptable to commence (If not comment below)"
"44652803-0e35-549e-bec0-a2eed6be5aa4","","checkpoint-status","not-started","","","TRUE","TRUE","Site QA","Floor Finishes","WING B2","B.40 BED","Subfloor, Floor Preparation, Adhesive","Subfloor mechanically diamond ground"
"404542a1-c185-4305-b39b-c8a0e762204c","","checkpoint-status","not-started","","","TRUE","TRUE","Site QA","Floor Finishes","WING B2","B.40 BED","Subfloor, Floor Preparation, Adhesive","Floor preparation product installed in accordance with manufacturer's instructions"
"11590e77-5d23-5304-bdd1-e80a39f44a91","","checkpoint-status","not-started","","","TRUE","TRUE","Site QA","Floor Finishes","WING B2","B.40 BED","Subfloor, Floor Preparation, Adhesive","Floor transitions installed as per instructions from builder"
"30615a80-2ea3-4c02-95c4-fb35e7f74a45","","checkpoint-status","not-started","","","TRUE","TRUE","Site QA","Floor Finishes","WING B2","B.40 BED","Subfloor, Floor Preparation, Adhesive","Waterproof tested for falls, and water test completed by waterproofers"
"e922e52d-7fc4-5be6-bb37-965b26b947e4","","checkpoint-status","not-started","","","TRUE","TRUE","Site QA","Floor Finishes","WING B2","B.40 BED","Subfloor, Floor Preparation, Adhesive","Correct adhesive used"
"153170fc-6ee1-5908-8108-0e21f0015ed5","","checkpoint-group","not-started","","","FALSE","FALSE","Site QA","Floor Finishes","WING B2","B.40 BED","Carpet / Vinyl"
"9db6ea35-21cb-5f46-b650-b7088d5ffe10","","checkpoint-status","not-started","","","TRUE","TRUE","Site QA","Floor Finishes","WING B2","B.40 BED","Carpet / Vinyl","Confirm area of work is accessible & acceptable to commence (If not comment below)"
"49f94f74-4aac-549b-88c9-e762fc2c8ef0","","checkpoint-status","not-started","","","TRUE","TRUE","Site QA","Floor Finishes","WING B2","B.40 BED","Carpet / Vinyl","Vinyl installed as per plan"
"2ce54136-3184-5dc9-90fc-a6653df6f345","","checkpoint-status","not-started","","","TRUE","TRUE","Site QA","Floor Finishes","WING B2","B.40 BED","Carpet / Vinyl","Carpet installed as per plan"
"40add45a-9510-5a4b-a3b2-dbb573a9aa21","","checkpoint-status","not-started","","","TRUE","TRUE","Site QA","Floor Finishes","WING B2","B.40 BED","Carpet / Vinyl","Joints sealed with heat welded seams and mitres as per AS 1884-2012"
"ffd693f3-a4a7-5144-a8ee-f310c27a8552","","checkpoint-status","not-started","","","TRUE","TRUE","Site QA","Floor Finishes","WING B2","B.40 BED","Carpet / Vinyl","Vinyl skirt and coving used as per finishes markup - 150mm height"
"4e7fa64f-a08f-5ece-bf6f-fd55b52afaa9","","checkpoint-status","not-started","","","TRUE","TRUE","Site QA","Floor Finishes","WING B2","B.40 BED","Carpet / Vinyl","Installer Sign Off: Carpet / Vinyl installed as per manufacturer's instructions"
"185f0f73-9def-562c-ad79-93103d9dd1e7","","checkpoint-status","not-started","","","TRUE","TRUE","Site QA","Floor Finishes","WING B2","B.40 BED","Carpet / Vinyl","Add-Floors Sign Off"
"12c625f1-321b-5500-9e8f-ecebd1c2c81b","","checkpoint-status","not-started","","","TRUE","TRUE","Site QA","Floor Finishes","WING B2","B.40 BED","Carpet / Vinyl","Foreman installation sign off"
"b92f9c3a-98b7-51f5-a03c-765ef4d5103a","","checkpoint-group","not-started","","","FALSE","FALSE","Site QA","Floor Finishes","WING B2","B.40 BED","Wall Finish"
"2306e25d-bdb0-5944-861a-6469ceb5b027","","checkpoint-status","not-started","","","TRUE","TRUE","Site QA","Floor Finishes","WING B2","B.40 BED","Wall Finish","Wall Finish installed as per plan"
"79fe5c66-e447-5631-ae87-7ef324267881","","checkpoint-group","not-started","","","FALSE","FALSE","Site QA","Floor Finishes","WING B2","B.40 BED","Protection and Handover"
"596a0e14-6a5a-508a-b9c8-95249baec0d0","","checkpoint-status","not-started","","","TRUE","TRUE","Site QA","Floor Finishes","WING B2","B.40 BED","Protection and Handover","Installation complete, checked and reviewed - as per specification"
"2264aecc-1e1d-5b6b-84cb-72b801374b71","","checkpoint-status","not-started","","","TRUE","TRUE","Site QA","Floor Finishes","WING B2","B.40 BED","Protection and Handover","Floor protected with bubbleweave floor protection or polyweave"
"3e9c4a61-52b4-519d-b2d9-677c230ed815","","checkpoint-status","not-started","","","TRUE","TRUE","Site QA","Floor Finishes","WING B2","B.40 BED","Protection and Handover","Installer Sign Off: Protection installed as per manufacturer's instructions"
"7bedf922-e7cf-46a2-ae80-195e9e52b1f3","","checklist-sectioned","not-started","5a8a68d1221a9e608c282940756e19ac2c3c1dd54ffd7888cef6f74664a05c9a","checklist","FALSE","FALSE","Site QA","Floor Finishes","WING B2","B.40A ENSUITE"
"f2bbd75c-f1dd-5ace-b0f6-ef82e25af820","","checkpoint-group","not-started","","","FALSE","FALSE","Site QA","Floor Finishes","WING B2","B.40A ENSUITE","Subfloor, Floor Preparation, Adhesive"
"497a5ef8-a12a-5620-867a-12852fcf9311","","checkpoint-status","not-started","","","TRUE","TRUE","Site QA","Floor Finishes","WING B2","B.40A ENSUITE","Subfloor, Floor Preparation, Adhesive","Confirm area of work is accessible & acceptable to commence (If not comment below)"
"45bd37b0-20d2-50a6-b2f4-5e9ccae9a0b3","","checkpoint-status","not-started","","","TRUE","TRUE","Site QA","Floor Finishes","WING B2","B.40A ENSUITE","Subfloor, Floor Preparation, Adhesive","Subfloor mechanically diamond ground"
"b6208baf-2985-4d06-a8c2-d2c6c73fa87e","","checkpoint-status","not-started","","","TRUE","TRUE","Site QA","Floor Finishes","WING B2","B.40A ENSUITE","Subfloor, Floor Preparation, Adhesive","Floor preparation product installed in accordance with manufacturer's instructions"
"8dd77ec5-a5ac-5f6d-8fa6-4027c90640f2","","checkpoint-status","not-started","","","TRUE","TRUE","Site QA","Floor Finishes","WING B2","B.40A ENSUITE","Subfloor, Floor Preparation, Adhesive","Floor transitions installed as per instructions from builder"
"c14f7001-4b21-4a99-b153-719dbeb5a6cc","","checkpoint-status","not-started","","","TRUE","TRUE","Site QA","Floor Finishes","WING B2","B.40A ENSUITE","Subfloor, Floor Preparation, Adhesive","Waterproof tested for falls, and water test completed by waterproofers"
"b4d3f89f-5c1e-5407-aa33-d7b5e8f51b92","","checkpoint-status","not-started","","","TRUE","TRUE","Site QA","Floor Finishes","WING B2","B.40A ENSUITE","Subfloor, Floor Preparation, Adhesive","Correct adhesive used"
"16281ecf-89c9-567d-b083-38830a2489bf","","checkpoint-group","not-started","","","FALSE","FALSE","Site QA","Floor Finishes","WING B2","B.40A ENSUITE","Carpet / Vinyl"
"8a0f078b-aabc-53c2-b458-2776f6197d01","","checkpoint-status","not-started","","","TRUE","TRUE","Site QA","Floor Finishes","WING B2","B.40A ENSUITE","Carpet / Vinyl","Confirm area of work is accessible & acceptable to commence (If not comment below)"
"c767a1ea-6140-50e0-be44-2377b262e487","","checkpoint-status","not-started","","","TRUE","TRUE","Site QA","Floor Finishes","WING B2","B.40A ENSUITE","Carpet / Vinyl","Vinyl installed as per plan"
"33db686c-a713-524d-9834-7568a7a8db68","","checkpoint-status","not-started","","","TRUE","TRUE","Site QA","Floor Finishes","WING B2","B.40A ENSUITE","Carpet / Vinyl","Carpet installed as per plan"
"2882e711-cbcc-5108-bbd6-5b243255f4ce","","checkpoint-status","not-started","","","TRUE","TRUE","Site QA","Floor Finishes","WING B2","B.40A ENSUITE","Carpet / Vinyl","Joints sealed with heat welded seams and mitres as per AS 1884-2012"
"e2bf1392-ee21-59be-baf9-2c9ac96d284f","","checkpoint-status","not-started","","","TRUE","TRUE","Site QA","Floor Finishes","WING B2","B.40A ENSUITE","Carpet / Vinyl","Vinyl skirt and coving used as per finishes markup - 150mm height"
"2ec54319-cf93-50f9-acce-a2c8eda0d405","","checkpoint-status","not-started","","","TRUE","TRUE","Site QA","Floor Finishes","WING B2","B.40A ENSUITE","Carpet / Vinyl","Installer Sign Off: Carpet / Vinyl installed as per manufacturer's instructions"
"a4821819-a7a4-5adb-90a6-dd1dc21c8d6e","","checkpoint-status","not-started","","","TRUE","TRUE","Site QA","Floor Finishes","WING B2","B.40A ENSUITE","Carpet / Vinyl","Add-Floors Sign Off"
"6ce64615-c237-54a3-ade4-cea19205a28f","","checkpoint-status","not-started","","","TRUE","TRUE","Site QA","Floor Finishes","WING B2","B.40A ENSUITE","Carpet / Vinyl","Foreman installation sign off"
"d3facec4-d456-5caa-a24b-f404c9a499db","","checkpoint-group","not-started","","","FALSE","FALSE","Site QA","Floor Finishes","WING B2","B.40A ENSUITE","Wall Finish"
"c3e5d27d-655b-5bed-b973-38ee94f1b707","","checkpoint-status","not-started","","","TRUE","TRUE","Site QA","Floor Finishes","WING B2","B.40A ENSUITE","Wall Finish","Wall Finish installed as per plan"
"2fd46129-e440-52a3-b708-ebd4acc0007f","","checkpoint-group","not-started","","","FALSE","FALSE","Site QA","Floor Finishes","WING B2","B.40A ENSUITE","Protection and Handover"
"46974888-2d4e-5028-9a82-f5e0a117a4f3","","checkpoint-status","not-started","","","TRUE","TRUE","Site QA","Floor Finishes","WING B2","B.40A ENSUITE","Protection and Handover","Installation complete, checked and reviewed - as per specification"
"3079ff82-ec6e-5dad-a708-85f2bea61743","","checkpoint-status","not-started","","","TRUE","TRUE","Site QA","Floor Finishes","WING B2","B.40A ENSUITE","Protection and Handover","Floor protected with bubbleweave floor protection or polyweave"
"2ca9a972-ea3f-51d7-94ee-4d9b009d59f9","","checkpoint-status","not-started","","","TRUE","TRUE","Site QA","Floor Finishes","WING B2","B.40A ENSUITE","Protection and Handover","Installer Sign Off: Protection installed as per manufacturer's instructions"
"2bdebb8e-c5ea-4c09-9590-6cd52ceb74fe","","checklist-sectioned","not-started","5a8a68d1221a9e608c282940756e19ac2c3c1dd54ffd7888cef6f74664a05c9a","checklist","FALSE","FALSE","Site QA","Floor Finishes","WING B2","B.41 BED"
"f8cb3745-b80d-5a4f-bb90-10b933fe6633","","checkpoint-group","not-started","","","FALSE","FALSE","Site QA","Floor Finishes","WING B2","B.41 BED","Subfloor, Floor Preparation, Adhesive"
"4f26185f-c667-586e-a292-6692e1778338","","checkpoint-status","not-started","","","TRUE","TRUE","Site QA","Floor Finishes","WING B2","B.41 BED","Subfloor, Floor Preparation, Adhesive","Confirm area of work is accessible & acceptable to commence (If not comment below)"
"e5b4ea58-d56f-55d3-97e3-3fc134e4a3d0","","checkpoint-status","not-started","","","TRUE","TRUE","Site QA","Floor Finishes","WING B2","B.41 BED","Subfloor, Floor Preparation, Adhesive","Subfloor mechanically diamond ground"
"224447bc-983a-4b41-89dc-d3ac2a77d94d","","checkpoint-status","not-started","","","TRUE","TRUE","Site QA","Floor Finishes","WING B2","B.41 BED","Subfloor, Floor Preparation, Adhesive","Floor preparation product installed in accordance with manufacturer's instructions"
"a225a740-4ac0-5854-a240-388d3215368d","","checkpoint-status","not-started","","","TRUE","TRUE","Site QA","Floor Finishes","WING B2","B.41 BED","Subfloor, Floor Preparation, Adhesive","Floor transitions installed as per instructions from builder"
"397d6a01-72fe-48b5-954c-acced2f29e31","","checkpoint-status","not-started","","","TRUE","TRUE","Site QA","Floor Finishes","WING B2","B.41 BED","Subfloor, Floor Preparation, Adhesive","Waterproof tested for falls, and water test completed by waterproofers"
"a8c06687-c336-5614-9a9d-20a76054f484","","checkpoint-status","not-started","","","TRUE","TRUE","Site QA","Floor Finishes","WING B2","B.41 BED","Subfloor, Floor Preparation, Adhesive","Correct adhesive used"
"9082e675-273d-5d7e-87b5-4a9e74d490ce","","checkpoint-group","not-started","","","FALSE","FALSE","Site QA","Floor Finishes","WING B2","B.41 BED","Carpet / Vinyl"
"ff80946c-989e-5c05-bf85-630cd62088e4","","checkpoint-status","not-started","","","TRUE","TRUE","Site QA","Floor Finishes","WING B2","B.41 BED","Carpet / Vinyl","Confirm area of work is accessible & acceptable to commence (If not comment below)"
"b7191f2c-7f08-56ae-805b-cab2689e17fe","","checkpoint-status","not-started","","","TRUE","TRUE","Site QA","Floor Finishes","WING B2","B.41 BED","Carpet / Vinyl","Vinyl installed as per plan"
"6007c83a-4b8a-5e8b-a339-875e7ffb4d87","","checkpoint-status","not-started","","","TRUE","TRUE","Site QA","Floor Finishes","WING B2","B.41 BED","Carpet / Vinyl","Carpet installed as per plan"
"1a4e4e89-eb40-5303-b78a-581ce3857376","","checkpoint-status","not-started","","","TRUE","TRUE","Site QA","Floor Finishes","WING B2","B.41 BED","Carpet / Vinyl","Joints sealed with heat welded seams and mitres as per AS 1884-2012"
"4d30ad54-4e04-5a28-9184-70d2051f02f0","","checkpoint-status","not-started","","","TRUE","TRUE","Site QA","Floor Finishes","WING B2","B.41 BED","Carpet / Vinyl","Vinyl skirt and coving used as per finishes markup - 150mm height"
"c6dc8c56-3749-5610-8dab-f58ba904025c","","checkpoint-status","not-started","","","TRUE","TRUE","Site QA","Floor Finishes","WING B2","B.41 BED","Carpet / Vinyl","Installer Sign Off: Carpet / Vinyl installed as per manufacturer's instructions"
"4c459da8-74ea-5ddc-a8ed-e964f29ef646","","checkpoint-status","not-started","","","TRUE","TRUE","Site QA","Floor Finishes","WING B2","B.41 BED","Carpet / Vinyl","Add-Floors Sign Off"
"cf2520b4-41c5-549e-9eb0-571988194b56","","checkpoint-status","not-started","","","TRUE","TRUE","Site QA","Floor Finishes","WING B2","B.41 BED","Carpet / Vinyl","Foreman installation sign off"
"c760a5b2-7bc5-587a-b2ce-540bad3a8c2e","","checkpoint-group","not-started","","","FALSE","FALSE","Site QA","Floor Finishes","WING B2","B.41 BED","Wall Finish"
"af883d58-3aaa-58e5-87e3-c3ed3451ab84","","checkpoint-status","not-started","","","TRUE","TRUE","Site QA","Floor Finishes","WING B2","B.41 BED","Wall Finish","Wall Finish installed as per plan"
"0ef80727-b33a-5378-8af6-fb289649d23b","","checkpoint-group","not-started","","","FALSE","FALSE","Site QA","Floor Finishes","WING B2","B.41 BED","Protection and Handover"
"fdca5822-9d5b-57cf-9c67-023228341afb","","checkpoint-status","not-started","","","TRUE","TRUE","Site QA","Floor Finishes","WING B2","B.41 BED","Protection and Handover","Installation complete, checked and reviewed - as per specification"
"543ac8f6-eded-51a7-a61a-143bcf6f6284","","checkpoint-status","not-started","","","TRUE","TRUE","Site QA","Floor Finishes","WING B2","B.41 BED","Protection and Handover","Floor protected with bubbleweave floor protection or polyweave"
"398d0154-4593-5685-b046-6909292ce4d1","","checkpoint-status","not-started","","","TRUE","TRUE","Site QA","Floor Finishes","WING B2","B.41 BED","Protection and Handover","Installer Sign Off: Protection installed as per manufacturer's instructions"
"01757e74-9920-483d-9af3-d462e371d4c4","","checklist-sectioned","not-started","5a8a68d1221a9e608c282940756e19ac2c3c1dd54ffd7888cef6f74664a05c9a","checklist","FALSE","FALSE","Site QA","Floor Finishes","WING B2","B.41A ENSUITE"
"7c0c9e2f-8b26-5dcf-88c7-9f325a759401","","checkpoint-group","not-started","","","FALSE","FALSE","Site QA","Floor Finishes","WING B2","B.41A ENSUITE","Subfloor, Floor Preparation, Adhesive"
"87d58d74-2141-5d03-afb1-7e5bc219447b","","checkpoint-status","not-started","","","TRUE","TRUE","Site QA","Floor Finishes","WING B2","B.41A ENSUITE","Subfloor, Floor Preparation, Adhesive","Confirm area of work is accessible & acceptable to commence (If not comment below)"
"c596aabc-0d1f-5422-98a5-02fab5a69e0e","","checkpoint-status","not-started","","","TRUE","TRUE","Site QA","Floor Finishes","WING B2","B.41A ENSUITE","Subfloor, Floor Preparation, Adhesive","Subfloor mechanically diamond ground"
"7d0a58f1-24e7-4b33-b667-4b456398fa19","","checkpoint-status","not-started","","","TRUE","TRUE","Site QA","Floor Finishes","WING B2","B.41A ENSUITE","Subfloor, Floor Preparation, Adhesive","Floor preparation product installed in accordance with manufacturer's instructions"
"59addf48-fcdb-5388-a399-fb540f944bbf","","checkpoint-status","not-started","","","TRUE","TRUE","Site QA","Floor Finishes","WING B2","B.41A ENSUITE","Subfloor, Floor Preparation, Adhesive","Floor transitions installed as per instructions from builder"
"4e7ac68f-d4e6-4f32-83c5-63052e3669ba","","checkpoint-status","not-started","","","TRUE","TRUE","Site QA","Floor Finishes","WING B2","B.41A ENSUITE","Subfloor, Floor Preparation, Adhesive","Waterproof tested for falls, and water test completed by waterproofers"
"dfadbf16-0b62-5db9-a8ce-0dca672c1c9b","","checkpoint-status","not-started","","","TRUE","TRUE","Site QA","Floor Finishes","WING B2","B.41A ENSUITE","Subfloor, Floor Preparation, Adhesive","Correct adhesive used"
"ae69becb-b0ba-5d08-b545-bc2e1a6c2b8c","","checkpoint-group","not-started","","","FALSE","FALSE","Site QA","Floor Finishes","WING B2","B.41A ENSUITE","Carpet / Vinyl"
"365b230d-52ab-56a6-a972-efa0ecd893d3","","checkpoint-status","not-started","","","TRUE","TRUE","Site QA","Floor Finishes","WING B2","B.41A ENSUITE","Carpet / Vinyl","Confirm area of work is accessible & acceptable to commence (If not comment below)"
"9c551bff-7388-5b7b-8c89-50b28bf48ec0","","checkpoint-status","not-started","","","TRUE","TRUE","Site QA","Floor Finishes","WING B2","B.41A ENSUITE","Carpet / Vinyl","Vinyl installed as per plan"
"90da3f9b-8379-51e6-a99d-dff371b3824b","","checkpoint-status","not-started","","","TRUE","TRUE","Site QA","Floor Finishes","WING B2","B.41A ENSUITE","Carpet / Vinyl","Carpet installed as per plan"
"3ba727bd-cb72-52df-8574-85c49ae33f11","","checkpoint-status","not-started","","","TRUE","TRUE","Site QA","Floor Finishes","WING B2","B.41A ENSUITE","Carpet / Vinyl","Joints sealed with heat welded seams and mitres as per AS 1884-2012"
"cf625d35-242f-595a-964a-3b4012b6dede","","checkpoint-status","not-started","","","TRUE","TRUE","Site QA","Floor Finishes","WING B2","B.41A ENSUITE","Carpet / Vinyl","Vinyl skirt and coving used as per finishes markup - 150mm height"
"0e32e2d2-e288-540c-bf5a-fe18a6704a40","","checkpoint-status","not-started","","","TRUE","TRUE","Site QA","Floor Finishes","WING B2","B.41A ENSUITE","Carpet / Vinyl","Installer Sign Off: Carpet / Vinyl installed as per manufacturer's instructions"
"03c67077-14b8-59c6-9689-aba3fe8bcb52","","checkpoint-status","not-started","","","TRUE","TRUE","Site QA","Floor Finishes","WING B2","B.41A ENSUITE","Carpet / Vinyl","Add-Floors Sign Off"
"4f04516a-99f1-5693-b790-e3636d370499","","checkpoint-status","not-started","","","TRUE","TRUE","Site QA","Floor Finishes","WING B2","B.41A ENSUITE","Carpet / Vinyl","Foreman installation sign off"
"7f1c9bfe-1b7e-5b86-9da9-b1c90e021ff3","","checkpoint-group","not-started","","","FALSE","FALSE","Site QA","Floor Finishes","WING B2","B.41A ENSUITE","Wall Finish"
"7d2bbc9e-82b2-52b3-86db-2b73bfa94184","","checkpoint-status","not-started","","","TRUE","TRUE","Site QA","Floor Finishes","WING B2","B.41A ENSUITE","Wall Finish","Wall Finish installed as per plan"
"a4079b0d-5795-50e2-9a77-859da7be22ca","","checkpoint-group","not-started","","","FALSE","FALSE","Site QA","Floor Finishes","WING B2","B.41A ENSUITE","Protection and Handover"
"5a18fda0-ba1b-58dc-8abc-6b105713f50a","","checkpoint-status","not-started","","","TRUE","TRUE","Site QA","Floor Finishes","WING B2","B.41A ENSUITE","Protection and Handover","Installation complete, checked and reviewed - as per specification"
"ce55dbf8-430d-5c19-923a-1959f454ce92","","checkpoint-status","not-started","","","TRUE","TRUE","Site QA","Floor Finishes","WING B2","B.41A ENSUITE","Protection and Handover","Floor protected with bubbleweave floor protection or polyweave"
"55533e77-03e2-57cc-8a5b-8592a66e6d63","","checkpoint-status","not-started","","","TRUE","TRUE","Site QA","Floor Finishes","WING B2","B.41A ENSUITE","Protection and Handover","Installer Sign Off: Protection installed as per manufacturer's instructions"
"0f9bead9-708d-4b6c-9482-7438ea5a285e","","checklist-sectioned","not-started","5a8a68d1221a9e608c282940756e19ac2c3c1dd54ffd7888cef6f74664a05c9a","checklist","FALSE","FALSE","Site QA","Floor Finishes","WING B2","B.42 BED"
"41d1d434-6455-5a3c-824d-a445b00bf8a9","","checkpoint-group","not-started","","","FALSE","FALSE","Site QA","Floor Finishes","WING B2","B.42 BED","Subfloor, Floor Preparation, Adhesive"
"387c5406-9cd0-573a-bca5-022f41fc950c","","checkpoint-status","not-started","","","TRUE","TRUE","Site QA","Floor Finishes","WING B2","B.42 BED","Subfloor, Floor Preparation, Adhesive","Confirm area of work is accessible & acceptable to commence (If not comment below)"
"d5db11ab-97dd-5d73-96d6-04bfba4b4ee7","","checkpoint-status","not-started","","","TRUE","TRUE","Site QA","Floor Finishes","WING B2","B.42 BED","Subfloor, Floor Preparation, Adhesive","Subfloor mechanically diamond ground"
"69756a71-49a3-4957-996b-f7184d14b60c","","checkpoint-status","not-started","","","TRUE","TRUE","Site QA","Floor Finishes","WING B2","B.42 BED","Subfloor, Floor Preparation, Adhesive","Floor preparation product installed in accordance with manufacturer's instructions"
"71d6ad03-d2e5-58e3-8da2-ab09a4d40e8c","","checkpoint-status","not-started","","","TRUE","TRUE","Site QA","Floor Finishes","WING B2","B.42 BED","Subfloor, Floor Preparation, Adhesive","Floor transitions installed as per instructions from builder"
"51fdf9d3-0bfb-4290-bd6d-6fe9b7b4db40","","checkpoint-status","not-started","","","TRUE","TRUE","Site QA","Floor Finishes","WING B2","B.42 BED","Subfloor, Floor Preparation, Adhesive","Waterproof tested for falls, and water test completed by waterproofers"
"2c81b775-2aa5-53ac-bf99-0693012f9853","","checkpoint-status","not-started","","","TRUE","TRUE","Site QA","Floor Finishes","WING B2","B.42 BED","Subfloor, Floor Preparation, Adhesive","Correct adhesive used"
"b86e276c-df3c-588a-b79b-1c904edcacb4","","checkpoint-group","not-started","","","FALSE","FALSE","Site QA","Floor Finishes","WING B2","B.42 BED","Carpet / Vinyl"
"9e42a026-0bf4-519b-8e83-60429b20f384","","checkpoint-status","not-started","","","TRUE","TRUE","Site QA","Floor Finishes","WING B2","B.42 BED","Carpet / Vinyl","Confirm area of work is accessible & acceptable to commence (If not comment below)"
"cf4f741f-1a0e-50d6-896a-ea8463eff778","","checkpoint-status","not-started","","","TRUE","TRUE","Site QA","Floor Finishes","WING B2","B.42 BED","Carpet / Vinyl","Vinyl installed as per plan"
"2fce0a32-ed82-58b7-b611-b4cd186ca83d","","checkpoint-status","not-started","","","TRUE","TRUE","Site QA","Floor Finishes","WING B2","B.42 BED","Carpet / Vinyl","Carpet installed as per plan"
"054dee4a-4976-5923-9785-2d5e3310d209","","checkpoint-status","not-started","","","TRUE","TRUE","Site QA","Floor Finishes","WING B2","B.42 BED","Carpet / Vinyl","Joints sealed with heat welded seams and mitres as per AS 1884-2012"
"10c15872-846d-5b0d-a457-f33485b9eeba","","checkpoint-status","not-started","","","TRUE","TRUE","Site QA","Floor Finishes","WING B2","B.42 BED","Carpet / Vinyl","Vinyl skirt and coving used as per finishes markup - 150mm height"
"fbc8a81f-bae6-5e14-8894-776a3d00ea8b","","checkpoint-status","not-started","","","TRUE","TRUE","Site QA","Floor Finishes","WING B2","B.42 BED","Carpet / Vinyl","Installer Sign Off: Carpet / Vinyl installed as per manufacturer's instructions"
"94c468f7-d885-504d-ac5b-85409cca7284","","checkpoint-status","not-started","","","TRUE","TRUE","Site QA","Floor Finishes","WING B2","B.42 BED","Carpet / Vinyl","Add-Floors Sign Off"
"405fe7bd-29e3-5fe4-ab4b-b8e9072e14e2","","checkpoint-status","not-started","","","TRUE","TRUE","Site QA","Floor Finishes","WING B2","B.42 BED","Carpet / Vinyl","Foreman installation sign off"
"626d2e7e-6989-5ecc-b82c-cdbf197bf249","","checkpoint-group","not-started","","","FALSE","FALSE","Site QA","Floor Finishes","WING B2","B.42 BED","Wall Finish"
"3c8d839b-d2ca-59f1-b3ab-a2647584ca02","","checkpoint-status","not-started","","","TRUE","TRUE","Site QA","Floor Finishes","WING B2","B.42 BED","Wall Finish","Wall Finish installed as per plan"
"4b5d29df-0c49-595e-aba4-cbb8284f3cd2","","checkpoint-group","not-started","","","FALSE","FALSE","Site QA","Floor Finishes","WING B2","B.42 BED","Protection and Handover"
"08b51da1-2c23-5f0f-9fc5-9a96f7270b40","","checkpoint-status","not-started","","","TRUE","TRUE","Site QA","Floor Finishes","WING B2","B.42 BED","Protection and Handover","Installation complete, checked and reviewed - as per specification"
"b79ef7d3-fdf8-5fbd-b00e-e6121babecce","","checkpoint-status","not-started","","","TRUE","TRUE","Site QA","Floor Finishes","WING B2","B.42 BED","Protection and Handover","Floor protected with bubbleweave floor protection or polyweave"
"3d59fd1e-d7f1-519b-b2b7-dfa959532951","","checkpoint-status","not-started","","","TRUE","TRUE","Site QA","Floor Finishes","WING B2","B.42 BED","Protection and Handover","Installer Sign Off: Protection installed as per manufacturer's instructions"
"72361422-5f88-4325-8340-5f0bc41f3b30","","checklist-sectioned","not-started","5a8a68d1221a9e608c282940756e19ac2c3c1dd54ffd7888cef6f74664a05c9a","checklist","FALSE","FALSE","Site QA","Floor Finishes","WING B2","B.43 BED"
"a8c5b14e-36eb-54e9-bd52-9510da9db7b3","","checkpoint-group","not-started","","","FALSE","FALSE","Site QA","Floor Finishes","WING B2","B.43 BED","Subfloor, Floor Preparation, Adhesive"
"2c393c0c-4a5c-5d28-823a-55d559235b63","","checkpoint-status","not-started","","","TRUE","TRUE","Site QA","Floor Finishes","WING B2","B.43 BED","Subfloor, Floor Preparation, Adhesive","Confirm area of work is accessible & acceptable to commence (If not comment below)"
"4a2260e0-1d7f-5c40-873b-3b67e7ae01a9","","checkpoint-status","not-started","","","TRUE","TRUE","Site QA","Floor Finishes","WING B2","B.43 BED","Subfloor, Floor Preparation, Adhesive","Subfloor mechanically diamond ground"
"c0f34859-bc69-4d6e-ac0e-41c05dd9c3b8","","checkpoint-status","not-started","","","TRUE","TRUE","Site QA","Floor Finishes","WING B2","B.43 BED","Subfloor, Floor Preparation, Adhesive","Floor preparation product installed in accordance with manufacturer's instructions"
"a346a7fe-08b6-52e9-b443-c970da5e53bf","","checkpoint-status","not-started","","","TRUE","TRUE","Site QA","Floor Finishes","WING B2","B.43 BED","Subfloor, Floor Preparation, Adhesive","Floor transitions installed as per instructions from builder"
"f3919038-5981-4087-984b-75f9953e2603","","checkpoint-status","not-started","","","TRUE","TRUE","Site QA","Floor Finishes","WING B2","B.43 BED","Subfloor, Floor Preparation, Adhesive","Waterproof tested for falls, and water test completed by waterproofers"
"91e53df5-9cc1-5ad7-a6f5-661ed5d20326","","checkpoint-status","not-started","","","TRUE","TRUE","Site QA","Floor Finishes","WING B2","B.43 BED","Subfloor, Floor Preparation, Adhesive","Correct adhesive used"
"8159d5a0-363f-5f67-b704-d1e800944c4d","","checkpoint-group","not-started","","","FALSE","FALSE","Site QA","Floor Finishes","WING B2","B.43 BED","Carpet / Vinyl"
"900050db-a8bc-5adb-9eda-0b1282475017","","checkpoint-status","not-started","","","TRUE","TRUE","Site QA","Floor Finishes","WING B2","B.43 BED","Carpet / Vinyl","Confirm area of work is accessible & acceptable to commence (If not comment below)"
"bafde403-2b55-53f4-8a70-7c594a77f71b","","checkpoint-status","not-started","","","TRUE","TRUE","Site QA","Floor Finishes","WING B2","B.43 BED","Carpet / Vinyl","Vinyl installed as per plan"
"4a10a209-76e7-57d0-a130-6c8cc4ce9905","","checkpoint-status","not-started","","","TRUE","TRUE","Site QA","Floor Finishes","WING B2","B.43 BED","Carpet / Vinyl","Carpet installed as per plan"
"1f0a1b99-69a4-5f57-a77f-27780d02fef6","","checkpoint-status","not-started","","","TRUE","TRUE","Site QA","Floor Finishes","WING B2","B.43 BED","Carpet / Vinyl","Joints sealed with heat welded seams and mitres as per AS 1884-2012"
"c4b7486d-a146-5a1d-9efe-2c3d7912cbf8","","checkpoint-status","not-started","","","TRUE","TRUE","Site QA","Floor Finishes","WING B2","B.43 BED","Carpet / Vinyl","Vinyl skirt and coving used as per finishes markup - 150mm height"
"67cabb1d-6491-58b9-981a-00ccfb566030","","checkpoint-status","not-started","","","TRUE","TRUE","Site QA","Floor Finishes","WING B2","B.43 BED","Carpet / Vinyl","Installer Sign Off: Carpet / Vinyl installed as per manufacturer's instructions"
"e0c0f19b-22cd-5f07-b820-fad6ec66120c","","checkpoint-status","not-started","","","TRUE","TRUE","Site QA","Floor Finishes","WING B2","B.43 BED","Carpet / Vinyl","Add-Floors Sign Off"
"5fe1066d-2e3c-5e0a-b497-e179d7c44205","","checkpoint-status","not-started","","","TRUE","TRUE","Site QA","Floor Finishes","WING B2","B.43 BED","Carpet / Vinyl","Foreman installation sign off"
"7da1ff21-06e9-56af-a479-94a898fd53fe","","checkpoint-group","not-started","","","FALSE","FALSE","Site QA","Floor Finishes","WING B2","B.43 BED","Wall Finish"
"83e6c456-880f-5384-af3a-0c8ae4bdcc95","","checkpoint-status","not-started","","","TRUE","TRUE","Site QA","Floor Finishes","WING B2","B.43 BED","Wall Finish","Wall Finish installed as per plan"
"38fe1a86-8811-53dd-940e-c9283e31628f","","checkpoint-group","not-started","","","FALSE","FALSE","Site QA","Floor Finishes","WING B2","B.43 BED","Protection and Handover"
"2dbcf4d2-2526-572e-9ff3-f9eec797ec84","","checkpoint-status","not-started","","","TRUE","TRUE","Site QA","Floor Finishes","WING B2","B.43 BED","Protection and Handover","Installation complete, checked and reviewed - as per specification"
"53d51f98-edf0-5f6b-b80a-08b410537f2f","","checkpoint-status","not-started","","","TRUE","TRUE","Site QA","Floor Finishes","WING B2","B.43 BED","Protection and Handover","Floor protected with bubbleweave floor protection or polyweave"
"772df5c2-6ab0-5fd8-a8b6-9f220f59ad24","","checkpoint-status","not-started","","","TRUE","TRUE","Site QA","Floor Finishes","WING B2","B.43 BED","Protection and Handover","Installer Sign Off: Protection installed as per manufacturer's instructions"
"ecc4e8e6-d460-4c15-b996-bb71f7c1371a","","checklist-sectioned","not-started","5a8a68d1221a9e608c282940756e19ac2c3c1dd54ffd7888cef6f74664a05c9a","checklist","FALSE","FALSE","Site QA","Floor Finishes","WING B2","B.43A BED"
"7eea2746-fb0c-50b7-af93-b35be7bcbcf6","","checkpoint-group","not-started","","","FALSE","FALSE","Site QA","Floor Finishes","WING B2","B.43A BED","Subfloor, Floor Preparation, Adhesive"
"e0691ef0-a3db-54e1-a725-7a197c2d21c6","","checkpoint-status","not-started","","","TRUE","TRUE","Site QA","Floor Finishes","WING B2","B.43A BED","Subfloor, Floor Preparation, Adhesive","Confirm area of work is accessible & acceptable to commence (If not comment below)"
"5e6403f3-f1f1-5cd8-832a-6fe151be3888","","checkpoint-status","not-started","","","TRUE","TRUE","Site QA","Floor Finishes","WING B2","B.43A BED","Subfloor, Floor Preparation, Adhesive","Subfloor mechanically diamond ground"
"a62565b6-c039-4be9-b879-7ac036d6ae8f","","checkpoint-status","not-started","","","TRUE","TRUE","Site QA","Floor Finishes","WING B2","B.43A BED","Subfloor, Floor Preparation, Adhesive","Floor preparation product installed in accordance with manufacturer's instructions"
"acdc1874-3029-5237-a87a-b5538e67a565","","checkpoint-status","not-started","","","TRUE","TRUE","Site QA","Floor Finishes","WING B2","B.43A BED","Subfloor, Floor Preparation, Adhesive","Floor transitions installed as per instructions from builder"
"995fa40b-e39f-4c5b-a6b0-4974342c7934","","checkpoint-status","not-started","","","TRUE","TRUE","Site QA","Floor Finishes","WING B2","B.43A BED","Subfloor, Floor Preparation, Adhesive","Waterproof tested for falls, and water test completed by waterproofers"
"3e2b08c2-c65e-5e6e-96dc-d53da6ccea5f","","checkpoint-status","not-started","","","TRUE","TRUE","Site QA","Floor Finishes","WING B2","B.43A BED","Subfloor, Floor Preparation, Adhesive","Correct adhesive used"
"2be2afbc-06cc-5d53-819d-708a7c6aea0f","","checkpoint-group","not-started","","","FALSE","FALSE","Site QA","Floor Finishes","WING B2","B.43A BED","Carpet / Vinyl"
"0cfa1fc1-5497-5287-8bbc-b19f6ef47318","","checkpoint-status","not-started","","","TRUE","TRUE","Site QA","Floor Finishes","WING B2","B.43A BED","Carpet / Vinyl","Confirm area of work is accessible & acceptable to commence (If not comment below)"
"12224a66-43dc-55bd-9188-acf689edf9af","","checkpoint-status","not-started","","","TRUE","TRUE","Site QA","Floor Finishes","WING B2","B.43A BED","Carpet / Vinyl","Vinyl installed as per plan"
"1308712d-fa38-5bd4-95c3-7d48b0588bf5","","checkpoint-status","not-started","","","TRUE","TRUE","Site QA","Floor Finishes","WING B2","B.43A BED","Carpet / Vinyl","Carpet installed as per plan"
"ecdcce05-76e9-5c93-b4c0-296564a01b27","","checkpoint-status","not-started","","","TRUE","TRUE","Site QA","Floor Finishes","WING B2","B.43A BED","Carpet / Vinyl","Joints sealed with heat welded seams and mitres as per AS 1884-2012"
"6d32345f-3640-55bb-b324-fa2b0c715043","","checkpoint-status","not-started","","","TRUE","TRUE","Site QA","Floor Finishes","WING B2","B.43A BED","Carpet / Vinyl","Vinyl skirt and coving used as per finishes markup - 150mm height"
"7b7bb3be-d60a-541e-a1dc-64a4257816c7","","checkpoint-status","not-started","","","TRUE","TRUE","Site QA","Floor Finishes","WING B2","B.43A BED","Carpet / Vinyl","Installer Sign Off: Carpet / Vinyl installed as per manufacturer's instructions"
"faae18d9-219e-5049-a8c3-baf238302fb1","","checkpoint-status","not-started","","","TRUE","TRUE","Site QA","Floor Finishes","WING B2","B.43A BED","Carpet / Vinyl","Add-Floors Sign Off"
"b35eee5c-08b0-553a-9a62-166c5f1f732f","","checkpoint-status","not-started","","","TRUE","TRUE","Site QA","Floor Finishes","WING B2","B.43A BED","Carpet / Vinyl","Foreman installation sign off"
"31fce724-4fae-50f4-be01-1b26c90b7e54","","checkpoint-group","not-started","","","FALSE","FALSE","Site QA","Floor Finishes","WING B2","B.43A BED","Wall Finish"
"71bf379a-d64d-580b-b3e0-9d07a31972ac","","checkpoint-status","not-started","","","TRUE","TRUE","Site QA","Floor Finishes","WING B2","B.43A BED","Wall Finish","Wall Finish installed as per plan"
"0c2a63fd-2658-5d62-bf09-55e04bfb7bc8","","checkpoint-group","not-started","","","FALSE","FALSE","Site QA","Floor Finishes","WING B2","B.43A BED","Protection and Handover"
"4c9bc31a-797b-5767-871b-2abd56df6e09","","checkpoint-status","not-started","","","TRUE","TRUE","Site QA","Floor Finishes","WING B2","B.43A BED","Protection and Handover","Installation complete, checked and reviewed - as per specification"
"d0f121c0-5849-5520-a8fb-ecd2fe3e77bb","","checkpoint-status","not-started","","","TRUE","TRUE","Site QA","Floor Finishes","WING B2","B.43A BED","Protection and Handover","Floor protected with bubbleweave floor protection or polyweave"
"609cf0dd-71e7-5c64-bfe5-5022c343dca8","","checkpoint-status","not-started","","","TRUE","TRUE","Site QA","Floor Finishes","WING B2","B.43A BED","Protection and Handover","Installer Sign Off: Protection installed as per manufacturer's instructions"
"ba49e692-6af5-46a6-a46b-47e895122403","","checklist-sectioned","not-started","5a8a68d1221a9e608c282940756e19ac2c3c1dd54ffd7888cef6f74664a05c9a","checklist","FALSE","FALSE","Site QA","Floor Finishes","WING B2","B.98 CORRIDOR"
"65fda88e-700c-5998-9e0d-9f6c0745792c","","checkpoint-group","not-started","","","FALSE","FALSE","Site QA","Floor Finishes","WING B2","B.98 CORRIDOR","Subfloor, Floor Preparation, Adhesive"
"6e8ee1e7-2a90-58ae-b823-b2cb2426c0fe","","checkpoint-status","not-started","","","TRUE","TRUE","Site QA","Floor Finishes","WING B2","B.98 CORRIDOR","Subfloor, Floor Preparation, Adhesive","Confirm area of work is accessible & acceptable to commence (If not comment below)"
"de9aecac-7170-57b5-917c-dea3da954cfc","","checkpoint-status","not-started","","","TRUE","TRUE","Site QA","Floor Finishes","WING B2","B.98 CORRIDOR","Subfloor, Floor Preparation, Adhesive","Subfloor mechanically diamond ground"
"d3c9f889-cc73-4e7c-9e89-c45c0f56f949","","checkpoint-status","not-started","","","TRUE","TRUE","Site QA","Floor Finishes","WING B2","B.98 CORRIDOR","Subfloor, Floor Preparation, Adhesive","Floor preparation product installed in accordance with manufacturer's instructions"
"9d635995-2a61-5dec-a8fb-be7bffd15cc6","","checkpoint-status","not-started","","","TRUE","TRUE","Site QA","Floor Finishes","WING B2","B.98 CORRIDOR","Subfloor, Floor Preparation, Adhesive","Floor transitions installed as per instructions from builder"
"f885dcfc-b32a-4111-b5a3-b0598aa27428","","checkpoint-status","not-started","","","TRUE","TRUE","Site QA","Floor Finishes","WING B2","B.98 CORRIDOR","Subfloor, Floor Preparation, Adhesive","Waterproof tested for falls, and water test completed by waterproofers"
"09eaf580-89d9-5dde-8266-8ae1cbfcd6d7","","checkpoint-status","not-started","","","TRUE","TRUE","Site QA","Floor Finishes","WING B2","B.98 CORRIDOR","Subfloor, Floor Preparation, Adhesive","Correct adhesive used"
"f257b9b3-12c9-57c2-9edb-0ecc95007ca5","","checkpoint-group","not-started","","","FALSE","FALSE","Site QA","Floor Finishes","WING B2","B.98 CORRIDOR","Carpet / Vinyl"
"a5c441e7-7059-54d8-b7d1-75098ad86992","","checkpoint-status","not-started","","","TRUE","TRUE","Site QA","Floor Finishes","WING B2","B.98 CORRIDOR","Carpet / Vinyl","Confirm area of work is accessible & acceptable to commence (If not comment below)"
"5b8030ec-6666-5e5b-9e99-91835ad63fd4","","checkpoint-status","not-started","","","TRUE","TRUE","Site QA","Floor Finishes","WING B2","B.98 CORRIDOR","Carpet / Vinyl","Vinyl installed as per plan"
"d23650e3-3329-5ebe-b3f8-ef144ab39d96","","checkpoint-status","not-started","","","TRUE","TRUE","Site QA","Floor Finishes","WING B2","B.98 CORRIDOR","Carpet / Vinyl","Carpet installed as per plan"
"7427d3ef-fda7-5b5d-9ca8-a3feaa5558e4","","checkpoint-status","not-started","","","TRUE","TRUE","Site QA","Floor Finishes","WING B2","B.98 CORRIDOR","Carpet / Vinyl","Joints sealed with heat welded seams and mitres as per AS 1884-2012"
"8cad942b-8b3c-519a-8508-850830db164c","","checkpoint-status","not-started","","","TRUE","TRUE","Site QA","Floor Finishes","WING B2","B.98 CORRIDOR","Carpet / Vinyl","Vinyl skirt and coving used as per finishes markup - 150mm height"
"2d8a44ca-b3ed-50b2-be99-3f9862b566c0","","checkpoint-status","not-started","","","TRUE","TRUE","Site QA","Floor Finishes","WING B2","B.98 CORRIDOR","Carpet / Vinyl","Installer Sign Off: Carpet / Vinyl installed as per manufacturer's instructions"
"d5e228cb-6e0f-540b-81e8-0ded0b0433ba","","checkpoint-status","not-started","","","TRUE","TRUE","Site QA","Floor Finishes","WING B2","B.98 CORRIDOR","Carpet / Vinyl","Add-Floors Sign Off"
"3ef8014d-6dcd-5c41-8a93-75f49bcf9ed3","","checkpoint-status","not-started","","","TRUE","TRUE","Site QA","Floor Finishes","WING B2","B.98 CORRIDOR","Carpet / Vinyl","Foreman installation sign off"
"3c78bb4c-ddbf-5d9e-bd8c-466699194822","","checkpoint-group","not-started","","","FALSE","FALSE","Site QA","Floor Finishes","WING B2","B.98 CORRIDOR","Wall Finish"
"ba737baa-3afc-5d3b-8c9a-5e7409c296d6","","checkpoint-status","not-started","","","TRUE","TRUE","Site QA","Floor Finishes","WING B2","B.98 CORRIDOR","Wall Finish","Wall Finish installed as per plan"
"73b76538-1cf6-57b0-9ae9-7e54a96fca4b","","checkpoint-group","not-started","","","FALSE","FALSE","Site QA","Floor Finishes","WING B2","B.98 CORRIDOR","Protection and Handover"
"00a41774-906b-5156-b908-67cac1019f50","","checkpoint-status","not-started","","","TRUE","TRUE","Site QA","Floor Finishes","WING B2","B.98 CORRIDOR","Protection and Handover","Installation complete, checked and reviewed - as per specification"
"c5491607-eca1-57a5-a79b-59ba66928842","","checkpoint-status","not-started","","","TRUE","TRUE","Site QA","Floor Finishes","WING B2","B.98 CORRIDOR","Protection and Handover","Floor protected with bubbleweave floor protection or polyweave"
"5def45c5-a41a-5ac6-b1a2-1c47e829f4c9","","checkpoint-status","not-started","","","TRUE","TRUE","Site QA","Floor Finishes","WING B2","B.98 CORRIDOR","Protection and Handover","Installer Sign Off: Protection installed as per manufacturer's instructions"
"e35de84b-b8a8-4676-8615-0e9c3dc8d0f1","","checklist-sectioned","not-started","5a8a68d1221a9e608c282940756e19ac2c3c1dd54ffd7888cef6f74664a05c9a","checklist","FALSE","FALSE","Site QA","Floor Finishes","WING B2","B42A ENSUITE"
"c22edcd7-e7b2-59bf-bc98-488ad35e4176","","checkpoint-group","not-started","","","FALSE","FALSE","Site QA","Floor Finishes","WING B2","B42A ENSUITE","Subfloor, Floor Preparation, Adhesive"
"01275cdd-c6f7-5278-89cb-fa83cd0614be","","checkpoint-status","not-started","","","TRUE","TRUE","Site QA","Floor Finishes","WING B2","B42A ENSUITE","Subfloor, Floor Preparation, Adhesive","Confirm area of work is accessible & acceptable to commence (If not comment below)"
"2e62a0a6-516e-5a67-83a5-2f414d7a7712","","checkpoint-status","not-started","","","TRUE","TRUE","Site QA","Floor Finishes","WING B2","B42A ENSUITE","Subfloor, Floor Preparation, Adhesive","Subfloor mechanically diamond ground"
"c9380264-cae3-4240-93a3-93c4e0a2ea5f","","checkpoint-status","not-started","","","TRUE","TRUE","Site QA","Floor Finishes","WING B2","B42A ENSUITE","Subfloor, Floor Preparation, Adhesive","Floor preparation product installed in accordance with manufacturer's instructions"
"bad15e92-c2d9-501a-af1e-1be1def006db","","checkpoint-status","not-started","","","TRUE","TRUE","Site QA","Floor Finishes","WING B2","B42A ENSUITE","Subfloor, Floor Preparation, Adhesive","Floor transitions installed as per instructions from builder"
"cf1431d7-5f09-4445-9861-1cc0ddcc2383","","checkpoint-status","not-started","","","TRUE","TRUE","Site QA","Floor Finishes","WING B2","B42A ENSUITE","Subfloor, Floor Preparation, Adhesive","Waterproof tested for falls, and water test completed by waterproofers"
"2dabc6df-ebb8-5cdf-95bc-c3ab8fc3a07e","","checkpoint-status","not-started","","","TRUE","TRUE","Site QA","Floor Finishes","WING B2","B42A ENSUITE","Subfloor, Floor Preparation, Adhesive","Correct adhesive used"
"cf6968c0-2a90-5f95-8e1f-3856db5e14d8","","checkpoint-group","not-started","","","FALSE","FALSE","Site QA","Floor Finishes","WING B2","B42A ENSUITE","Carpet / Vinyl"
"d91ce7a8-934a-5213-a4fd-23b038dc96b0","","checkpoint-status","not-started","","","TRUE","TRUE","Site QA","Floor Finishes","WING B2","B42A ENSUITE","Carpet / Vinyl","Confirm area of work is accessible & acceptable to commence (If not comment below)"
"aabfe8e3-451b-5697-b800-52e3c7290002","","checkpoint-status","not-started","","","TRUE","TRUE","Site QA","Floor Finishes","WING B2","B42A ENSUITE","Carpet / Vinyl","Vinyl installed as per plan"
"fd7db8d2-9158-5d43-9d5c-5b4ff51cb4ce","","checkpoint-status","not-started","","","TRUE","TRUE","Site QA","Floor Finishes","WING B2","B42A ENSUITE","Carpet / Vinyl","Carpet installed as per plan"
"60e8707b-4d1a-5972-9f08-61bbbbd07934","","checkpoint-status","not-started","","","TRUE","TRUE","Site QA","Floor Finishes","WING B2","B42A ENSUITE","Carpet / Vinyl","Joints sealed with heat welded seams and mitres as per AS 1884-2012"
"3413f4de-4ef6-5791-9769-2200526cc6f5","","checkpoint-status","not-started","","","TRUE","TRUE","Site QA","Floor Finishes","WING B2","B42A ENSUITE","Carpet / Vinyl","Vinyl skirt and coving used as per finishes markup - 150mm height"
"91120a5c-5a75-57cf-8340-06b5fd65aeb6","","checkpoint-status","not-started","","","TRUE","TRUE","Site QA","Floor Finishes","WING B2","B42A ENSUITE","Carpet / Vinyl","Installer Sign Off: Carpet / Vinyl installed as per manufacturer's instructions"
"5e4e28e9-9a52-5665-8f9a-8c22739646c5","","checkpoint-status","not-started","","","TRUE","TRUE","Site QA","Floor Finishes","WING B2","B42A ENSUITE","Carpet / Vinyl","Add-Floors Sign Off"
"5846c3ea-eae2-50ec-9ab7-d8880ff95601","","checkpoint-status","not-started","","","TRUE","TRUE","Site QA","Floor Finishes","WING B2","B42A ENSUITE","Carpet / Vinyl","Foreman installation sign off"
"812a9c40-3e5e-5ce1-9025-af2337aad367","","checkpoint-group","not-started","","","FALSE","FALSE","Site QA","Floor Finishes","WING B2","B42A ENSUITE","Wall Finish"
"5ae60f91-ab05-59ef-9c31-c1cda8d2256d","","checkpoint-status","not-started","","","TRUE","TRUE","Site QA","Floor Finishes","WING B2","B42A ENSUITE","Wall Finish","Wall Finish installed as per plan"
"498bd3ec-78c2-5493-80c9-cede5d7fa5c7","","checkpoint-group","not-started","","","FALSE","FALSE","Site QA","Floor Finishes","WING B2","B42A ENSUITE","Protection and Handover"
"def963e2-eac5-5729-9fbe-7a26771bc049","","checkpoint-status","not-started","","","TRUE","TRUE","Site QA","Floor Finishes","WING B2","B42A ENSUITE","Protection and Handover","Installation complete, checked and reviewed - as per specification"
"0a5e0b9f-5712-52fe-91b1-d264f21bcdb0","","checkpoint-status","not-started","","","TRUE","TRUE","Site QA","Floor Finishes","WING B2","B42A ENSUITE","Protection and Handover","Floor protected with bubbleweave floor protection or polyweave"
"b4603c90-6041-5b8e-a764-c227cfa6c9ca","","checkpoint-status","not-started","","","TRUE","TRUE","Site QA","Floor Finishes","WING B2","B42A ENSUITE","Protection and Handover","Installer Sign Off: Protection installed as per manufacturer's instructions"
"f5de4553-42ea-42d2-aefa-efb702763282","","checklist-sectioned","not-started","5a8a68d1221a9e608c282940756e19ac2c3c1dd54ffd7888cef6f74664a05c9a","checklist","FALSE","FALSE","Site QA","Floor Finishes","WING B2","CORRIDOR, LINEN"
"8b84bb1e-a166-5095-9c61-1773317e9a75","","checkpoint-group","not-started","","","FALSE","FALSE","Site QA","Floor Finishes","WING B2","CORRIDOR, LINEN","Subfloor, Floor Preparation, Adhesive"
"8d79d755-de01-5a15-880d-0974a4abb999","","checkpoint-status","not-started","","","TRUE","TRUE","Site QA","Floor Finishes","WING B2","CORRIDOR, LINEN","Subfloor, Floor Preparation, Adhesive","Confirm area of work is accessible & acceptable to commence (If not comment below)"
"66133440-3500-53bb-b4d5-3a9fe8430a1e","","checkpoint-status","not-started","","","TRUE","TRUE","Site QA","Floor Finishes","WING B2","CORRIDOR, LINEN","Subfloor, Floor Preparation, Adhesive","Subfloor mechanically diamond ground"
"03e97bba-cf48-4e87-a347-a2cfb46848a5","","checkpoint-status","not-started","","","TRUE","TRUE","Site QA","Floor Finishes","WING B2","CORRIDOR, LINEN","Subfloor, Floor Preparation, Adhesive","Floor preparation product installed in accordance with manufacturer's instructions"
"e3ceface-72c7-5370-b911-deef557a6979","","checkpoint-status","not-started","","","TRUE","TRUE","Site QA","Floor Finishes","WING B2","CORRIDOR, LINEN","Subfloor, Floor Preparation, Adhesive","Floor transitions installed as per instructions from builder"
"233b8d24-d824-40c2-b314-c0dab0d8c604","","checkpoint-status","not-started","","","TRUE","TRUE","Site QA","Floor Finishes","WING B2","CORRIDOR, LINEN","Subfloor, Floor Preparation, Adhesive","Waterproof tested for falls, and water test completed by waterproofers"
"33651093-0aa7-5819-96fb-a23cd0f0eebb","","checkpoint-status","not-started","","","TRUE","TRUE","Site QA","Floor Finishes","WING B2","CORRIDOR, LINEN","Subfloor, Floor Preparation, Adhesive","Correct adhesive used"
"87b0303b-bd54-5eae-9b31-979387e7e2f0","","checkpoint-group","not-started","","","FALSE","FALSE","Site QA","Floor Finishes","WING B2","CORRIDOR, LINEN","Carpet / Vinyl"
"9b4430ed-c37f-56b8-89d8-ee7902ff582b","","checkpoint-status","not-started","","","TRUE","TRUE","Site QA","Floor Finishes","WING B2","CORRIDOR, LINEN","Carpet / Vinyl","Confirm area of work is accessible & acceptable to commence (If not comment below)"
"50e0a232-03d7-5709-bf10-cdcc7433d201","","checkpoint-status","not-started","","","TRUE","TRUE","Site QA","Floor Finishes","WING B2","CORRIDOR, LINEN","Carpet / Vinyl","Vinyl installed as per plan"
"6f13a770-663b-556b-9349-9b6db7969ab8","","checkpoint-status","not-started","","","TRUE","TRUE","Site QA","Floor Finishes","WING B2","CORRIDOR, LINEN","Carpet / Vinyl","Carpet installed as per plan"
"6b9f24ef-2ae1-51ef-94cf-6d5762887e6d","","checkpoint-status","not-started","","","TRUE","TRUE","Site QA","Floor Finishes","WING B2","CORRIDOR, LINEN","Carpet / Vinyl","Joints sealed with heat welded seams and mitres as per AS 1884-2012"
"8399c5b0-8879-59d2-b08c-c52cca93a013","","checkpoint-status","not-started","","","TRUE","TRUE","Site QA","Floor Finishes","WING B2","CORRIDOR, LINEN","Carpet / Vinyl","Vinyl skirt and coving used as per finishes markup - 150mm height"
"13754dcc-d3dd-5a4f-9d9d-9f97354116d9","","checkpoint-status","not-started","","","TRUE","TRUE","Site QA","Floor Finishes","WING B2","CORRIDOR, LINEN","Carpet / Vinyl","Installer Sign Off: Carpet / Vinyl installed as per manufacturer's instructions"
"67a14cd6-00cc-5727-ae30-59f09d0a5ae6","","checkpoint-status","not-started","","","TRUE","TRUE","Site QA","Floor Finishes","WING B2","CORRIDOR, LINEN","Carpet / Vinyl","Add-Floors Sign Off"
"5d0cbe1d-79cf-56dd-8b91-c55c01548453","","checkpoint-status","not-started","","","TRUE","TRUE","Site QA","Floor Finishes","WING B2","CORRIDOR, LINEN","Carpet / Vinyl","Foreman installation sign off"
"41e0df26-4757-56f6-87f3-e7039d3241c8","","checkpoint-group","not-started","","","FALSE","FALSE","Site QA","Floor Finishes","WING B2","CORRIDOR, LINEN","Wall Finish"
"8dcb6b22-35ce-5094-9c87-d914d107e698","","checkpoint-status","not-started","","","TRUE","TRUE","Site QA","Floor Finishes","WING B2","CORRIDOR, LINEN","Wall Finish","Wall Finish installed as per plan"
"11e00f09-59a4-5925-bf69-6609bf8f72ad","","checkpoint-group","not-started","","","FALSE","FALSE","Site QA","Floor Finishes","WING B2","CORRIDOR, LINEN","Protection and Handover"
"662c3064-8f13-580b-9bf1-e80db03ef9cc","","checkpoint-status","not-started","","","TRUE","TRUE","Site QA","Floor Finishes","WING B2","CORRIDOR, LINEN","Protection and Handover","Installation complete, checked and reviewed - as per specification"
"fd7e8ef6-970c-56e5-bbf7-e5e5bd71e371","","checkpoint-status","not-started","","","TRUE","TRUE","Site QA","Floor Finishes","WING B2","CORRIDOR, LINEN","Protection and Handover","Floor protected with bubbleweave floor protection or polyweave"
"f4f0fce7-a66f-5abf-8d91-f601e941c254","","checkpoint-status","not-started","","","TRUE","TRUE","Site QA","Floor Finishes","WING B2","CORRIDOR, LINEN","Protection and Handover","Installer Sign Off: Protection installed as per manufacturer's instructions"
"755f8ccd-b13c-481e-9e0b-f439a10e09fc","","checklist-sectioned","not-started","5a8a68d1221a9e608c282940756e19ac2c3c1dd54ffd7888cef6f74664a05c9a","checklist","FALSE","FALSE","Site QA","Floor Finishes","WING B2","SITTING AND CORRIDOR"
"89dc6138-eb1e-5de6-b369-b27ae1c183d7","","checkpoint-group","not-started","","","FALSE","FALSE","Site QA","Floor Finishes","WING B2","SITTING AND CORRIDOR","Subfloor, Floor Preparation, Adhesive"
"d211b42a-ec1d-59b8-ac12-258d37a8da87","","checkpoint-status","not-started","","","TRUE","TRUE","Site QA","Floor Finishes","WING B2","SITTING AND CORRIDOR","Subfloor, Floor Preparation, Adhesive","Confirm area of work is accessible & acceptable to commence (If not comment below)"
"44dea901-d767-5848-98a4-d6997403210e","","checkpoint-status","not-started","","","TRUE","TRUE","Site QA","Floor Finishes","WING B2","SITTING AND CORRIDOR","Subfloor, Floor Preparation, Adhesive","Subfloor mechanically diamond ground"
"17ff3e18-bcd8-4c5e-b22e-266c8bafc573","","checkpoint-status","not-started","","","TRUE","TRUE","Site QA","Floor Finishes","WING B2","SITTING AND CORRIDOR","Subfloor, Floor Preparation, Adhesive","Floor preparation product installed in accordance with manufacturer's instructions"
"f6c2ee83-0390-5806-b25e-3ee85133f100","","checkpoint-status","not-started","","","TRUE","TRUE","Site QA","Floor Finishes","WING B2","SITTING AND CORRIDOR","Subfloor, Floor Preparation, Adhesive","Floor transitions installed as per instructions from builder"
"4b1a7d56-da42-4daa-b6e5-db0d08aff897","","checkpoint-status","not-started","","","TRUE","TRUE","Site QA","Floor Finishes","WING B2","SITTING AND CORRIDOR","Subfloor, Floor Preparation, Adhesive","Waterproof tested for falls, and water test completed by waterproofers"
"3c4f6ca8-ccce-53e7-b980-1f8b81757050","","checkpoint-status","not-started","","","TRUE","TRUE","Site QA","Floor Finishes","WING B2","SITTING AND CORRIDOR","Subfloor, Floor Preparation, Adhesive","Correct adhesive used"
"827c4151-5fb2-53ff-afda-b587ef54462f","","checkpoint-group","not-started","","","FALSE","FALSE","Site QA","Floor Finishes","WING B2","SITTING AND CORRIDOR","Carpet / Vinyl"
"20693ea5-042c-5c61-b3fb-c9d78411b46f","","checkpoint-status","not-started","","","TRUE","TRUE","Site QA","Floor Finishes","WING B2","SITTING AND CORRIDOR","Carpet / Vinyl","Confirm area of work is accessible & acceptable to commence (If not comment below)"
"01ad59da-1e5a-5a93-9568-2ed3b4dcbb67","","checkpoint-status","not-started","","","TRUE","TRUE","Site QA","Floor Finishes","WING B2","SITTING AND CORRIDOR","Carpet / Vinyl","Vinyl installed as per plan"
"24ea2c45-8b0f-5b84-8086-656a2530b514","","checkpoint-status","not-started","","","TRUE","TRUE","Site QA","Floor Finishes","WING B2","SITTING AND CORRIDOR","Carpet / Vinyl","Carpet installed as per plan"
"5c7b452c-87f1-54aa-901f-f63a3c01d30b","","checkpoint-status","not-started","","","TRUE","TRUE","Site QA","Floor Finishes","WING B2","SITTING AND CORRIDOR","Carpet / Vinyl","Joints sealed with heat welded seams and mitres as per AS 1884-2012"
"fa82b246-b840-5382-9194-371ff0845a85","","checkpoint-status","not-started","","","TRUE","TRUE","Site QA","Floor Finishes","WING B2","SITTING AND CORRIDOR","Carpet / Vinyl","Vinyl skirt and coving used as per finishes markup - 150mm height"
"417be389-980f-5dd6-be95-89eef8545f98","","checkpoint-status","not-started","","","TRUE","TRUE","Site QA","Floor Finishes","WING B2","SITTING AND CORRIDOR","Carpet / Vinyl","Installer Sign Off: Carpet / Vinyl installed as per manufacturer's instructions"
"5a6e4d61-cb00-5baf-ad98-a4e88304306b","","checkpoint-status","not-started","","","TRUE","TRUE","Site QA","Floor Finishes","WING B2","SITTING AND CORRIDOR","Carpet / Vinyl","Add-Floors Sign Off"
"b0c61512-fef7-5503-a130-536a1b555e27","","checkpoint-status","not-started","","","TRUE","TRUE","Site QA","Floor Finishes","WING B2","SITTING AND CORRIDOR","Carpet / Vinyl","Foreman installation sign off"
"8634c744-0c55-5781-9ed7-ec9bc52b3ba3","","checkpoint-group","not-started","","","FALSE","FALSE","Site QA","Floor Finishes","WING B2","SITTING AND CORRIDOR","Wall Finish"
"4180d0bb-c737-5341-8a51-3f58bd27f6ee","","checkpoint-status","not-started","","","TRUE","TRUE","Site QA","Floor Finishes","WING B2","SITTING AND CORRIDOR","Wall Finish","Wall Finish installed as per plan"
"24d1c475-cf15-52b2-b2e7-cb3b8dddbc94","","checkpoint-group","not-started","","","FALSE","FALSE","Site QA","Floor Finishes","WING B2","SITTING AND CORRIDOR","Protection and Handover"
"fe06c772-9f6a-52e8-a8c4-7c56b4826dcb","","checkpoint-status","not-started","","","TRUE","TRUE","Site QA","Floor Finishes","WING B2","SITTING AND CORRIDOR","Protection and Handover","Installation complete, checked and reviewed - as per specification"
"d5beef24-2372-50c9-acbe-fd66f1a9fa71","","checkpoint-status","not-started","","","TRUE","TRUE","Site QA","Floor Finishes","WING B2","SITTING AND CORRIDOR","Protection and Handover","Floor protected with bubbleweave floor protection or polyweave"
"82b72580-94ca-567f-ae9e-a7067a47982d","","checkpoint-status","not-started","","","TRUE","TRUE","Site QA","Floor Finishes","WING B2","SITTING AND CORRIDOR","Protection and Handover","Installer Sign Off: Protection installed as per manufacturer's instructions"
"d0e71dc1-173e-40af-9523-79e111cb044b","","folder-normal","work-in-progress","","step","TRUE","FALSE","Site QA","Floor Finishes","WING C"
"863d4ae5-e842-4212-80dc-347d9b45d996","","checklist-sectioned","pass","f434efc7a510eeae8337d190600a7c77cd2fe12a0b0eaa96b77561d384d4e1c4","checklist","FALSE","FALSE","Site QA","Floor Finishes","WING C","C.02 STORE"
"a85a94ce-cb22-561b-ad1a-1dd42def71dd","","checkpoint-group","pass","","","FALSE","FALSE","Site QA","Floor Finishes","WING C","C.02 STORE","Subfloor, Floor Preparation, Adhesive"
"f6e59b4e-d2e6-5cd5-8e22-1829bc107ef5","","checkpoint-status","pass","","","TRUE","TRUE","Site QA","Floor Finishes","WING C","C.02 STORE","Subfloor, Floor Preparation, Adhesive","Confirm area of work is accessible & acceptable to commence (If not comment below)"
"eab2c16e-67e7-5e96-a116-0123d04af07e","","checkpoint-status","pass","","","TRUE","TRUE","Site QA","Floor Finishes","WING C","C.02 STORE","Subfloor, Floor Preparation, Adhesive","Subfloor mechanically diamond ground"
"0aee242c-d2f7-56d5-a253-623dacb0d1ed","","checkpoint-status","not-applicable","","","TRUE","TRUE","Site QA","Floor Finishes","WING C","C.02 STORE","Subfloor, Floor Preparation, Adhesive","Moisture readings compliant to AS 1884-2012 APPENDIX A"
"4376bafa-3f50-452b-a8e7-1b2f67774000","","checkpoint-status","pass","","","TRUE","TRUE","Site QA","Floor Finishes","WING C","C.02 STORE","Subfloor, Floor Preparation, Adhesive","Floor preparation product installed in accordance with manufacturer's instructions"
"9aee1a2c-407b-4ce4-bc81-95b138363ef6","","checkpoint-status","pass","","","TRUE","TRUE","Site QA","Floor Finishes","WING C","C.02 STORE","Subfloor, Floor Preparation, Adhesive","Floor transitions installed as per instructions from builder"
"76e325c3-929d-4832-81c3-ddfda4039fa4","","checkpoint-status","not-applicable","","","TRUE","TRUE","Site QA","Floor Finishes","WING C","C.02 STORE","Subfloor, Floor Preparation, Adhesive","Waterproof tested for falls, and water test completed by waterproofers"
"a561f348-2384-5f88-a1bf-69651d2c428f","","checkpoint-status","not-applicable","","","TRUE","TRUE","Site QA","Floor Finishes","WING C","C.02 STORE","Subfloor, Floor Preparation, Adhesive","Mediseal installed to carpet areas as per plans - min 24 hours curing time observed"
"69f62f60-76f5-5ab3-a851-c7f771477325","","checkpoint-status","pass","","","TRUE","TRUE","Site QA","Floor Finishes","WING C","C.02 STORE","Subfloor, Floor Preparation, Adhesive","Correct adhesive used"
"fa087e98-26b8-5b73-8c24-0b9b2b392241","","checkpoint-group","pass","","","FALSE","FALSE","Site QA","Floor Finishes","WING C","C.02 STORE","Carpet / Vinyl"
"723b0374-9e48-5659-baa8-ebc2ee1ffb12","","checkpoint-status","pass","","","TRUE","TRUE","Site QA","Floor Finishes","WING C","C.02 STORE","Carpet / Vinyl","Confirm area of work is accessible & acceptable to commence (If not comment below)"
"4d522d11-c3f5-5f6f-bf34-6d0502ebeb12","","checkpoint-status","pass","","","TRUE","TRUE","Site QA","Floor Finishes","WING C","C.02 STORE","Carpet / Vinyl","Vinyl installed as per plan"
"8fed3d5c-c2a5-5d91-b25b-0e00ecb8a237","","checkpoint-status","not-applicable","","","TRUE","TRUE","Site QA","Floor Finishes","WING C","C.02 STORE","Carpet / Vinyl","Carpet installed as per plan"
"ecf6a296-a0f5-53f9-8e49-0af264529643","","checkpoint-status","pass","","","TRUE","TRUE","Site QA","Floor Finishes","WING C","C.02 STORE","Carpet / Vinyl","Joints sealed with heat welded seams and mitres as per AS 1884-2012"
"529f72bf-cfd3-5f02-9de7-b6d0a304e0d9","","checkpoint-status","pass","","","TRUE","TRUE","Site QA","Floor Finishes","WING C","C.02 STORE","Carpet / Vinyl","Vinyl skirt and coving used as per finishes markup - 150mm height"
"f18bc4a7-8c11-55ae-bcb6-90a634daa58f","","checkpoint-status","pass","","","TRUE","TRUE","Site QA","Floor Finishes","WING C","C.02 STORE","Carpet / Vinyl","Installer Sign Off: Carpet / Vinyl installed as per manufacturer's instructions"
"23592073-a654-5979-89b1-361141e0273e","","checkpoint-status","pass","","","TRUE","TRUE","Site QA","Floor Finishes","WING C","C.02 STORE","Carpet / Vinyl","Add-Floors Sign Off"
"1cf949a8-918c-5a35-b00c-7ddce5c95cf1","","checkpoint-status","pass","","","TRUE","TRUE","Site QA","Floor Finishes","WING C","C.02 STORE","Carpet / Vinyl","Foreman installation sign off"
"4bb74949-71bc-5765-8bb7-2edde04e80f9","","checkpoint-group","not-applicable","","","FALSE","FALSE","Site QA","Floor Finishes","WING C","C.02 STORE","Wall Finish"
"75f7632b-3e2f-56a7-a7b1-7e0a4de10be8","","checkpoint-status","not-applicable","","","TRUE","TRUE","Site QA","Floor Finishes","WING C","C.02 STORE","Wall Finish","Wall Finish installed as per plan"
"e8a6518f-ffb1-5b9d-b328-f633d13994c2","","checkpoint-group","pass","","","FALSE","FALSE","Site QA","Floor Finishes","WING C","C.02 STORE","Protection and Handover"
"3efffb07-b2fe-5711-9e12-61bbe11b27da","","checkpoint-status","pass","","","TRUE","TRUE","Site QA","Floor Finishes","WING C","C.02 STORE","Protection and Handover","Installation complete, checked and reviewed - as per specification"
"2b4001ba-2331-5c4b-9f8f-8d6fafa631a3","","checkpoint-status","pass","","","TRUE","TRUE","Site QA","Floor Finishes","WING C","C.02 STORE","Protection and Handover","Floor protected with bubbleweave floor protection or polyweave"
"2a69b27f-7e58-5258-aafc-0933b9a7d370","","checkpoint-status","pass","","","TRUE","TRUE","Site QA","Floor Finishes","WING C","C.02 STORE","Protection and Handover","Installer Sign Off: Protection installed as per manufacturer's instructions"
"38b3dccb-4652-4ff3-907e-fc371f87a3dc","","checklist-sectioned","pass","f434efc7a510eeae8337d190600a7c77cd2fe12a0b0eaa96b77561d384d4e1c4","checklist","FALSE","FALSE","Site QA","Floor Finishes","WING C","C.02A STORE CUPBOARD"
"05a4f73b-62f7-52a8-9836-a5aead39e55d","","checkpoint-group","pass","","","FALSE","FALSE","Site QA","Floor Finishes","WING C","C.02A STORE CUPBOARD","Subfloor, Floor Preparation, Adhesive"
"ef9a6432-4448-5fc2-bfae-338b1b3cb319","","checkpoint-status","pass","","","TRUE","TRUE","Site QA","Floor Finishes","WING C","C.02A STORE CUPBOARD","Subfloor, Floor Preparation, Adhesive","Confirm area of work is accessible & acceptable to commence (If not comment below)"
"d72c2320-3815-56ee-9512-4aa837c79c6a","","checkpoint-status","pass","","","TRUE","TRUE","Site QA","Floor Finishes","WING C","C.02A STORE CUPBOARD","Subfloor, Floor Preparation, Adhesive","Subfloor mechanically diamond ground"
"43194634-4dbf-5cec-95b8-ae0fbcda686b","","checkpoint-status","pass","","","TRUE","TRUE","Site QA","Floor Finishes","WING C","C.02A STORE CUPBOARD","Subfloor, Floor Preparation, Adhesive","Moisture readings compliant to AS 1884-2012 APPENDIX A"
"3d41b207-57c5-42dd-b6dc-95002fc5eed5","","checkpoint-status","pass","","","TRUE","TRUE","Site QA","Floor Finishes","WING C","C.02A STORE CUPBOARD","Subfloor, Floor Preparation, Adhesive","Floor preparation product installed in accordance with manufacturer's instructions"
"adf2310e-9015-4214-9e11-f70d22fb8766","","checkpoint-status","pass","","","TRUE","TRUE","Site QA","Floor Finishes","WING C","C.02A STORE CUPBOARD","Subfloor, Floor Preparation, Adhesive","Floor transitions installed as per instructions from builder"
"ad16e3af-2efd-4c53-a198-53602bd2da26","","checkpoint-status","not-applicable","","","TRUE","TRUE","Site QA","Floor Finishes","WING C","C.02A STORE CUPBOARD","Subfloor, Floor Preparation, Adhesive","Waterproof tested for falls, and water test completed by waterproofers"
"3d5ced93-1d84-55b8-b6ca-009d8a2f4606","","checkpoint-status","not-applicable","","","TRUE","TRUE","Site QA","Floor Finishes","WING C","C.02A STORE CUPBOARD","Subfloor, Floor Preparation, Adhesive","Mediseal installed to carpet areas as per plans - min 24 hours curing time observed"
"3e0ab450-96de-58d2-be34-71c4fe81c34a","","checkpoint-status","pass","","","TRUE","TRUE","Site QA","Floor Finishes","WING C","C.02A STORE CUPBOARD","Subfloor, Floor Preparation, Adhesive","Correct adhesive used"
"95b644a3-da59-53b1-930c-c34708be3895","","checkpoint-group","pass","","","FALSE","FALSE","Site QA","Floor Finishes","WING C","C.02A STORE CUPBOARD","Carpet / Vinyl"
"b1c3b1bd-e5e2-5307-bc2c-083a7cfa5f12","","checkpoint-status","pass","","","TRUE","TRUE","Site QA","Floor Finishes","WING C","C.02A STORE CUPBOARD","Carpet / Vinyl","Confirm area of work is accessible & acceptable to commence (If not comment below)"
"6a096716-0571-57ab-8956-296dd2fc4776","","checkpoint-status","pass","","","TRUE","TRUE","Site QA","Floor Finishes","WING C","C.02A STORE CUPBOARD","Carpet / Vinyl","Vinyl installed as per plan"
"4f28e673-7a35-5ebe-928a-365ebaaf7ecd","","checkpoint-status","not-applicable","","","TRUE","TRUE","Site QA","Floor Finishes","WING C","C.02A STORE CUPBOARD","Carpet / Vinyl","Carpet installed as per plan"
"0f4f594d-257d-5ba0-a759-4ea81cc431d0","","checkpoint-status","pass","","","TRUE","TRUE","Site QA","Floor Finishes","WING C","C.02A STORE CUPBOARD","Carpet / Vinyl","Joints sealed with heat welded seams and mitres as per AS 1884-2012"
"3c385489-6fc0-539c-be2f-bf27ffb96bd1","","checkpoint-status","pass","","","TRUE","TRUE","Site QA","Floor Finishes","WING C","C.02A STORE CUPBOARD","Carpet / Vinyl","Vinyl skirt and coving used as per finishes markup - 150mm height"
"3e0a95e7-25f9-5080-a6bd-f3157fbc3f4d","","checkpoint-status","pass","","","TRUE","TRUE","Site QA","Floor Finishes","WING C","C.02A STORE CUPBOARD","Carpet / Vinyl","Installer Sign Off: Carpet / Vinyl installed as per manufacturer's instructions"
"e9fb6aea-10a5-550d-8718-06e81cf2b9a5","","checkpoint-status","pass","","","TRUE","TRUE","Site QA","Floor Finishes","WING C","C.02A STORE CUPBOARD","Carpet / Vinyl","Add-Floors Sign Off"
"e4e4f158-3bfb-5d7a-8737-3b921430e5ed","","checkpoint-status","pass","","","TRUE","TRUE","Site QA","Floor Finishes","WING C","C.02A STORE CUPBOARD","Carpet / Vinyl","Foreman installation sign off"
"a41d4488-8e61-5a10-a6ab-abd79d8d563a","","checkpoint-group","not-applicable","","","FALSE","FALSE","Site QA","Floor Finishes","WING C","C.02A STORE CUPBOARD","Wall Finish"
"2fd2bea0-3039-5efd-a90e-ef5d98478d0f","","checkpoint-status","not-applicable","","","TRUE","TRUE","Site QA","Floor Finishes","WING C","C.02A STORE CUPBOARD","Wall Finish","Wall Finish installed as per plan"
"77ff0f26-76a8-520d-811a-40820df1d18f","","checkpoint-group","pass","","","FALSE","FALSE","Site QA","Floor Finishes","WING C","C.02A STORE CUPBOARD","Protection and Handover"
"eb0d0a6d-5100-5dfa-a1d5-d2c0360d1146","","checkpoint-status","pass","","","TRUE","TRUE","Site QA","Floor Finishes","WING C","C.02A STORE CUPBOARD","Protection and Handover","Installation complete, checked and reviewed - as per specification"
"efbbc4bd-2e5d-57ce-84e4-bf40bbb5fb50","","checkpoint-status","pass","","","TRUE","TRUE","Site QA","Floor Finishes","WING C","C.02A STORE CUPBOARD","Protection and Handover","Floor protected with bubbleweave floor protection or polyweave"
"490b32f4-3b4b-59fd-9aa0-1e0cfba48197","","checkpoint-status","pass","","","TRUE","TRUE","Site QA","Floor Finishes","WING C","C.02A STORE CUPBOARD","Protection and Handover","Installer Sign Off: Protection installed as per manufacturer's instructions"
"fd53ee13-bead-4a20-8bd6-ea8e5493e45f","","checklist-sectioned","pass","f434efc7a510eeae8337d190600a7c77cd2fe12a0b0eaa96b77561d384d4e1c4","checklist","FALSE","FALSE","Site QA","Floor Finishes","WING C","C.03 BED"
"e92b3c20-a203-54d2-afe4-b25ea0bbefb1","","checkpoint-group","pass","","","FALSE","FALSE","Site QA","Floor Finishes","WING C","C.03 BED","Subfloor, Floor Preparation, Adhesive"
"36834794-6220-5d31-a55a-f1e464a050c8","","checkpoint-status","pass","","","TRUE","TRUE","Site QA","Floor Finishes","WING C","C.03 BED","Subfloor, Floor Preparation, Adhesive","Confirm area of work is accessible & acceptable to commence (If not comment below)"
"82e9b0b5-5357-511a-ae8d-c8b87336a7b3","","checkpoint-status","pass","","","TRUE","TRUE","Site QA","Floor Finishes","WING C","C.03 BED","Subfloor, Floor Preparation, Adhesive","Subfloor mechanically diamond ground"
"68b1cd1e-3e6b-5a41-bbeb-25c7997f8833","","checkpoint-status","not-applicable","","","TRUE","TRUE","Site QA","Floor Finishes","WING C","C.03 BED","Subfloor, Floor Preparation, Adhesive","Moisture readings compliant to AS 1884-2012 APPENDIX A"
"5669c562-209b-48b4-b045-c5eb3feccc61","","checkpoint-status","not-applicable","","","TRUE","TRUE","Site QA","Floor Finishes","WING C","C.03 BED","Subfloor, Floor Preparation, Adhesive","Floor preparation product installed in accordance with manufacturer's instructions"
"0eff0cb3-07e8-440d-b4b7-2e9d773ddbc4","","checkpoint-status","pass","","","TRUE","TRUE","Site QA","Floor Finishes","WING C","C.03 BED","Subfloor, Floor Preparation, Adhesive","Floor transitions installed as per instructions from builder"
"44d6aaf5-d80a-4a6f-979e-7510f0459d28","","checkpoint-status","not-applicable","","","TRUE","TRUE","Site QA","Floor Finishes","WING C","C.03 BED","Subfloor, Floor Preparation, Adhesive","Waterproof tested for falls, and water test completed by waterproofers"
"00d5f3c1-256e-5222-8cc6-1521cce62f75","","checkpoint-status","not-applicable","","","TRUE","TRUE","Site QA","Floor Finishes","WING C","C.03 BED","Subfloor, Floor Preparation, Adhesive","Mediseal installed to carpet areas as per plans - min 24 hours curing time observed"
"1865d084-bd15-536b-9c19-e322a1bd8656","","checkpoint-status","pass","","","TRUE","TRUE","Site QA","Floor Finishes","WING C","C.03 BED","Subfloor, Floor Preparation, Adhesive","Correct adhesive used"
"2db8c64a-34dc-513c-947c-ec48f36ad46b","","checkpoint-group","pass","","","FALSE","FALSE","Site QA","Floor Finishes","WING C","C.03 BED","Carpet / Vinyl"
"bc0bea33-b7b3-5583-98e4-902430f07395","","checkpoint-status","pass","","","TRUE","TRUE","Site QA","Floor Finishes","WING C","C.03 BED","Carpet / Vinyl","Confirm area of work is accessible & acceptable to commence (If not comment below)"
"1ecec92b-9974-5558-a893-fbf14e31ff54","","checkpoint-status","not-applicable","","","TRUE","TRUE","Site QA","Floor Finishes","WING C","C.03 BED","Carpet / Vinyl","Vinyl installed as per plan"
"efb21608-8517-5660-9cd4-97b3e3005451","","checkpoint-status","pass","","","TRUE","TRUE","Site QA","Floor Finishes","WING C","C.03 BED","Carpet / Vinyl","Carpet installed as per plan"
"b676df21-3c6a-50a6-8568-dc14a3060845","","checkpoint-status","not-applicable","","","TRUE","TRUE","Site QA","Floor Finishes","WING C","C.03 BED","Carpet / Vinyl","Joints sealed with heat welded seams and mitres as per AS 1884-2012"
"c9e5b889-8449-5269-b590-dd7af56430e0","","checkpoint-status","not-applicable","","","TRUE","TRUE","Site QA","Floor Finishes","WING C","C.03 BED","Carpet / Vinyl","Vinyl skirt and coving used as per finishes markup - 150mm height"
"4272c622-88c1-574f-b598-af17879aa779","","checkpoint-status","pass","","","TRUE","TRUE","Site QA","Floor Finishes","WING C","C.03 BED","Carpet / Vinyl","Installer Sign Off: Carpet / Vinyl installed as per manufacturer's instructions"
"63584b99-db1d-5b90-b4ea-5b13e7eccb2b","","checkpoint-status","pass","","","TRUE","TRUE","Site QA","Floor Finishes","WING C","C.03 BED","Carpet / Vinyl","Add-Floors Sign Off"
"e2f74991-3cba-5813-9664-0d650b6901a6","","checkpoint-status","pass","","","TRUE","TRUE","Site QA","Floor Finishes","WING C","C.03 BED","Carpet / Vinyl","Foreman installation sign off"
"ffe48116-7703-5898-a38e-a7ed0c1775a0","","checkpoint-group","not-applicable","","","FALSE","FALSE","Site QA","Floor Finishes","WING C","C.03 BED","Wall Finish"
"94741aa1-4137-5070-8f9d-eb2c618d1c14","","checkpoint-status","not-applicable","","","TRUE","TRUE","Site QA","Floor Finishes","WING C","C.03 BED","Wall Finish","Wall Finish installed as per plan"
"61c5f7b8-d1fd-5c2a-b7b5-4c3adc61686a","","checkpoint-group","pass","","","FALSE","FALSE","Site QA","Floor Finishes","WING C","C.03 BED","Protection and Handover"
"962beacf-5517-52af-8493-aec91a371486","","checkpoint-status","pass","","","TRUE","TRUE","Site QA","Floor Finishes","WING C","C.03 BED","Protection and Handover","Installation complete, checked and reviewed - as per specification"
"0fc2d4ea-31db-5ba3-bcde-a19ee0249015","","checkpoint-status","not-applicable","","","TRUE","TRUE","Site QA","Floor Finishes","WING C","C.03 BED","Protection and Handover","Floor protected with bubbleweave floor protection or polyweave"
"6c6bdec3-2c84-5936-bbad-c352baa5b8f8","","checkpoint-status","pass","","","TRUE","TRUE","Site QA","Floor Finishes","WING C","C.03 BED","Protection and Handover","Installer Sign Off: Protection installed as per manufacturer's instructions"
"682ab27c-bf6e-42f2-9558-7a6b26b05441","","checklist-sectioned","pass","f434efc7a510eeae8337d190600a7c77cd2fe12a0b0eaa96b77561d384d4e1c4","checklist","FALSE","FALSE","Site QA","Floor Finishes","WING C","C.03A ENSUITE"
"271707a4-2a2f-50f8-9d1b-31c3bd780c6f","","checkpoint-group","pass","","","FALSE","FALSE","Site QA","Floor Finishes","WING C","C.03A ENSUITE","Subfloor, Floor Preparation, Adhesive"
"08fb467f-5869-5796-9796-f0a3adc34e66","","checkpoint-status","pass","","","TRUE","TRUE","Site QA","Floor Finishes","WING C","C.03A ENSUITE","Subfloor, Floor Preparation, Adhesive","Confirm area of work is accessible & acceptable to commence (If not comment below)"
"cc3f8d8c-728d-56d9-bcd9-936f3caafabd","","checkpoint-status","not-applicable","","","TRUE","TRUE","Site QA","Floor Finishes","WING C","C.03A ENSUITE","Subfloor, Floor Preparation, Adhesive","Subfloor mechanically diamond ground"
"9c586541-ba13-5f36-a8ac-5d71c5424766","","checkpoint-status","not-applicable","","","TRUE","TRUE","Site QA","Floor Finishes","WING C","C.03A ENSUITE","Subfloor, Floor Preparation, Adhesive","Moisture readings compliant to AS 1884-2012 APPENDIX A"
"96b27a74-fae3-49ea-8f80-d80563e64a69","","checkpoint-status","pass","","","TRUE","TRUE","Site QA","Floor Finishes","WING C","C.03A ENSUITE","Subfloor, Floor Preparation, Adhesive","Floor preparation product installed in accordance with manufacturer's instructions"
"162367a4-6a8f-4951-bfe6-8ddcf0ca81f9","","checkpoint-status","pass","","","TRUE","TRUE","Site QA","Floor Finishes","WING C","C.03A ENSUITE","Subfloor, Floor Preparation, Adhesive","Floor transitions installed as per instructions from builder"
"b47809a7-b724-49e4-bc09-415334eb1532","","checkpoint-status","pass","","","TRUE","TRUE","Site QA","Floor Finishes","WING C","C.03A ENSUITE","Subfloor, Floor Preparation, Adhesive","Waterproof tested for falls, and water test completed by waterproofers"
"865e2720-3eff-5cf6-9fbe-88d625298f56","","checkpoint-status","pass","","","TRUE","TRUE","Site QA","Floor Finishes","WING C","C.03A ENSUITE","Subfloor, Floor Preparation, Adhesive","Mediseal installed to carpet areas as per plans - min 24 hours curing time observed"
"9483b3b4-113d-57e1-b8c6-daa27ce40811","","checkpoint-status","pass","","","TRUE","TRUE","Site QA","Floor Finishes","WING C","C.03A ENSUITE","Subfloor, Floor Preparation, Adhesive","Correct adhesive used"
"c3234827-1b35-5e47-a4e6-1b75f3779db8","","checkpoint-group","pass","","","FALSE","FALSE","Site QA","Floor Finishes","WING C","C.03A ENSUITE","Carpet / Vinyl"
"5608ae7e-2680-5a94-8026-4da8c9ca5600","","checkpoint-status","pass","","","TRUE","TRUE","Site QA","Floor Finishes","WING C","C.03A ENSUITE","Carpet / Vinyl","Confirm area of work is accessible & acceptable to commence (If not comment below)"
"4ae06ad7-db29-5f9d-a238-d0a05b2ef492","","checkpoint-status","pass","","","TRUE","TRUE","Site QA","Floor Finishes","WING C","C.03A ENSUITE","Carpet / Vinyl","Vinyl installed as per plan"
"4e31bbbb-3d18-5e4a-b7a3-83fca000a262","","checkpoint-status","not-applicable","","","TRUE","TRUE","Site QA","Floor Finishes","WING C","C.03A ENSUITE","Carpet / Vinyl","Carpet installed as per plan"
"102127a2-0702-55ad-b834-01d49150e603","","checkpoint-status","pass","","","TRUE","TRUE","Site QA","Floor Finishes","WING C","C.03A ENSUITE","Carpet / Vinyl","Joints sealed with heat welded seams and mitres as per AS 1884-2012"
"53932a34-dcf9-548d-9b0d-7f03bb3c21e7","","checkpoint-status","pass","","","TRUE","TRUE","Site QA","Floor Finishes","WING C","C.03A ENSUITE","Carpet / Vinyl","Vinyl skirt and coving used as per finishes markup - 150mm height"
"e9b09060-d145-52e4-bfd7-e9f1af5eb68a","","checkpoint-status","pass","","","TRUE","TRUE","Site QA","Floor Finishes","WING C","C.03A ENSUITE","Carpet / Vinyl","Installer Sign Off: Carpet / Vinyl installed as per manufacturer's instructions"
"fdc15a03-1202-5e4a-80d9-66490d425868","","checkpoint-status","pass","","","TRUE","TRUE","Site QA","Floor Finishes","WING C","C.03A ENSUITE","Carpet / Vinyl","Add-Floors Sign Off"
"d2167021-4c2c-58df-8a30-47892eabfd60","","checkpoint-status","pass","","","TRUE","TRUE","Site QA","Floor Finishes","WING C","C.03A ENSUITE","Carpet / Vinyl","Foreman installation sign off"
"b5c052ae-cdff-5cf4-ac3f-5bfa244659d0","","checkpoint-group","pass","","","FALSE","FALSE","Site QA","Floor Finishes","WING C","C.03A ENSUITE","Wall Finish"
"eae39958-2e35-5edf-8620-b2866182cd87","","checkpoint-status","pass","","","TRUE","TRUE","Site QA","Floor Finishes","WING C","C.03A ENSUITE","Wall Finish","Wall Finish installed as per plan"
"681a3524-e682-5455-b366-f3e1d3d58278","","checkpoint-group","pass","","","FALSE","FALSE","Site QA","Floor Finishes","WING C","C.03A ENSUITE","Protection and Handover"
"74c39627-cdc9-5de1-8593-c19d3628b078","","checkpoint-status","pass","","","TRUE","TRUE","Site QA","Floor Finishes","WING C","C.03A ENSUITE","Protection and Handover","Installation complete, checked and reviewed - as per specification"
"db408c8f-0232-59ab-9d85-f126923860df","","checkpoint-status","pass","","","TRUE","TRUE","Site QA","Floor Finishes","WING C","C.03A ENSUITE","Protection and Handover","Floor protected with bubbleweave floor protection or polyweave"
"1ae11aef-9a9e-5333-831f-44daf434e7ac","","checkpoint-status","pass","","","TRUE","TRUE","Site QA","Floor Finishes","WING C","C.03A ENSUITE","Protection and Handover","Installer Sign Off: Protection installed as per manufacturer's instructions"
"106cbce5-a4ca-4a05-843d-6445f95e950f","","checklist-sectioned","pass","f434efc7a510eeae8337d190600a7c77cd2fe12a0b0eaa96b77561d384d4e1c4","checklist","FALSE","FALSE","Site QA","Floor Finishes","WING C","C.04 BED"
"443dcf05-5491-5eef-b8f6-599e271d6ee9","","checkpoint-group","pass","","","FALSE","FALSE","Site QA","Floor Finishes","WING C","C.04 BED","Subfloor, Floor Preparation, Adhesive"
"5766c8db-b374-51d9-b88a-f75cab2b6987","","checkpoint-status","pass","","","TRUE","TRUE","Site QA","Floor Finishes","WING C","C.04 BED","Subfloor, Floor Preparation, Adhesive","Confirm area of work is accessible & acceptable to commence (If not comment below)"
"c4f5c9c7-7761-5f06-8984-be1dc9594614","","checkpoint-status","pass","","","TRUE","TRUE","Site QA","Floor Finishes","WING C","C.04 BED","Subfloor, Floor Preparation, Adhesive","Subfloor mechanically diamond ground"
"1580d307-cbda-57a2-bb81-fcf4878dffb5","","checkpoint-status","not-applicable","","","TRUE","TRUE","Site QA","Floor Finishes","WING C","C.04 BED","Subfloor, Floor Preparation, Adhesive","Moisture readings compliant to AS 1884-2012 APPENDIX A"
"6adf4c9d-9a34-4863-939a-68f74436e440","","checkpoint-status","not-applicable","","","TRUE","TRUE","Site QA","Floor Finishes","WING C","C.04 BED","Subfloor, Floor Preparation, Adhesive","Floor preparation product installed in accordance with manufacturer's instructions"
"c0cf2ce8-bc62-4b17-862d-12d0a3ceab52","","checkpoint-status","pass","","","TRUE","TRUE","Site QA","Floor Finishes","WING C","C.04 BED","Subfloor, Floor Preparation, Adhesive","Floor transitions installed as per instructions from builder"
"0a7b3d7a-f236-4c73-8cd2-d629958de0f3","","checkpoint-status","pass","","","TRUE","TRUE","Site QA","Floor Finishes","WING C","C.04 BED","Subfloor, Floor Preparation, Adhesive","Waterproof tested for falls, and water test completed by waterproofers"
"9e542e4e-1100-52f1-8343-1af983af2fdf","","checkpoint-status","not-applicable","","","TRUE","TRUE","Site QA","Floor Finishes","WING C","C.04 BED","Subfloor, Floor Preparation, Adhesive","Mediseal installed to carpet areas as per plans - min 24 hours curing time observed"
"8b2fe6ca-2193-5065-b1f8-eaf7fe492796","","checkpoint-status","pass","","","TRUE","TRUE","Site QA","Floor Finishes","WING C","C.04 BED","Subfloor, Floor Preparation, Adhesive","Correct adhesive used"
"2478101a-acf3-5a2c-875b-38d7bd3592fe","","checkpoint-group","pass","","","FALSE","FALSE","Site QA","Floor Finishes","WING C","C.04 BED","Carpet / Vinyl"
"104208a3-c561-5684-b8ee-be0d675445ef","","checkpoint-status","pass","","","TRUE","TRUE","Site QA","Floor Finishes","WING C","C.04 BED","Carpet / Vinyl","Confirm area of work is accessible & acceptable to commence (If not comment below)"
"6926c2ab-2ba2-5f0d-96ed-acbf042b5b57","","checkpoint-status","not-applicable","","","TRUE","TRUE","Site QA","Floor Finishes","WING C","C.04 BED","Carpet / Vinyl","Vinyl installed as per plan"
"c4733ac3-12f0-5aef-8927-eb453fd1408d","","checkpoint-status","pass","","","TRUE","TRUE","Site QA","Floor Finishes","WING C","C.04 BED","Carpet / Vinyl","Carpet installed as per plan"
"4b740355-7a0c-5ba9-b956-ac4143caac8c","","checkpoint-status","not-applicable","","","TRUE","TRUE","Site QA","Floor Finishes","WING C","C.04 BED","Carpet / Vinyl","Joints sealed with heat welded seams and mitres as per AS 1884-2012"
"92637881-6b0e-5ed0-8a89-9d31f324a1ae","","checkpoint-status","not-applicable","","","TRUE","TRUE","Site QA","Floor Finishes","WING C","C.04 BED","Carpet / Vinyl","Vinyl skirt and coving used as per finishes markup - 150mm height"
"06b83c2a-5c10-5195-8e20-6e254fb8e9e3","","checkpoint-status","pass","","","TRUE","TRUE","Site QA","Floor Finishes","WING C","C.04 BED","Carpet / Vinyl","Installer Sign Off: Carpet / Vinyl installed as per manufacturer's instructions"
"43af9067-3f4e-5e68-ac07-54b2ce8d0649","","checkpoint-status","pass","","","TRUE","TRUE","Site QA","Floor Finishes","WING C","C.04 BED","Carpet / Vinyl","Add-Floors Sign Off"
"0bfe70dc-bbce-5d76-b41d-fcc757e62602","","checkpoint-status","pass","","","TRUE","TRUE","Site QA","Floor Finishes","WING C","C.04 BED","Carpet / Vinyl","Foreman installation sign off"
"27739488-9115-5147-916d-1290d3c57c84","","checkpoint-group","not-applicable","","","FALSE","FALSE","Site QA","Floor Finishes","WING C","C.04 BED","Wall Finish"
"eda178eb-c6a0-5b3e-8eb0-a0aaa77fe9ad","","checkpoint-status","not-applicable","","","TRUE","TRUE","Site QA","Floor Finishes","WING C","C.04 BED","Wall Finish","Wall Finish installed as per plan"
"a58d3442-4487-55ad-a9c8-1522564072ac","","checkpoint-group","pass","","","FALSE","FALSE","Site QA","Floor Finishes","WING C","C.04 BED","Protection and Handover"
"1590884d-56a3-5763-ac9d-8eab5566cff2","","checkpoint-status","pass","","","TRUE","TRUE","Site QA","Floor Finishes","WING C","C.04 BED","Protection and Handover","Installation complete, checked and reviewed - as per specification"
"57254737-10e1-5f7e-95fa-a86060223065","","checkpoint-status","pass","","","TRUE","TRUE","Site QA","Floor Finishes","WING C","C.04 BED","Protection and Handover","Floor protected with bubbleweave floor protection or polyweave"
"25a2fdf6-72ae-5f2f-8fcc-8a78f055fd58","","checkpoint-status","pass","","","TRUE","TRUE","Site QA","Floor Finishes","WING C","C.04 BED","Protection and Handover","Installer Sign Off: Protection installed as per manufacturer's instructions"
"2f13364c-dcb5-48ab-b22b-7eaa8d0847a9","","checklist-sectioned","pass","f434efc7a510eeae8337d190600a7c77cd2fe12a0b0eaa96b77561d384d4e1c4","checklist","FALSE","FALSE","Site QA","Floor Finishes","WING C","C.04A ENSUITE"
"20cceeab-d011-50d9-93cf-4ae31b49fbe1","","checkpoint-group","pass","","","FALSE","FALSE","Site QA","Floor Finishes","WING C","C.04A ENSUITE","Subfloor, Floor Preparation, Adhesive"
"b9ee0f08-f5f5-54f9-8904-1ca7cfacc944","","checkpoint-status","pass","","","TRUE","TRUE","Site QA","Floor Finishes","WING C","C.04A ENSUITE","Subfloor, Floor Preparation, Adhesive","Confirm area of work is accessible & acceptable to commence (If not comment below)"
"a37a83e1-756c-5a6f-b127-71a9167b6324","","checkpoint-status","not-applicable","","","TRUE","TRUE","Site QA","Floor Finishes","WING C","C.04A ENSUITE","Subfloor, Floor Preparation, Adhesive","Subfloor mechanically diamond ground"
"da9e0227-c37e-5efa-b8ef-d23c1b67729a","","checkpoint-status","pass","","","TRUE","TRUE","Site QA","Floor Finishes","WING C","C.04A ENSUITE","Subfloor, Floor Preparation, Adhesive","Moisture readings compliant to AS 1884-2012 APPENDIX A"
"a6296bb1-b50d-4126-9385-32d2186c5064","","checkpoint-status","pass","","","TRUE","TRUE","Site QA","Floor Finishes","WING C","C.04A ENSUITE","Subfloor, Floor Preparation, Adhesive","Floor preparation product installed in accordance with manufacturer's instructions"
"085474ca-34e6-495b-9b44-420e89cd274b","","checkpoint-status","pass","","","TRUE","TRUE","Site QA","Floor Finishes","WING C","C.04A ENSUITE","Subfloor, Floor Preparation, Adhesive","Floor transitions installed as per instructions from builder"
"688f2d94-14dc-4390-8afe-5f54b1e96b74","","checkpoint-status","pass","","","TRUE","TRUE","Site QA","Floor Finishes","WING C","C.04A ENSUITE","Subfloor, Floor Preparation, Adhesive","Waterproof tested for falls, and water test completed by waterproofers"
"c064ea2f-c779-5e94-968b-e5be889db857","","checkpoint-status","pass","","","TRUE","TRUE","Site QA","Floor Finishes","WING C","C.04A ENSUITE","Subfloor, Floor Preparation, Adhesive","Mediseal installed to carpet areas as per plans - min 24 hours curing time observed"
"460217e4-4a74-5140-a782-d7034088c187","","checkpoint-status","pass","","","TRUE","TRUE","Site QA","Floor Finishes","WING C","C.04A ENSUITE","Subfloor, Floor Preparation, Adhesive","Correct adhesive used"
"ff5678b7-25fd-5857-a5e1-5260b5fcaff7","","checkpoint-group","pass","","","FALSE","FALSE","Site QA","Floor Finishes","WING C","C.04A ENSUITE","Carpet / Vinyl"
"6207cab2-6931-558b-97fa-502cdb48057f","","checkpoint-status","pass","","","TRUE","TRUE","Site QA","Floor Finishes","WING C","C.04A ENSUITE","Carpet / Vinyl","Confirm area of work is accessible & acceptable to commence (If not comment below)"
"da78b49e-7837-5045-ba27-12aabc326617","","checkpoint-status","pass","","","TRUE","TRUE","Site QA","Floor Finishes","WING C","C.04A ENSUITE","Carpet / Vinyl","Vinyl installed as per plan"
"13240925-3681-5335-b7d6-38b37c0b50da","","checkpoint-status","not-applicable","","","TRUE","TRUE","Site QA","Floor Finishes","WING C","C.04A ENSUITE","Carpet / Vinyl","Carpet installed as per plan"
"c010c791-137c-5e8f-9eb9-b6f63b71fa8b","","checkpoint-status","pass","","","TRUE","TRUE","Site QA","Floor Finishes","WING C","C.04A ENSUITE","Carpet / Vinyl","Joints sealed with heat welded seams and mitres as per AS 1884-2012"
"b972c97d-3b9d-5be2-9625-6234aeaa9b57","","checkpoint-status","pass","","","TRUE","TRUE","Site QA","Floor Finishes","WING C","C.04A ENSUITE","Carpet / Vinyl","Vinyl skirt and coving used as per finishes markup - 150mm height"
"1a940484-11ff-584c-a46c-72b23dc4a8f4","","checkpoint-status","pass","","","TRUE","TRUE","Site QA","Floor Finishes","WING C","C.04A ENSUITE","Carpet / Vinyl","Installer Sign Off: Carpet / Vinyl installed as per manufacturer's instructions"
"cbfeb1e3-292e-5684-8c60-5be73be97176","","checkpoint-status","pass","","","TRUE","TRUE","Site QA","Floor Finishes","WING C","C.04A ENSUITE","Carpet / Vinyl","Add-Floors Sign Off"
"4416a4e1-2e61-5024-9f89-33df7d7c6688","","checkpoint-status","pass","","","TRUE","TRUE","Site QA","Floor Finishes","WING C","C.04A ENSUITE","Carpet / Vinyl","Foreman installation sign off"
"b6e8a5ad-b249-5bab-a677-a973aff795ff","","checkpoint-group","pass","","","FALSE","FALSE","Site QA","Floor Finishes","WING C","C.04A ENSUITE","Wall Finish"
"df4baee3-a3c0-5d3c-a25d-48590b24fb12","","checkpoint-status","pass","","","TRUE","TRUE","Site QA","Floor Finishes","WING C","C.04A ENSUITE","Wall Finish","Wall Finish installed as per plan"
"ffecd3ca-e412-56b6-9b79-4dc0316db7d4","","checkpoint-group","pass","","","FALSE","FALSE","Site QA","Floor Finishes","WING C","C.04A ENSUITE","Protection and Handover"
"465938dd-e3a1-5aa5-b2f7-67c3160da942","","checkpoint-status","pass","","","TRUE","TRUE","Site QA","Floor Finishes","WING C","C.04A ENSUITE","Protection and Handover","Installation complete, checked and reviewed - as per specification"
"9963c32e-81b8-53cb-aec6-966a87b52dba","","checkpoint-status","pass","","","TRUE","TRUE","Site QA","Floor Finishes","WING C","C.04A ENSUITE","Protection and Handover","Floor protected with bubbleweave floor protection or polyweave"
"cd1f38bd-33df-5846-850a-55b61e6c4de3","","checkpoint-status","pass","","","TRUE","TRUE","Site QA","Floor Finishes","WING C","C.04A ENSUITE","Protection and Handover","Installer Sign Off: Protection installed as per manufacturer's instructions"
"dda4ea84-1740-4982-9065-e523d733e5c0","","checklist-sectioned","pass","092679f72492a5841240a848969e0a639461cebf82b8da801d654433e9505b87","checklist","FALSE","FALSE","Site QA","Floor Finishes","WING C","C.05 BED"
"6a90e1e1-ff57-5e7a-bd52-f9d7338b8269","","checkpoint-group","pass","","","FALSE","FALSE","Site QA","Floor Finishes","WING C","C.05 BED","Subfloor, Floor Preparation, Adhesive"
"cbb00212-2dd9-50ee-8389-3b2eeeacab65","","checkpoint-status","pass","","","TRUE","TRUE","Site QA","Floor Finishes","WING C","C.05 BED","Subfloor, Floor Preparation, Adhesive","Confirm area of work is accessible & acceptable to commence (If not comment below)"
"685fa0aa-5b03-5ecb-8fa0-fb1bce653858","","checkpoint-status","pass","","","TRUE","TRUE","Site QA","Floor Finishes","WING C","C.05 BED","Subfloor, Floor Preparation, Adhesive","Subfloor mechanically diamond ground"
"56d3cc09-bf53-48c8-9095-a97360c62445","","checkpoint-status","not-applicable","","","TRUE","TRUE","Site QA","Floor Finishes","WING C","C.05 BED","Subfloor, Floor Preparation, Adhesive","Floor preparation product installed in accordance with manufacturer's instructions"
"cd5b9ba4-d38a-5e21-aac0-d3a8c8614bc8","","checkpoint-status","pass","","","TRUE","TRUE","Site QA","Floor Finishes","WING C","C.05 BED","Subfloor, Floor Preparation, Adhesive","Floor transitions installed as per instructions from builder"
"1384b872-4312-4e4d-a25f-3e84dc8a5e25","","checkpoint-status","not-applicable","","","TRUE","TRUE","Site QA","Floor Finishes","WING C","C.05 BED","Subfloor, Floor Preparation, Adhesive","Waterproof tested for falls, and water test completed by waterproofers"
"4e523b8f-3dba-4b9e-bc0c-2144d494b7b5","","checkpoint-status","pass","","","TRUE","TRUE","Site QA","Floor Finishes","WING C","C.05 BED","Subfloor, Floor Preparation, Adhesive","Mediseal installed to carpet areas as per plans - min 24 hours curing time observed"
"69bc2b8d-e71b-5c1d-aad1-d935ff907f55","","checkpoint-status","pass","","","TRUE","TRUE","Site QA","Floor Finishes","WING C","C.05 BED","Subfloor, Floor Preparation, Adhesive","Correct adhesive used"
"fb49c32c-963d-5f85-bd1b-a364cea161ef","","checkpoint-group","pass","","","FALSE","FALSE","Site QA","Floor Finishes","WING C","C.05 BED","Carpet / Vinyl"
"b4221c33-36ee-5440-a35d-c1c67e4bba42","","checkpoint-status","pass","","","TRUE","TRUE","Site QA","Floor Finishes","WING C","C.05 BED","Carpet / Vinyl","Confirm area of work is accessible & acceptable to commence (If not comment below)"
"d068b6bd-5ff1-5c2a-971b-d9c610652ee6","","checkpoint-status","not-applicable","","","TRUE","TRUE","Site QA","Floor Finishes","WING C","C.05 BED","Carpet / Vinyl","Vinyl installed as per plan"
"2c7eeb95-48cf-536a-81b2-4cb2383260a5","","checkpoint-status","pass","","","TRUE","TRUE","Site QA","Floor Finishes","WING C","C.05 BED","Carpet / Vinyl","Carpet installed as per plan"
"d479323a-03ce-550a-b2cd-8ecdb4924585","","checkpoint-status","not-applicable","","","TRUE","TRUE","Site QA","Floor Finishes","WING C","C.05 BED","Carpet / Vinyl","Joints sealed with heat welded seams and mitres as per AS 1884-2012"
"f6a030b2-8c8e-5205-89d9-10aa94b8291b","","checkpoint-status","not-applicable","","","TRUE","TRUE","Site QA","Floor Finishes","WING C","C.05 BED","Carpet / Vinyl","Vinyl skirt and coving used as per finishes markup - 150mm height"
"e0c9e544-223f-583f-9376-c564f3e35ebc","","checkpoint-status","pass","","","TRUE","TRUE","Site QA","Floor Finishes","WING C","C.05 BED","Carpet / Vinyl","Installer Sign Off: Carpet / Vinyl installed as per manufacturer's instructions"
"f2d92045-fb90-5bef-a246-3e6942d5b2db","","checkpoint-status","pass","","","TRUE","TRUE","Site QA","Floor Finishes","WING C","C.05 BED","Carpet / Vinyl","Add-Floors Sign Off"
"e5d16d60-ee50-5584-9637-bf64f29c0bbf","","checkpoint-status","pass","","","TRUE","TRUE","Site QA","Floor Finishes","WING C","C.05 BED","Carpet / Vinyl","Foreman installation sign off"
"c92e8ce2-0082-5d6c-9488-35b41ea4ec02","","checkpoint-group","not-applicable","","","FALSE","FALSE","Site QA","Floor Finishes","WING C","C.05 BED","Wall Finish"
"439ed972-02c3-554b-9ae0-211644bba785","","checkpoint-status","not-applicable","","","TRUE","TRUE","Site QA","Floor Finishes","WING C","C.05 BED","Wall Finish","Wall Finish installed as per plan"
"f8953d72-8fd8-52d2-8904-da37ffd32c77","","checkpoint-group","pass","","","FALSE","FALSE","Site QA","Floor Finishes","WING C","C.05 BED","Protection and Handover"
"8e17fe43-b845-5ac4-87aa-2017c527cb80","","checkpoint-status","pass","","","TRUE","TRUE","Site QA","Floor Finishes","WING C","C.05 BED","Protection and Handover","Installation complete, checked and reviewed - as per specification"
"71b75e67-66cb-5173-a6a2-ef15de3e1801","","checkpoint-status","pass","","","TRUE","TRUE","Site QA","Floor Finishes","WING C","C.05 BED","Protection and Handover","Floor protected with bubbleweave floor protection or polyweave"
"b6335657-7235-51fe-be8c-898ca1154645","","checkpoint-status","pass","","","TRUE","TRUE","Site QA","Floor Finishes","WING C","C.05 BED","Protection and Handover","Installer Sign Off: Protection installed as per manufacturer's instructions"
"ee39f725-ae39-4d7e-96e2-f34ecb0d303d","","checklist-sectioned","pass","f434efc7a510eeae8337d190600a7c77cd2fe12a0b0eaa96b77561d384d4e1c4","checklist","FALSE","FALSE","Site QA","Floor Finishes","WING C","C.05A Ensuite"
"0839470a-621d-5e89-abb1-5e55be40aff0","","checkpoint-group","pass","","","FALSE","FALSE","Site QA","Floor Finishes","WING C","C.05A Ensuite","Subfloor, Floor Preparation, Adhesive"
"ca8e2b1e-3b2c-5ec4-b57a-9af8eba2ef7c","","checkpoint-status","pass","","","TRUE","TRUE","Site QA","Floor Finishes","WING C","C.05A Ensuite","Subfloor, Floor Preparation, Adhesive","Confirm area of work is accessible & acceptable to commence (If not comment below)"
"c78a25d6-7262-538e-b5ec-4cd730a10cb1","","checkpoint-status","not-applicable","","","TRUE","TRUE","Site QA","Floor Finishes","WING C","C.05A Ensuite","Subfloor, Floor Preparation, Adhesive","Subfloor mechanically diamond ground"
"4f701e86-c7b7-5d2a-971a-70662557cd60","","checkpoint-status","pass","","","TRUE","TRUE","Site QA","Floor Finishes","WING C","C.05A Ensuite","Subfloor, Floor Preparation, Adhesive","Moisture readings compliant to AS 1884-2012 APPENDIX A"
"4aa374fb-27df-4693-ae39-f3692330158b","","checkpoint-status","pass","","","TRUE","TRUE","Site QA","Floor Finishes","WING C","C.05A Ensuite","Subfloor, Floor Preparation, Adhesive","Floor preparation product installed in accordance with manufacturer's instructions"
"61c65116-501e-493a-b30b-c79328330fd0","","checkpoint-status","pass","","","TRUE","TRUE","Site QA","Floor Finishes","WING C","C.05A Ensuite","Subfloor, Floor Preparation, Adhesive","Floor transitions installed as per instructions from builder"
"cd0b6723-c8c3-4670-882f-584f5fbcf303","","checkpoint-status","pass","","","TRUE","TRUE","Site QA","Floor Finishes","WING C","C.05A Ensuite","Subfloor, Floor Preparation, Adhesive","Waterproof tested for falls, and water test completed by waterproofers"
"012fa980-ed43-5481-8e3a-8be7088ec564","","checkpoint-status","pass","","","TRUE","TRUE","Site QA","Floor Finishes","WING C","C.05A Ensuite","Subfloor, Floor Preparation, Adhesive","Mediseal installed to carpet areas as per plans - min 24 hours curing time observed"
"1a98d7a0-c011-566a-9c04-f4bfbc1b2194","","checkpoint-status","pass","","","TRUE","TRUE","Site QA","Floor Finishes","WING C","C.05A Ensuite","Subfloor, Floor Preparation, Adhesive","Correct adhesive used"
"f97334fb-cdf8-5405-b2e2-e7212bcc1aa1","","checkpoint-group","pass","","","FALSE","FALSE","Site QA","Floor Finishes","WING C","C.05A Ensuite","Carpet / Vinyl"
"fd8f1792-a5c1-5fc6-a820-2194aa32f2f5","","checkpoint-status","pass","","","TRUE","TRUE","Site QA","Floor Finishes","WING C","C.05A Ensuite","Carpet / Vinyl","Confirm area of work is accessible & acceptable to commence (If not comment below)"
"a9aacc0c-7517-5e7f-bc60-3013332272f5","","checkpoint-status","pass","","","TRUE","TRUE","Site QA","Floor Finishes","WING C","C.05A Ensuite","Carpet / Vinyl","Vinyl installed as per plan"
"8d9d6c32-07a8-546b-a5c7-e2f4dc95cdf5","","checkpoint-status","not-applicable","","","TRUE","TRUE","Site QA","Floor Finishes","WING C","C.05A Ensuite","Carpet / Vinyl","Carpet installed as per plan"
"aca24039-a394-5e8c-aff6-8927ad320d38","","checkpoint-status","pass","","","TRUE","TRUE","Site QA","Floor Finishes","WING C","C.05A Ensuite","Carpet / Vinyl","Joints sealed with heat welded seams and mitres as per AS 1884-2012"
"e6360669-9e78-5c25-beec-4338a94ae743","","checkpoint-status","pass","","","TRUE","TRUE","Site QA","Floor Finishes","WING C","C.05A Ensuite","Carpet / Vinyl","Vinyl skirt and coving used as per finishes markup - 150mm height"
"56d46f4d-c7d2-582f-a3d2-4975724773f0","","checkpoint-status","pass","","","TRUE","TRUE","Site QA","Floor Finishes","WING C","C.05A Ensuite","Carpet / Vinyl","Installer Sign Off: Carpet / Vinyl installed as per manufacturer's instructions"
"eec9d45a-8e75-5841-b98a-e4f991affd6a","","checkpoint-status","pass","","","TRUE","TRUE","Site QA","Floor Finishes","WING C","C.05A Ensuite","Carpet / Vinyl","Add-Floors Sign Off"
"f18ce2de-8dc8-5f49-9de3-8fb1bccdc5f5","","checkpoint-status","pass","","","TRUE","TRUE","Site QA","Floor Finishes","WING C","C.05A Ensuite","Carpet / Vinyl","Foreman installation sign off"
"aec1e8b2-d321-535c-87cb-1441ee5193cb","","checkpoint-group","pass","","","FALSE","FALSE","Site QA","Floor Finishes","WING C","C.05A Ensuite","Wall Finish"
"680710fb-c79b-551e-9fa7-dc4c82653cde","","checkpoint-status","pass","","","TRUE","TRUE","Site QA","Floor Finishes","WING C","C.05A Ensuite","Wall Finish","Wall Finish installed as per plan"
"f99680de-1e9b-5d98-8091-31b4387a126c","","checkpoint-group","pass","","","FALSE","FALSE","Site QA","Floor Finishes","WING C","C.05A Ensuite","Protection and Handover"
"76716629-54e2-517f-8600-ccd6e0d53aab","","checkpoint-status","pass","","","TRUE","TRUE","Site QA","Floor Finishes","WING C","C.05A Ensuite","Protection and Handover","Installation complete, checked and reviewed - as per specification"
"e670bd89-345b-579c-959c-9430ed711e22","","checkpoint-status","pass","","","TRUE","TRUE","Site QA","Floor Finishes","WING C","C.05A Ensuite","Protection and Handover","Floor protected with bubbleweave floor protection or polyweave"
"6572a669-b2f1-568a-90b2-eef6d882fb74","","checkpoint-status","pass","","","TRUE","TRUE","Site QA","Floor Finishes","WING C","C.05A Ensuite","Protection and Handover","Installer Sign Off: Protection installed as per manufacturer's instructions"
"f1587e9a-a3f8-49c0-ac18-7d6c62e3a468","","checklist-sectioned","pass","5a8a68d1221a9e608c282940756e19ac2c3c1dd54ffd7888cef6f74664a05c9a","checklist","FALSE","FALSE","Site QA","Floor Finishes","WING C","C.06 BED"
"d43d3e02-59aa-52a6-928d-e8163b20d2b9","","checkpoint-group","pass","","","FALSE","FALSE","Site QA","Floor Finishes","WING C","C.06 BED","Subfloor, Floor Preparation, Adhesive"
"dec0629e-46c3-51f2-b700-04dc9f229b7f","","checkpoint-status","pass","","","TRUE","TRUE","Site QA","Floor Finishes","WING C","C.06 BED","Subfloor, Floor Preparation, Adhesive","Confirm area of work is accessible & acceptable to commence (If not comment below)"
"e68145c0-ac17-5a39-b5cb-77884ed15feb","","checkpoint-status","pass","","","TRUE","TRUE","Site QA","Floor Finishes","WING C","C.06 BED","Subfloor, Floor Preparation, Adhesive","Subfloor mechanically diamond ground"
"339923d8-bf12-408f-a640-5e29d8d9a7e3","","checkpoint-status","not-applicable","","","TRUE","TRUE","Site QA","Floor Finishes","WING C","C.06 BED","Subfloor, Floor Preparation, Adhesive","Floor preparation product installed in accordance with manufacturer's instructions"
"501c26cd-0475-545d-b83a-178864cfb2e6","","checkpoint-status","pass","","","TRUE","TRUE","Site QA","Floor Finishes","WING C","C.06 BED","Subfloor, Floor Preparation, Adhesive","Floor transitions installed as per instructions from builder"
"8e7fa434-2fc4-4f56-ad1a-205aa25c439d","","checkpoint-status","not-applicable","","","TRUE","TRUE","Site QA","Floor Finishes","WING C","C.06 BED","Subfloor, Floor Preparation, Adhesive","Waterproof tested for falls, and water test completed by waterproofers"
"5ff895e9-ef3e-5bc8-b30f-d23cc627bb3e","","checkpoint-status","pass","","","TRUE","TRUE","Site QA","Floor Finishes","WING C","C.06 BED","Subfloor, Floor Preparation, Adhesive","Correct adhesive used"
"b8e476e6-0273-5fb9-a323-fade83a91f3f","","checkpoint-group","pass","","","FALSE","FALSE","Site QA","Floor Finishes","WING C","C.06 BED","Carpet / Vinyl"
"2ffe0f15-8b8f-5ffd-9223-bb4f69688f46","","checkpoint-status","pass","","","TRUE","TRUE","Site QA","Floor Finishes","WING C","C.06 BED","Carpet / Vinyl","Confirm area of work is accessible & acceptable to commence (If not comment below)"
"cad89493-407c-53e1-8b69-33293aae4fa3","","checkpoint-status","not-applicable","","","TRUE","TRUE","Site QA","Floor Finishes","WING C","C.06 BED","Carpet / Vinyl","Vinyl installed as per plan"
"695e859c-c0c4-5678-b4f5-99c7aeac1e2e","","checkpoint-status","pass","","","TRUE","TRUE","Site QA","Floor Finishes","WING C","C.06 BED","Carpet / Vinyl","Carpet installed as per plan"
"017a4ba9-c7fd-5d06-800f-c252fd9f2e74","","checkpoint-status","not-applicable","","","TRUE","TRUE","Site QA","Floor Finishes","WING C","C.06 BED","Carpet / Vinyl","Joints sealed with heat welded seams and mitres as per AS 1884-2012"
"a8d1ed25-74c1-58c8-a092-ff0120c87ce6","","checkpoint-status","not-applicable","","","TRUE","TRUE","Site QA","Floor Finishes","WING C","C.06 BED","Carpet / Vinyl","Vinyl skirt and coving used as per finishes markup - 150mm height"
"21c6874d-727f-52ad-9f3f-9ba24ff5e274","","checkpoint-status","pass","","","TRUE","TRUE","Site QA","Floor Finishes","WING C","C.06 BED","Carpet / Vinyl","Installer Sign Off: Carpet / Vinyl installed as per manufacturer's instructions"
"ec30109c-7876-5bc9-8130-089200033f7f","","checkpoint-status","pass","","","TRUE","TRUE","Site QA","Floor Finishes","WING C","C.06 BED","Carpet / Vinyl","Add-Floors Sign Off"
"31f5918f-f4d0-536c-9075-911d78e7a900","","checkpoint-status","pass","","","TRUE","TRUE","Site QA","Floor Finishes","WING C","C.06 BED","Carpet / Vinyl","Foreman installation sign off"
"0599e7a4-af1f-578b-beb3-01c3459fc34f","","checkpoint-group","not-applicable","","","FALSE","FALSE","Site QA","Floor Finishes","WING C","C.06 BED","Wall Finish"
"dff95b8d-c431-53dc-a6ff-fb8715454738","","checkpoint-status","not-applicable","","","TRUE","TRUE","Site QA","Floor Finishes","WING C","C.06 BED","Wall Finish","Wall Finish installed as per plan"
"e385576e-4cbd-51ff-910d-61bbf3a000fc","","checkpoint-group","pass","","","FALSE","FALSE","Site QA","Floor Finishes","WING C","C.06 BED","Protection and Handover"
"fc80523c-733d-51be-80ec-35ded1dc0332","","checkpoint-status","not-applicable","","","TRUE","TRUE","Site QA","Floor Finishes","WING C","C.06 BED","Protection and Handover","Installation complete, checked and reviewed - as per specification"
"f181ac88-3d62-50b5-a982-69184a7e29a8","","checkpoint-status","pass","","","TRUE","TRUE","Site QA","Floor Finishes","WING C","C.06 BED","Protection and Handover","Floor protected with bubbleweave floor protection or polyweave"
"ef04dd07-00b2-5797-b6fc-789df05bba06","","checkpoint-status","pass","","","TRUE","TRUE","Site QA","Floor Finishes","WING C","C.06 BED","Protection and Handover","Installer Sign Off: Protection installed as per manufacturer's instructions"
"0d0bc025-a6e4-4e2b-b08d-011ab09a8f50","","checklist-sectioned","work-in-progress","f434efc7a510eeae8337d190600a7c77cd2fe12a0b0eaa96b77561d384d4e1c4","checklist","FALSE","FALSE","Site QA","Floor Finishes","WING C","C.06A ENSUITE"
"a1c795cb-1628-59a2-877f-1d1f66f9d6ca","","checkpoint-group","work-in-progress","","","FALSE","FALSE","Site QA","Floor Finishes","WING C","C.06A ENSUITE","Subfloor, Floor Preparation, Adhesive"
"8d5f6539-d4dc-5788-b736-dbe9dd9748a6","","checkpoint-status","pass","","","TRUE","TRUE","Site QA","Floor Finishes","WING C","C.06A ENSUITE","Subfloor, Floor Preparation, Adhesive","Confirm area of work is accessible & acceptable to commence (If not comment below)"
"aef3a25e-cee3-5e11-b80b-2291cd372bf6","","checkpoint-status","not-applicable","","","TRUE","TRUE","Site QA","Floor Finishes","WING C","C.06A ENSUITE","Subfloor, Floor Preparation, Adhesive","Subfloor mechanically diamond ground"
"a9b03344-6be1-5120-a80a-25e19074eb6e","","checkpoint-status","not-applicable","","","TRUE","TRUE","Site QA","Floor Finishes","WING C","C.06A ENSUITE","Subfloor, Floor Preparation, Adhesive","Moisture readings compliant to AS 1884-2012 APPENDIX A"
"2f62ee5f-9792-432f-8932-e7a038292cbe","","checkpoint-status","not-started","","","TRUE","TRUE","Site QA","Floor Finishes","WING C","C.06A ENSUITE","Subfloor, Floor Preparation, Adhesive","Floor preparation product installed in accordance with manufacturer's instructions"
"5880c3ca-f2ba-4b45-bfba-4e8e1b304e72","","checkpoint-status","not-started","","","TRUE","TRUE","Site QA","Floor Finishes","WING C","C.06A ENSUITE","Subfloor, Floor Preparation, Adhesive","Floor transitions installed as per instructions from builder"
"0fbaaa95-5807-496d-9c47-d87d003315cc","","checkpoint-status","not-started","","","TRUE","TRUE","Site QA","Floor Finishes","WING C","C.06A ENSUITE","Subfloor, Floor Preparation, Adhesive","Waterproof tested for falls, and water test completed by waterproofers"
"e86d5611-793d-520e-90da-52a485a0e2e5","","checkpoint-status","pass","","","TRUE","TRUE","Site QA","Floor Finishes","WING C","C.06A ENSUITE","Subfloor, Floor Preparation, Adhesive","Mediseal installed to carpet areas as per plans - min 24 hours curing time observed"
"26a28f44-32e3-576e-a4f8-13d18b332070","","checkpoint-status","pass","","","TRUE","TRUE","Site QA","Floor Finishes","WING C","C.06A ENSUITE","Subfloor, Floor Preparation, Adhesive","Correct adhesive used"
"5fd0a071-419e-5bbd-9617-3e8d240fb9d5","","checkpoint-group","pass","","","FALSE","FALSE","Site QA","Floor Finishes","WING C","C.06A ENSUITE","Carpet / Vinyl"
"1c98158b-e8bb-55b3-824d-226acd349527","","checkpoint-status","pass","","","TRUE","TRUE","Site QA","Floor Finishes","WING C","C.06A ENSUITE","Carpet / Vinyl","Confirm area of work is accessible & acceptable to commence (If not comment below)"
"fe643de2-64d9-53a5-88b8-7346018a4082","","checkpoint-status","pass","","","TRUE","TRUE","Site QA","Floor Finishes","WING C","C.06A ENSUITE","Carpet / Vinyl","Vinyl installed as per plan"
"17f7b0d0-4674-5884-a326-b6aee7a9c23c","","checkpoint-status","not-applicable","","","TRUE","TRUE","Site QA","Floor Finishes","WING C","C.06A ENSUITE","Carpet / Vinyl","Carpet installed as per plan"
"5e79dff1-9b5f-5b6c-a7c7-181f5779692c","","checkpoint-status","pass","","","TRUE","TRUE","Site QA","Floor Finishes","WING C","C.06A ENSUITE","Carpet / Vinyl","Joints sealed with heat welded seams and mitres as per AS 1884-2012"
"3a792228-cbf7-5440-9a03-83a4139f37ab","","checkpoint-status","pass","","","TRUE","TRUE","Site QA","Floor Finishes","WING C","C.06A ENSUITE","Carpet / Vinyl","Vinyl skirt and coving used as per finishes markup - 150mm height"
"47df818d-d7bc-58b5-b24d-b7966162c81b","","checkpoint-status","pass","","","TRUE","TRUE","Site QA","Floor Finishes","WING C","C.06A ENSUITE","Carpet / Vinyl","Installer Sign Off: Carpet / Vinyl installed as per manufacturer's instructions"
"f6ba1f4f-2655-5642-af71-b41d97168fbf","","checkpoint-status","pass","","","TRUE","TRUE","Site QA","Floor Finishes","WING C","C.06A ENSUITE","Carpet / Vinyl","Add-Floors Sign Off"
"dcfac800-6a22-508c-bb46-a60a855afd3e","","checkpoint-status","pass","","","TRUE","TRUE","Site QA","Floor Finishes","WING C","C.06A ENSUITE","Carpet / Vinyl","Foreman installation sign off"
"9da69c71-8792-5c5e-95d7-27a1f849616c","","checkpoint-group","pass","","","FALSE","FALSE","Site QA","Floor Finishes","WING C","C.06A ENSUITE","Wall Finish"
"53a91ed2-3780-597a-8d77-bb87351c6e32","","checkpoint-status","pass","","","TRUE","TRUE","Site QA","Floor Finishes","WING C","C.06A ENSUITE","Wall Finish","Wall Finish installed as per plan"
"a7b063bc-50c1-5d9d-9af7-650e23d085bc","","checkpoint-group","pass","","","FALSE","FALSE","Site QA","Floor Finishes","WING C","C.06A ENSUITE","Protection and Handover"
"c15dbf0b-4f18-504b-848a-9fc04a0db478","","checkpoint-status","pass","","","TRUE","TRUE","Site QA","Floor Finishes","WING C","C.06A ENSUITE","Protection and Handover","Installation complete, checked and reviewed - as per specification"
"8f00a3e4-68e5-59be-8325-d4ab57a2b9f7","","checkpoint-status","pass","","","TRUE","TRUE","Site QA","Floor Finishes","WING C","C.06A ENSUITE","Protection and Handover","Floor protected with bubbleweave floor protection or polyweave"
"721e505c-c6c6-55f7-8a51-fd4a285bb147","","checkpoint-status","pass","","","TRUE","TRUE","Site QA","Floor Finishes","WING C","C.06A ENSUITE","Protection and Handover","Installer Sign Off: Protection installed as per manufacturer's instructions"
"9e8dd0c0-e0e5-4002-a47d-9199900d8ef5","","checklist-sectioned","not-started","5a8a68d1221a9e608c282940756e19ac2c3c1dd54ffd7888cef6f74664a05c9a","checklist","FALSE","FALSE","Site QA","Floor Finishes","WING C","C.07 BED"
"c3a47706-634c-5fdf-a97b-ca3c424d0428","","checkpoint-group","not-started","","","FALSE","FALSE","Site QA","Floor Finishes","WING C","C.07 BED","Subfloor, Floor Preparation, Adhesive"
"35e33821-180c-5874-a06c-f16bfa3e58be","","checkpoint-status","not-started","","","TRUE","TRUE","Site QA","Floor Finishes","WING C","C.07 BED","Subfloor, Floor Preparation, Adhesive","Confirm area of work is accessible & acceptable to commence (If not comment below)"
"6b3b2068-0b47-5240-a71a-70ce54415a88","","checkpoint-status","not-started","","","TRUE","TRUE","Site QA","Floor Finishes","WING C","C.07 BED","Subfloor, Floor Preparation, Adhesive","Subfloor mechanically diamond ground"
"9cf90f7a-5c34-41c0-9366-5e5bbeba40e2","","checkpoint-status","not-started","","","TRUE","TRUE","Site QA","Floor Finishes","WING C","C.07 BED","Subfloor, Floor Preparation, Adhesive","Floor preparation product installed in accordance with manufacturer's instructions"
"def1a12b-c376-5862-b1ad-9c26d26eebca","","checkpoint-status","not-started","","","TRUE","TRUE","Site QA","Floor Finishes","WING C","C.07 BED","Subfloor, Floor Preparation, Adhesive","Floor transitions installed as per instructions from builder"
"b3d570c8-b386-4805-96b3-aabf7896bb68","","checkpoint-status","not-started","","","TRUE","TRUE","Site QA","Floor Finishes","WING C","C.07 BED","Subfloor, Floor Preparation, Adhesive","Waterproof tested for falls, and water test completed by waterproofers"
"5611fd75-c858-5cd7-ae04-bad4922392db","","checkpoint-status","not-started","","","TRUE","TRUE","Site QA","Floor Finishes","WING C","C.07 BED","Subfloor, Floor Preparation, Adhesive","Correct adhesive used"
"8fb9e839-e542-5ff8-a802-0177bae83c16","","checkpoint-group","not-started","","","FALSE","FALSE","Site QA","Floor Finishes","WING C","C.07 BED","Carpet / Vinyl"
"1d120485-cfe1-59d9-b628-7b27b31c39b0","","checkpoint-status","not-started","","","TRUE","TRUE","Site QA","Floor Finishes","WING C","C.07 BED","Carpet / Vinyl","Confirm area of work is accessible & acceptable to commence (If not comment below)"
"1346197c-641d-500a-907f-949fd9c84cb1","","checkpoint-status","not-started","","","TRUE","TRUE","Site QA","Floor Finishes","WING C","C.07 BED","Carpet / Vinyl","Vinyl installed as per plan"
"43c39aa1-afde-52ab-9c4a-7f2958e7147f","","checkpoint-status","not-started","","","TRUE","TRUE","Site QA","Floor Finishes","WING C","C.07 BED","Carpet / Vinyl","Carpet installed as per plan"
"6b993a9e-94ff-5c6c-84b9-6841b2b53763","","checkpoint-status","not-started","","","TRUE","TRUE","Site QA","Floor Finishes","WING C","C.07 BED","Carpet / Vinyl","Joints sealed with heat welded seams and mitres as per AS 1884-2012"
"4093ba44-c763-5891-a51c-b2329cdc0e48","","checkpoint-status","not-started","","","TRUE","TRUE","Site QA","Floor Finishes","WING C","C.07 BED","Carpet / Vinyl","Vinyl skirt and coving used as per finishes markup - 150mm height"
"ffb367fe-6825-58da-abfa-8058d0192c41","","checkpoint-status","not-started","","","TRUE","TRUE","Site QA","Floor Finishes","WING C","C.07 BED","Carpet / Vinyl","Installer Sign Off: Carpet / Vinyl installed as per manufacturer's instructions"
"458b4695-29c6-5efe-b3ea-2f6a49feac17","","checkpoint-status","not-started","","","TRUE","TRUE","Site QA","Floor Finishes","WING C","C.07 BED","Carpet / Vinyl","Add-Floors Sign Off"
"0c897f5d-56cb-50d9-a350-8a80ed3454bf","","checkpoint-status","not-started","","","TRUE","TRUE","Site QA","Floor Finishes","WING C","C.07 BED","Carpet / Vinyl","Foreman installation sign off"
"3512753c-8b55-5122-8ce5-28e270e54161","","checkpoint-group","not-started","","","FALSE","FALSE","Site QA","Floor Finishes","WING C","C.07 BED","Wall Finish"
"f709cd12-c76b-5e1a-9d8d-920e3319e85e","","checkpoint-status","not-started","","","TRUE","TRUE","Site QA","Floor Finishes","WING C","C.07 BED","Wall Finish","Wall Finish installed as per plan"
"456c9164-c586-5cf5-8061-99ad4738be5f","","checkpoint-group","not-started","","","FALSE","FALSE","Site QA","Floor Finishes","WING C","C.07 BED","Protection and Handover"
"3b8a5452-feb1-5882-96d7-382d04d1b81a","","checkpoint-status","not-started","","","TRUE","TRUE","Site QA","Floor Finishes","WING C","C.07 BED","Protection and Handover","Installation complete, checked and reviewed - as per specification"
"ff527e8c-b511-5fa7-b481-edc9057584b1","","checkpoint-status","not-started","","","TRUE","TRUE","Site QA","Floor Finishes","WING C","C.07 BED","Protection and Handover","Floor protected with bubbleweave floor protection or polyweave"
"9ae5bf94-b428-5858-89c4-be8904e807f1","","checkpoint-status","not-started","","","TRUE","TRUE","Site QA","Floor Finishes","WING C","C.07 BED","Protection and Handover","Installer Sign Off: Protection installed as per manufacturer's instructions"
"83745272-6040-4890-a76b-ad69912d4a89","","checklist-sectioned","work-in-progress","f434efc7a510eeae8337d190600a7c77cd2fe12a0b0eaa96b77561d384d4e1c4","checklist","FALSE","FALSE","Site QA","Floor Finishes","WING C","C.07A ENSUITE"
"0a8645e6-8043-5852-9f73-b66074210276","","checkpoint-group","work-in-progress","","","FALSE","FALSE","Site QA","Floor Finishes","WING C","C.07A ENSUITE","Subfloor, Floor Preparation, Adhesive"
"4f5963ae-8621-5121-85e9-3f30989ca017","","checkpoint-status","pass","","","TRUE","TRUE","Site QA","Floor Finishes","WING C","C.07A ENSUITE","Subfloor, Floor Preparation, Adhesive","Confirm area of work is accessible & acceptable to commence (If not comment below)"
"331a6a40-6752-57c5-bb27-461604f0d2b5","","checkpoint-status","not-applicable","","","TRUE","TRUE","Site QA","Floor Finishes","WING C","C.07A ENSUITE","Subfloor, Floor Preparation, Adhesive","Subfloor mechanically diamond ground"
"b1167c4d-b87c-5bc3-b78b-9361371c7da7","","checkpoint-status","not-applicable","","","TRUE","TRUE","Site QA","Floor Finishes","WING C","C.07A ENSUITE","Subfloor, Floor Preparation, Adhesive","Moisture readings compliant to AS 1884-2012 APPENDIX A"
"4297793c-ee26-4d7d-bccf-f85afd46309c","","checkpoint-status","not-started","","","TRUE","TRUE","Site QA","Floor Finishes","WING C","C.07A ENSUITE","Subfloor, Floor Preparation, Adhesive","Floor preparation product installed in accordance with manufacturer's instructions"
"17ef37f9-e56e-4d27-ac10-0c7b7ca79b6d","","checkpoint-status","not-started","","","TRUE","TRUE","Site QA","Floor Finishes","WING C","C.07A ENSUITE","Subfloor, Floor Preparation, Adhesive","Floor transitions installed as per instructions from builder"
"309a97bf-c9b1-43b5-b9bd-bf85b2d17a2f","","checkpoint-status","not-started","","","TRUE","TRUE","Site QA","Floor Finishes","WING C","C.07A ENSUITE","Subfloor, Floor Preparation, Adhesive","Waterproof tested for falls, and water test completed by waterproofers"
"77d5aa70-d5ef-5579-99ae-cc05b4df620c","","checkpoint-status","pass","","","TRUE","TRUE","Site QA","Floor Finishes","WING C","C.07A ENSUITE","Subfloor, Floor Preparation, Adhesive","Mediseal installed to carpet areas as per plans - min 24 hours curing time observed"
"ac2d02dd-d21f-57b6-8073-f84145e638f9","","checkpoint-status","pass","","","TRUE","TRUE","Site QA","Floor Finishes","WING C","C.07A ENSUITE","Subfloor, Floor Preparation, Adhesive","Correct adhesive used"
"72fbb0f7-4d8c-57c4-a157-12721064d593","","checkpoint-group","pass","","","FALSE","FALSE","Site QA","Floor Finishes","WING C","C.07A ENSUITE","Carpet / Vinyl"
"81f1ebe8-2024-523a-87f7-42032486fe5a","","checkpoint-status","pass","","","TRUE","TRUE","Site QA","Floor Finishes","WING C","C.07A ENSUITE","Carpet / Vinyl","Confirm area of work is accessible & acceptable to commence (If not comment below)"
"4dcd1cb9-7e40-5b85-a7c8-a39b2c916703","","checkpoint-status","pass","","","TRUE","TRUE","Site QA","Floor Finishes","WING C","C.07A ENSUITE","Carpet / Vinyl","Vinyl installed as per plan"
"98ad3ae0-11ba-5cea-b5fb-cfa04c98fdaa","","checkpoint-status","not-applicable","","","TRUE","TRUE","Site QA","Floor Finishes","WING C","C.07A ENSUITE","Carpet / Vinyl","Carpet installed as per plan"
"91125d18-75a1-5536-9f0b-4560c01a4897","","checkpoint-status","pass","","","TRUE","TRUE","Site QA","Floor Finishes","WING C","C.07A ENSUITE","Carpet / Vinyl","Joints sealed with heat welded seams and mitres as per AS 1884-2012"
"8aad6c3a-a534-5b78-a97e-5670e36bc9e4","","checkpoint-status","pass","","","TRUE","TRUE","Site QA","Floor Finishes","WING C","C.07A ENSUITE","Carpet / Vinyl","Vinyl skirt and coving used as per finishes markup - 150mm height"
"a933d45c-d3d4-5a65-9c93-472c5ad141f5","","checkpoint-status","pass","","","TRUE","TRUE","Site QA","Floor Finishes","WING C","C.07A ENSUITE","Carpet / Vinyl","Installer Sign Off: Carpet / Vinyl installed as per manufacturer's instructions"
"6dbb5260-bba2-5ef6-94ca-f16f16876379","","checkpoint-status","pass","","","TRUE","TRUE","Site QA","Floor Finishes","WING C","C.07A ENSUITE","Carpet / Vinyl","Add-Floors Sign Off"
"922314a3-957e-5a92-8e14-4d7505c47c2f","","checkpoint-status","pass","","","TRUE","TRUE","Site QA","Floor Finishes","WING C","C.07A ENSUITE","Carpet / Vinyl","Foreman installation sign off"
"ed099528-b019-5ae7-94f1-1681d275c499","","checkpoint-group","pass","","","FALSE","FALSE","Site QA","Floor Finishes","WING C","C.07A ENSUITE","Wall Finish"
"6b1bec33-0ac9-572e-8342-d04c9bbb24fc","","checkpoint-status","pass","","","TRUE","TRUE","Site QA","Floor Finishes","WING C","C.07A ENSUITE","Wall Finish","Wall Finish installed as per plan"
"d204c34a-4a56-5d58-8606-62ac2e31bff7","","checkpoint-group","pass","","","FALSE","FALSE","Site QA","Floor Finishes","WING C","C.07A ENSUITE","Protection and Handover"
"69aafa3c-495f-58e7-a5aa-773043f5138e","","checkpoint-status","pass","","","TRUE","TRUE","Site QA","Floor Finishes","WING C","C.07A ENSUITE","Protection and Handover","Installation complete, checked and reviewed - as per specification"
"718acc8f-0b9c-50d1-bc57-ef245d006825","","checkpoint-status","pass","","","TRUE","TRUE","Site QA","Floor Finishes","WING C","C.07A ENSUITE","Protection and Handover","Floor protected with bubbleweave floor protection or polyweave"
"521a940d-3b63-536c-bed3-cb7c56558920","","checkpoint-status","pass","","","TRUE","TRUE","Site QA","Floor Finishes","WING C","C.07A ENSUITE","Protection and Handover","Installer Sign Off: Protection installed as per manufacturer's instructions"
"c923b08b-085b-454f-80b6-5c71a38a34be","","checklist-sectioned","not-started","5a8a68d1221a9e608c282940756e19ac2c3c1dd54ffd7888cef6f74664a05c9a","checklist","FALSE","FALSE","Site QA","Floor Finishes","WING C","C.08 BED"
"91143e92-e2cd-5801-b7d3-a2aa3a7ee197","","checkpoint-group","not-started","","","FALSE","FALSE","Site QA","Floor Finishes","WING C","C.08 BED","Subfloor, Floor Preparation, Adhesive"
"a4c7c82f-470d-5ff1-b741-a36b96810861","","checkpoint-status","not-started","","","TRUE","TRUE","Site QA","Floor Finishes","WING C","C.08 BED","Subfloor, Floor Preparation, Adhesive","Confirm area of work is accessible & acceptable to commence (If not comment below)"
"1388bb9e-6a27-57dc-a703-72f5ae26404f","","checkpoint-status","not-started","","","TRUE","TRUE","Site QA","Floor Finishes","WING C","C.08 BED","Subfloor, Floor Preparation, Adhesive","Subfloor mechanically diamond ground"
"3e3ede59-2f50-4bea-9dce-2d463575c675","","checkpoint-status","not-started","","","TRUE","TRUE","Site QA","Floor Finishes","WING C","C.08 BED","Subfloor, Floor Preparation, Adhesive","Floor preparation product installed in accordance with manufacturer's instructions"
"3844f245-f87b-560d-8c72-e8f8ed7ec5da","","checkpoint-status","not-started","","","TRUE","TRUE","Site QA","Floor Finishes","WING C","C.08 BED","Subfloor, Floor Preparation, Adhesive","Floor transitions installed as per instructions from builder"
"44723198-ccb3-4336-b7cf-7871ee887b84","","checkpoint-status","not-started","","","TRUE","TRUE","Site QA","Floor Finishes","WING C","C.08 BED","Subfloor, Floor Preparation, Adhesive","Waterproof tested for falls, and water test completed by waterproofers"
"ba34bbd6-9e43-5d8a-a2c6-c27c3cd5a94c","","checkpoint-status","not-started","","","TRUE","TRUE","Site QA","Floor Finishes","WING C","C.08 BED","Subfloor, Floor Preparation, Adhesive","Correct adhesive used"
"090f1057-14b7-500a-9995-ec759b7bce88","","checkpoint-group","not-started","","","FALSE","FALSE","Site QA","Floor Finishes","WING C","C.08 BED","Carpet / Vinyl"
"050b45a3-fc2a-5925-81d9-eb725466a047","","checkpoint-status","not-started","","","TRUE","TRUE","Site QA","Floor Finishes","WING C","C.08 BED","Carpet / Vinyl","Confirm area of work is accessible & acceptable to commence (If not comment below)"
"fbe0946d-af2d-58d7-9360-5c6900155585","","checkpoint-status","not-started","","","TRUE","TRUE","Site QA","Floor Finishes","WING C","C.08 BED","Carpet / Vinyl","Vinyl installed as per plan"
"34116d81-d643-5863-b65f-0748ead6489d","","checkpoint-status","not-started","","","TRUE","TRUE","Site QA","Floor Finishes","WING C","C.08 BED","Carpet / Vinyl","Carpet installed as per plan"
"4e774cce-dd68-5535-8308-99af6a01ddd5","","checkpoint-status","not-started","","","TRUE","TRUE","Site QA","Floor Finishes","WING C","C.08 BED","Carpet / Vinyl","Joints sealed with heat welded seams and mitres as per AS 1884-2012"
"d157937a-6fdf-58d5-9e8c-3afd5d6ea528","","checkpoint-status","not-started","","","TRUE","TRUE","Site QA","Floor Finishes","WING C","C.08 BED","Carpet / Vinyl","Vinyl skirt and coving used as per finishes markup - 150mm height"
"d7d0903e-754f-5f83-a2c4-ee86063660a3","","checkpoint-status","not-started","","","TRUE","TRUE","Site QA","Floor Finishes","WING C","C.08 BED","Carpet / Vinyl","Installer Sign Off: Carpet / Vinyl installed as per manufacturer's instructions"
"d5a30bd0-2ee4-560d-bba6-18b654a7452e","","checkpoint-status","not-started","","","TRUE","TRUE","Site QA","Floor Finishes","WING C","C.08 BED","Carpet / Vinyl","Add-Floors Sign Off"
"684a1655-83fa-5125-895e-6a64f6b3fab5","","checkpoint-status","not-started","","","TRUE","TRUE","Site QA","Floor Finishes","WING C","C.08 BED","Carpet / Vinyl","Foreman installation sign off"
"dc6f08a0-b886-5acf-9e16-015ce4d151a3","","checkpoint-group","not-started","","","FALSE","FALSE","Site QA","Floor Finishes","WING C","C.08 BED","Wall Finish"
"6768b899-de0f-5a26-9625-b2c7cd03b2b7","","checkpoint-status","not-started","","","TRUE","TRUE","Site QA","Floor Finishes","WING C","C.08 BED","Wall Finish","Wall Finish installed as per plan"
"ce7cf22a-cc57-5b75-8224-05c0c6ce34ac","","checkpoint-group","not-started","","","FALSE","FALSE","Site QA","Floor Finishes","WING C","C.08 BED","Protection and Handover"
"57113a0e-308a-5b87-ad5e-b6a4d7ef319f","","checkpoint-status","not-started","","","TRUE","TRUE","Site QA","Floor Finishes","WING C","C.08 BED","Protection and Handover","Installation complete, checked and reviewed - as per specification"
"6fe7a756-c600-5175-8fe1-c2a3b4162b25","","checkpoint-status","not-started","","","TRUE","TRUE","Site QA","Floor Finishes","WING C","C.08 BED","Protection and Handover","Floor protected with bubbleweave floor protection or polyweave"
"50327114-cae2-5132-b5e1-8c5eb48d2b7d","","checkpoint-status","not-started","","","TRUE","TRUE","Site QA","Floor Finishes","WING C","C.08 BED","Protection and Handover","Installer Sign Off: Protection installed as per manufacturer's instructions"
"4d7f9480-096f-47a6-ab01-7fb74c8a95ad","","checklist-sectioned","work-in-progress","f434efc7a510eeae8337d190600a7c77cd2fe12a0b0eaa96b77561d384d4e1c4","checklist","FALSE","FALSE","Site QA","Floor Finishes","WING C","C.08A ENSUITE"
"8b5e91db-113d-5635-96c7-d79ea3643632","","checkpoint-group","work-in-progress","","","FALSE","FALSE","Site QA","Floor Finishes","WING C","C.08A ENSUITE","Subfloor, Floor Preparation, Adhesive"
"2151e7b2-7d41-5727-a630-fe46c7955936","","checkpoint-status","pass","","","TRUE","TRUE","Site QA","Floor Finishes","WING C","C.08A ENSUITE","Subfloor, Floor Preparation, Adhesive","Confirm area of work is accessible & acceptable to commence (If not comment below)"
"0a81411b-09c1-5416-9da4-4c7f9abd6909","","checkpoint-status","pass","","","TRUE","TRUE","Site QA","Floor Finishes","WING C","C.08A ENSUITE","Subfloor, Floor Preparation, Adhesive","Subfloor mechanically diamond ground"
"f38078fa-67ef-572a-b329-3dcf16193f1b","","checkpoint-status","not-applicable","","","TRUE","TRUE","Site QA","Floor Finishes","WING C","C.08A ENSUITE","Subfloor, Floor Preparation, Adhesive","Moisture readings compliant to AS 1884-2012 APPENDIX A"
"2c77a8c6-15d6-4a4f-bb31-9bd59c759e5a","","checkpoint-status","not-started","","","TRUE","TRUE","Site QA","Floor Finishes","WING C","C.08A ENSUITE","Subfloor, Floor Preparation, Adhesive","Floor preparation product installed in accordance with manufacturer's instructions"
"678fc537-b59c-414c-bc79-ce7b9c6b48ce","","checkpoint-status","not-started","","","TRUE","TRUE","Site QA","Floor Finishes","WING C","C.08A ENSUITE","Subfloor, Floor Preparation, Adhesive","Floor transitions installed as per instructions from builder"
"c95e5a38-5a8e-40ea-a906-1bc727047ff1","","checkpoint-status","not-started","","","TRUE","TRUE","Site QA","Floor Finishes","WING C","C.08A ENSUITE","Subfloor, Floor Preparation, Adhesive","Waterproof tested for falls, and water test completed by waterproofers"
"f78a34e2-5d67-548c-8343-55e980fa3dea","","checkpoint-status","pass","","","TRUE","TRUE","Site QA","Floor Finishes","WING C","C.08A ENSUITE","Subfloor, Floor Preparation, Adhesive","Mediseal installed to carpet areas as per plans - min 24 hours curing time observed"
"9649a2a5-d938-5e4e-8cfb-0e7662e8d227","","checkpoint-status","pass","","","TRUE","TRUE","Site QA","Floor Finishes","WING C","C.08A ENSUITE","Subfloor, Floor Preparation, Adhesive","Correct adhesive used"
"65a0e989-42bf-5e0d-83e3-c7b15b36088a","","checkpoint-group","pass","","","FALSE","FALSE","Site QA","Floor Finishes","WING C","C.08A ENSUITE","Carpet / Vinyl"
"66e0fc7c-a0d9-5299-b67f-cb72dad5e483","","checkpoint-status","pass","","","TRUE","TRUE","Site QA","Floor Finishes","WING C","C.08A ENSUITE","Carpet / Vinyl","Confirm area of work is accessible & acceptable to commence (If not comment below)"
"794674d5-0da3-5d46-907b-a563bf94aef8","","checkpoint-status","pass","","","TRUE","TRUE","Site QA","Floor Finishes","WING C","C.08A ENSUITE","Carpet / Vinyl","Vinyl installed as per plan"
"0f7e8359-35f5-5fca-bb24-ce788089dcdd","","checkpoint-status","not-applicable","","","TRUE","TRUE","Site QA","Floor Finishes","WING C","C.08A ENSUITE","Carpet / Vinyl","Carpet installed as per plan"
"58c37e26-1490-5aee-b281-029b9ffd9071","","checkpoint-status","pass","","","TRUE","TRUE","Site QA","Floor Finishes","WING C","C.08A ENSUITE","Carpet / Vinyl","Joints sealed with heat welded seams and mitres as per AS 1884-2012"
"623ff399-484a-5c36-864c-363cd5896d02","","checkpoint-status","pass","","","TRUE","TRUE","Site QA","Floor Finishes","WING C","C.08A ENSUITE","Carpet / Vinyl","Vinyl skirt and coving used as per finishes markup - 150mm height"
"653fb060-3944-5294-a078-cc3eba77aaac","","checkpoint-status","pass","","","TRUE","TRUE","Site QA","Floor Finishes","WING C","C.08A ENSUITE","Carpet / Vinyl","Installer Sign Off: Carpet / Vinyl installed as per manufacturer's instructions"
"d5cb6432-a0aa-536b-bf1e-30c386b19740","","checkpoint-status","pass","","","TRUE","TRUE","Site QA","Floor Finishes","WING C","C.08A ENSUITE","Carpet / Vinyl","Add-Floors Sign Off"
"cc759b86-5336-5091-9987-6158266f1141","","checkpoint-status","pass","","","TRUE","TRUE","Site QA","Floor Finishes","WING C","C.08A ENSUITE","Carpet / Vinyl","Foreman installation sign off"
"791f5e98-fc20-5abe-89bd-5d0bac42831a","","checkpoint-group","pass","","","FALSE","FALSE","Site QA","Floor Finishes","WING C","C.08A ENSUITE","Wall Finish"
"873a460b-f1f4-5b5f-90d4-08381e177223","","checkpoint-status","pass","","","TRUE","TRUE","Site QA","Floor Finishes","WING C","C.08A ENSUITE","Wall Finish","Wall Finish installed as per plan"
"ce003e93-82f9-5198-8a42-e53d5409a128","","checkpoint-group","pass","","","FALSE","FALSE","Site QA","Floor Finishes","WING C","C.08A ENSUITE","Protection and Handover"
"6a337fad-8467-594c-b76c-dfdc8cfb8a2b","","checkpoint-status","pass","","","TRUE","TRUE","Site QA","Floor Finishes","WING C","C.08A ENSUITE","Protection and Handover","Installation complete, checked and reviewed - as per specification"
"5a10b38e-eb2b-50ca-863c-e102be61e0fd","","checkpoint-status","pass","","","TRUE","TRUE","Site QA","Floor Finishes","WING C","C.08A ENSUITE","Protection and Handover","Floor protected with bubbleweave floor protection or polyweave"
"3fbe2e94-7cac-5def-874a-1940be1219c1","","checkpoint-status","pass","","","TRUE","TRUE","Site QA","Floor Finishes","WING C","C.08A ENSUITE","Protection and Handover","Installer Sign Off: Protection installed as per manufacturer's instructions"
"f4862a47-8ecc-4741-939e-112c1a631f64","","checklist-sectioned","not-started","5a8a68d1221a9e608c282940756e19ac2c3c1dd54ffd7888cef6f74664a05c9a","checklist","FALSE","FALSE","Site QA","Floor Finishes","WING C","C.09 BED"
"17c6ba1e-7717-52e6-9f41-7b6a81b3bc23","","checkpoint-group","not-started","","","FALSE","FALSE","Site QA","Floor Finishes","WING C","C.09 BED","Subfloor, Floor Preparation, Adhesive"
"c3f0a6f0-410a-5634-86a7-c3927d6afa2e","","checkpoint-status","not-started","","","TRUE","TRUE","Site QA","Floor Finishes","WING C","C.09 BED","Subfloor, Floor Preparation, Adhesive","Confirm area of work is accessible & acceptable to commence (If not comment below)"
"5437d5de-0fa0-5381-9776-18ca8f2d2721","","checkpoint-status","not-started","","","TRUE","TRUE","Site QA","Floor Finishes","WING C","C.09 BED","Subfloor, Floor Preparation, Adhesive","Subfloor mechanically diamond ground"
"ae8ab148-dcfc-4969-9303-bd5710671ef0","","checkpoint-status","not-started","","","TRUE","TRUE","Site QA","Floor Finishes","WING C","C.09 BED","Subfloor, Floor Preparation, Adhesive","Floor preparation product installed in accordance with manufacturer's instructions"
"1663a510-98bb-5415-a164-7c071acfd224","","checkpoint-status","not-started","","","TRUE","TRUE","Site QA","Floor Finishes","WING C","C.09 BED","Subfloor, Floor Preparation, Adhesive","Floor transitions installed as per instructions from builder"
"3c343d11-a1ba-4055-82ab-551b0a0c1081","","checkpoint-status","not-started","","","TRUE","TRUE","Site QA","Floor Finishes","WING C","C.09 BED","Subfloor, Floor Preparation, Adhesive","Waterproof tested for falls, and water test completed by waterproofers"
"0e8e4cf9-a69c-5cbd-b740-4dcd43364590","","checkpoint-status","not-started","","","TRUE","TRUE","Site QA","Floor Finishes","WING C","C.09 BED","Subfloor, Floor Preparation, Adhesive","Correct adhesive used"
"d16a0f12-7759-5b05-86bc-b12531a20268","","checkpoint-group","not-started","","","FALSE","FALSE","Site QA","Floor Finishes","WING C","C.09 BED","Carpet / Vinyl"
"ed4e4be8-7cc2-5653-8a03-adda6443146c","","checkpoint-status","not-started","","","TRUE","TRUE","Site QA","Floor Finishes","WING C","C.09 BED","Carpet / Vinyl","Confirm area of work is accessible & acceptable to commence (If not comment below)"
"00e07226-78bb-5f8a-8e62-7202b7c9bebc","","checkpoint-status","not-started","","","TRUE","TRUE","Site QA","Floor Finishes","WING C","C.09 BED","Carpet / Vinyl","Vinyl installed as per plan"
"c009352b-d74f-55d5-9856-214a8a3083be","","checkpoint-status","not-started","","","TRUE","TRUE","Site QA","Floor Finishes","WING C","C.09 BED","Carpet / Vinyl","Carpet installed as per plan"
"b35cc33e-9e73-59f1-af44-34a97f5b694e","","checkpoint-status","not-started","","","TRUE","TRUE","Site QA","Floor Finishes","WING C","C.09 BED","Carpet / Vinyl","Joints sealed with heat welded seams and mitres as per AS 1884-2012"
"a973da46-3393-5689-b068-bcc14ef26620","","checkpoint-status","not-started","","","TRUE","TRUE","Site QA","Floor Finishes","WING C","C.09 BED","Carpet / Vinyl","Vinyl skirt and coving used as per finishes markup - 150mm height"
"c5631221-bf21-5d03-92f6-db7d1f425914","","checkpoint-status","not-started","","","TRUE","TRUE","Site QA","Floor Finishes","WING C","C.09 BED","Carpet / Vinyl","Installer Sign Off: Carpet / Vinyl installed as per manufacturer's instructions"
"430c488e-64b8-5373-a83e-7fc35d786440","","checkpoint-status","not-started","","","TRUE","TRUE","Site QA","Floor Finishes","WING C","C.09 BED","Carpet / Vinyl","Add-Floors Sign Off"
"5dc7af6b-6dec-5b9f-ac12-d86ff07eb109","","checkpoint-status","not-started","","","TRUE","TRUE","Site QA","Floor Finishes","WING C","C.09 BED","Carpet / Vinyl","Foreman installation sign off"
"2bca610b-ff67-5519-a112-f6d34e047a74","","checkpoint-group","not-started","","","FALSE","FALSE","Site QA","Floor Finishes","WING C","C.09 BED","Wall Finish"
"7274f66c-0a2b-593a-9718-95da5472cf38","","checkpoint-status","not-started","","","TRUE","TRUE","Site QA","Floor Finishes","WING C","C.09 BED","Wall Finish","Wall Finish installed as per plan"
"d38b1337-d54b-55f6-88f4-5f3368af59c0","","checkpoint-group","not-started","","","FALSE","FALSE","Site QA","Floor Finishes","WING C","C.09 BED","Protection and Handover"
"74947b47-766a-507d-843c-2c488b14da5a","","checkpoint-status","not-started","","","TRUE","TRUE","Site QA","Floor Finishes","WING C","C.09 BED","Protection and Handover","Installation complete, checked and reviewed - as per specification"
"deed3bb4-e92a-5912-967b-9d70c54af165","","checkpoint-status","not-started","","","TRUE","TRUE","Site QA","Floor Finishes","WING C","C.09 BED","Protection and Handover","Floor protected with bubbleweave floor protection or polyweave"
"ff0accb5-6470-5cfd-bd54-33699b06ac2f","","checkpoint-status","not-started","","","TRUE","TRUE","Site QA","Floor Finishes","WING C","C.09 BED","Protection and Handover","Installer Sign Off: Protection installed as per manufacturer's instructions"
"304a5bda-3869-4a90-b691-54c099b94526","","checklist-sectioned","work-in-progress","f434efc7a510eeae8337d190600a7c77cd2fe12a0b0eaa96b77561d384d4e1c4","checklist","FALSE","FALSE","Site QA","Floor Finishes","WING C","C.09A ENSUITE"
"90d7576c-d423-5f4c-a82a-4784a40df811","","checkpoint-group","work-in-progress","","","FALSE","FALSE","Site QA","Floor Finishes","WING C","C.09A ENSUITE","Subfloor, Floor Preparation, Adhesive"
"a3f1a5ab-1813-56f0-8023-240169f5ccf1","","checkpoint-status","pass","","","TRUE","TRUE","Site QA","Floor Finishes","WING C","C.09A ENSUITE","Subfloor, Floor Preparation, Adhesive","Confirm area of work is accessible & acceptable to commence (If not comment below)"
"8b8957ca-d28a-5e53-9e30-fca4cff7d4ea","","checkpoint-status","pass","","","TRUE","TRUE","Site QA","Floor Finishes","WING C","C.09A ENSUITE","Subfloor, Floor Preparation, Adhesive","Subfloor mechanically diamond ground"
"c235942f-5f91-5a60-9f80-7ca63fe162ee","","checkpoint-status","not-applicable","","","TRUE","TRUE","Site QA","Floor Finishes","WING C","C.09A ENSUITE","Subfloor, Floor Preparation, Adhesive","Moisture readings compliant to AS 1884-2012 APPENDIX A"
"2693aefd-f8fe-431a-bd9a-6226d557810b","","checkpoint-status","not-started","","","TRUE","TRUE","Site QA","Floor Finishes","WING C","C.09A ENSUITE","Subfloor, Floor Preparation, Adhesive","Floor preparation product installed in accordance with manufacturer's instructions"
"cad433dc-fc30-4951-8dcd-5be38c0df9d6","","checkpoint-status","not-started","","","TRUE","TRUE","Site QA","Floor Finishes","WING C","C.09A ENSUITE","Subfloor, Floor Preparation, Adhesive","Floor transitions installed as per instructions from builder"
"695f49fb-99b3-40fd-9836-6ec50c5403e9","","checkpoint-status","not-started","","","TRUE","TRUE","Site QA","Floor Finishes","WING C","C.09A ENSUITE","Subfloor, Floor Preparation, Adhesive","Waterproof tested for falls, and water test completed by waterproofers"
"f4db80bd-6066-5d3e-8e06-49904ad943ea","","checkpoint-status","pass","","","TRUE","TRUE","Site QA","Floor Finishes","WING C","C.09A ENSUITE","Subfloor, Floor Preparation, Adhesive","Mediseal installed to carpet areas as per plans - min 24 hours curing time observed"
"c1045448-3e30-51ee-bbd4-ba6267efc06d","","checkpoint-status","pass","","","TRUE","TRUE","Site QA","Floor Finishes","WING C","C.09A ENSUITE","Subfloor, Floor Preparation, Adhesive","Correct adhesive used"
"c60b7406-97a4-5580-9c6a-6423097d0c92","","checkpoint-group","pass","","","FALSE","FALSE","Site QA","Floor Finishes","WING C","C.09A ENSUITE","Carpet / Vinyl"
"c54808bd-8d7b-5d43-b575-64b0e76745b7","","checkpoint-status","pass","","","TRUE","TRUE","Site QA","Floor Finishes","WING C","C.09A ENSUITE","Carpet / Vinyl","Confirm area of work is accessible & acceptable to commence (If not comment below)"
"2c0f8ddf-ff36-571c-8a07-b85099300a5e","","checkpoint-status","pass","","","TRUE","TRUE","Site QA","Floor Finishes","WING C","C.09A ENSUITE","Carpet / Vinyl","Vinyl installed as per plan"
"abb04849-a843-5e01-955b-93b776fff8b8","","checkpoint-status","not-applicable","","","TRUE","TRUE","Site QA","Floor Finishes","WING C","C.09A ENSUITE","Carpet / Vinyl","Carpet installed as per plan"
"33660de9-859f-5d07-a2a3-b9047ebd0d4b","","checkpoint-status","pass","","","TRUE","TRUE","Site QA","Floor Finishes","WING C","C.09A ENSUITE","Carpet / Vinyl","Joints sealed with heat welded seams and mitres as per AS 1884-2012"
"e6b15a54-4a14-583d-86a9-fe8ee3337a04","","checkpoint-status","pass","","","TRUE","TRUE","Site QA","Floor Finishes","WING C","C.09A ENSUITE","Carpet / Vinyl","Vinyl skirt and coving used as per finishes markup - 150mm height"
"637a29d3-dbbf-58dc-b2f8-b370d1607af4","","checkpoint-status","pass","","","TRUE","TRUE","Site QA","Floor Finishes","WING C","C.09A ENSUITE","Carpet / Vinyl","Installer Sign Off: Carpet / Vinyl installed as per manufacturer's instructions"
"e6762f0f-63a7-5c77-a501-a38c011d9e60","","checkpoint-status","pass","","","TRUE","TRUE","Site QA","Floor Finishes","WING C","C.09A ENSUITE","Carpet / Vinyl","Add-Floors Sign Off"
"f693ef48-bbad-5a9a-ac27-1ef7ce5c83f0","","checkpoint-status","pass","","","TRUE","TRUE","Site QA","Floor Finishes","WING C","C.09A ENSUITE","Carpet / Vinyl","Foreman installation sign off"
"3fe177a4-a8ec-5499-ab21-746fdd4f2e7b","","checkpoint-group","pass","","","FALSE","FALSE","Site QA","Floor Finishes","WING C","C.09A ENSUITE","Wall Finish"
"524cacbf-23cf-5466-af31-d30fbdd32779","","checkpoint-status","pass","","","TRUE","TRUE","Site QA","Floor Finishes","WING C","C.09A ENSUITE","Wall Finish","Wall Finish installed as per plan"
"38423f3f-76b7-5a1b-b845-2baeda3b9697","","checkpoint-group","pass","","","FALSE","FALSE","Site QA","Floor Finishes","WING C","C.09A ENSUITE","Protection and Handover"
"82735d2a-f65a-5bae-b83a-f44a403aa2c0","","checkpoint-status","pass","","","TRUE","TRUE","Site QA","Floor Finishes","WING C","C.09A ENSUITE","Protection and Handover","Installation complete, checked and reviewed - as per specification"
"1e1c30d7-dbdf-52ca-85f9-5f46778c26a3","","checkpoint-status","pass","","","TRUE","TRUE","Site QA","Floor Finishes","WING C","C.09A ENSUITE","Protection and Handover","Floor protected with bubbleweave floor protection or polyweave"
"db690f32-3339-5a48-9b3e-e2a336643fd8","","checkpoint-status","pass","","","TRUE","TRUE","Site QA","Floor Finishes","WING C","C.09A ENSUITE","Protection and Handover","Installer Sign Off: Protection installed as per manufacturer's instructions"
"5ce333fb-af8c-4791-bd52-f53d12f5850f","","checklist-sectioned","not-started","5a8a68d1221a9e608c282940756e19ac2c3c1dd54ffd7888cef6f74664a05c9a","checklist","FALSE","FALSE","Site QA","Floor Finishes","WING C","C.10 BED"
"ecbe321a-db99-5fad-a236-39626c246e6d","","checkpoint-group","not-started","","","FALSE","FALSE","Site QA","Floor Finishes","WING C","C.10 BED","Subfloor, Floor Preparation, Adhesive"
"a3bcbdc8-7638-5e3c-bfb2-7090b93b061d","","checkpoint-status","not-started","","","TRUE","TRUE","Site QA","Floor Finishes","WING C","C.10 BED","Subfloor, Floor Preparation, Adhesive","Confirm area of work is accessible & acceptable to commence (If not comment below)"
"0e69aaab-68a7-56f6-bc4a-251a546a2bb0","","checkpoint-status","not-started","","","TRUE","TRUE","Site QA","Floor Finishes","WING C","C.10 BED","Subfloor, Floor Preparation, Adhesive","Subfloor mechanically diamond ground"
"b731a153-fb14-4895-ab72-488673a74c76","","checkpoint-status","not-started","","","TRUE","TRUE","Site QA","Floor Finishes","WING C","C.10 BED","Subfloor, Floor Preparation, Adhesive","Floor preparation product installed in accordance with manufacturer's instructions"
"5a2d7fad-266e-558a-a6e7-48ef79d3b8c0","","checkpoint-status","not-started","","","TRUE","TRUE","Site QA","Floor Finishes","WING C","C.10 BED","Subfloor, Floor Preparation, Adhesive","Floor transitions installed as per instructions from builder"
"f6d957a5-ac78-42f4-9e59-8efdec07b955","","checkpoint-status","not-started","","","TRUE","TRUE","Site QA","Floor Finishes","WING C","C.10 BED","Subfloor, Floor Preparation, Adhesive","Waterproof tested for falls, and water test completed by waterproofers"
"43f10958-19ee-5828-811f-dfca4aaf3a77","","checkpoint-status","not-started","","","TRUE","TRUE","Site QA","Floor Finishes","WING C","C.10 BED","Subfloor, Floor Preparation, Adhesive","Correct adhesive used"
"a5ae407a-2a13-5c74-b1e0-aabdf0c95101","","checkpoint-group","not-started","","","FALSE","FALSE","Site QA","Floor Finishes","WING C","C.10 BED","Carpet / Vinyl"
"6199dfa8-b9c6-5486-adb8-2cc2bde8220e","","checkpoint-status","not-started","","","TRUE","TRUE","Site QA","Floor Finishes","WING C","C.10 BED","Carpet / Vinyl","Confirm area of work is accessible & acceptable to commence (If not comment below)"
"4d50b162-58eb-5d76-a5e8-6da29a47b0de","","checkpoint-status","not-started","","","TRUE","TRUE","Site QA","Floor Finishes","WING C","C.10 BED","Carpet / Vinyl","Vinyl installed as per plan"
"c503b155-b2e9-5966-ace5-a7308948e6b0","","checkpoint-status","not-started","","","TRUE","TRUE","Site QA","Floor Finishes","WING C","C.10 BED","Carpet / Vinyl","Carpet installed as per plan"
"2f356a84-9738-52ba-ba8f-20aec4352220","","checkpoint-status","not-started","","","TRUE","TRUE","Site QA","Floor Finishes","WING C","C.10 BED","Carpet / Vinyl","Joints sealed with heat welded seams and mitres as per AS 1884-2012"
"fbc2d56e-f18b-5e56-854f-bfacd82f4a4f","","checkpoint-status","not-started","","","TRUE","TRUE","Site QA","Floor Finishes","WING C","C.10 BED","Carpet / Vinyl","Vinyl skirt and coving used as per finishes markup - 150mm height"
"c61026ef-b51a-56df-9a93-2f4135cb6799","","checkpoint-status","not-started","","","TRUE","TRUE","Site QA","Floor Finishes","WING C","C.10 BED","Carpet / Vinyl","Installer Sign Off: Carpet / Vinyl installed as per manufacturer's instructions"
"be955f08-b186-5e09-9535-f4a8e03b3c27","","checkpoint-status","not-started","","","TRUE","TRUE","Site QA","Floor Finishes","WING C","C.10 BED","Carpet / Vinyl","Add-Floors Sign Off"
"62f17d14-8488-527b-8a55-477278c69708","","checkpoint-status","not-started","","","TRUE","TRUE","Site QA","Floor Finishes","WING C","C.10 BED","Carpet / Vinyl","Foreman installation sign off"
"50f023f4-113a-5195-9750-a791ec3f533c","","checkpoint-group","not-started","","","FALSE","FALSE","Site QA","Floor Finishes","WING C","C.10 BED","Wall Finish"
"35373ecd-fb52-56e1-a3c2-35895280ce4a","","checkpoint-status","not-started","","","TRUE","TRUE","Site QA","Floor Finishes","WING C","C.10 BED","Wall Finish","Wall Finish installed as per plan"
"2c1f3dd1-2c23-5cb3-af70-68d14ebd0f2a","","checkpoint-group","not-started","","","FALSE","FALSE","Site QA","Floor Finishes","WING C","C.10 BED","Protection and Handover"
"09a64d15-1762-50a8-aa75-ae74a1add84e","","checkpoint-status","not-started","","","TRUE","TRUE","Site QA","Floor Finishes","WING C","C.10 BED","Protection and Handover","Installation complete, checked and reviewed - as per specification"
"999b60ef-aa60-5dae-8883-69409a0e19f4","","checkpoint-status","not-started","","","TRUE","TRUE","Site QA","Floor Finishes","WING C","C.10 BED","Protection and Handover","Floor protected with bubbleweave floor protection or polyweave"
"a599f58a-cf28-56de-beee-99a2e9a20633","","checkpoint-status","not-started","","","TRUE","TRUE","Site QA","Floor Finishes","WING C","C.10 BED","Protection and Handover","Installer Sign Off: Protection installed as per manufacturer's instructions"
"789e9e76-fcd7-45cd-88be-e1160c232f11","","checklist-sectioned","work-in-progress","f434efc7a510eeae8337d190600a7c77cd2fe12a0b0eaa96b77561d384d4e1c4","checklist","FALSE","FALSE","Site QA","Floor Finishes","WING C","C.10A ENSUITE"
"20176b05-d005-5170-8686-b49ad04c9e39","","checkpoint-group","work-in-progress","","","FALSE","FALSE","Site QA","Floor Finishes","WING C","C.10A ENSUITE","Subfloor, Floor Preparation, Adhesive"
"f89a8ac8-e81c-579c-a13d-cea4ae250fb0","","checkpoint-status","pass","","","TRUE","TRUE","Site QA","Floor Finishes","WING C","C.10A ENSUITE","Subfloor, Floor Preparation, Adhesive","Confirm area of work is accessible & acceptable to commence (If not comment below)"
"d6be0657-bbfe-5baf-8b6e-cf3880443584","","checkpoint-status","pass","","","TRUE","TRUE","Site QA","Floor Finishes","WING C","C.10A ENSUITE","Subfloor, Floor Preparation, Adhesive","Subfloor mechanically diamond ground"
"2732c46b-b85f-553b-8354-a1cc20f49ea3","","checkpoint-status","not-applicable","","","TRUE","TRUE","Site QA","Floor Finishes","WING C","C.10A ENSUITE","Subfloor, Floor Preparation, Adhesive","Moisture readings compliant to AS 1884-2012 APPENDIX A"
"485bf7a5-c83b-4d19-92b9-75100cdb06e5","","checkpoint-status","not-started","","","TRUE","TRUE","Site QA","Floor Finishes","WING C","C.10A ENSUITE","Subfloor, Floor Preparation, Adhesive","Floor preparation product installed in accordance with manufacturer's instructions"
"1e203d09-2b4b-4932-82c9-81b9c1a24648","","checkpoint-status","not-started","","","TRUE","TRUE","Site QA","Floor Finishes","WING C","C.10A ENSUITE","Subfloor, Floor Preparation, Adhesive","Floor transitions installed as per instructions from builder"
"42784423-8479-41d2-9507-b7b6fff2d8d1","","checkpoint-status","not-started","","","TRUE","TRUE","Site QA","Floor Finishes","WING C","C.10A ENSUITE","Subfloor, Floor Preparation, Adhesive","Waterproof tested for falls, and water test completed by waterproofers"
"c299a5f9-7d32-5e68-81b3-2dda102853b9","","checkpoint-status","pass","","","TRUE","TRUE","Site QA","Floor Finishes","WING C","C.10A ENSUITE","Subfloor, Floor Preparation, Adhesive","Mediseal installed to carpet areas as per plans - min 24 hours curing time observed"
"25e59b9d-6599-5ad1-b093-02d7f33a2ad0","","checkpoint-status","pass","","","TRUE","TRUE","Site QA","Floor Finishes","WING C","C.10A ENSUITE","Subfloor, Floor Preparation, Adhesive","Correct adhesive used"
"59aa3202-a5ec-59d2-8b69-cab95de31c91","","checkpoint-group","pass","","","FALSE","FALSE","Site QA","Floor Finishes","WING C","C.10A ENSUITE","Carpet / Vinyl"
"72b7b3fc-6bd5-5cd8-83f9-1e7e97ca18a0","","checkpoint-status","pass","","","TRUE","TRUE","Site QA","Floor Finishes","WING C","C.10A ENSUITE","Carpet / Vinyl","Confirm area of work is accessible & acceptable to commence (If not comment below)"
"b71ba0ae-d537-5430-9e68-ac6f2a3dc33d","","checkpoint-status","pass","","","TRUE","TRUE","Site QA","Floor Finishes","WING C","C.10A ENSUITE","Carpet / Vinyl","Vinyl installed as per plan"
"f4d4c787-b3c2-5d46-9f3e-77ceaf260747","","checkpoint-status","not-applicable","","","TRUE","TRUE","Site QA","Floor Finishes","WING C","C.10A ENSUITE","Carpet / Vinyl","Carpet installed as per plan"
"941489b4-8574-511c-8a17-d5d139d939f0","","checkpoint-status","pass","","","TRUE","TRUE","Site QA","Floor Finishes","WING C","C.10A ENSUITE","Carpet / Vinyl","Joints sealed with heat welded seams and mitres as per AS 1884-2012"
"d10d4528-2cf8-5eba-bbef-99a706292bf1","","checkpoint-status","pass","","","TRUE","TRUE","Site QA","Floor Finishes","WING C","C.10A ENSUITE","Carpet / Vinyl","Vinyl skirt and coving used as per finishes markup - 150mm height"
"3c7a4ffe-4945-585b-bb91-0218ff35e2cc","","checkpoint-status","pass","","","TRUE","TRUE","Site QA","Floor Finishes","WING C","C.10A ENSUITE","Carpet / Vinyl","Installer Sign Off: Carpet / Vinyl installed as per manufacturer's instructions"
"20cd68b9-4785-58a4-8428-7be7db8c05c1","","checkpoint-status","pass","","","TRUE","TRUE","Site QA","Floor Finishes","WING C","C.10A ENSUITE","Carpet / Vinyl","Add-Floors Sign Off"
"a7df8547-c36e-5327-9393-12aaa016c978","","checkpoint-status","pass","","","TRUE","TRUE","Site QA","Floor Finishes","WING C","C.10A ENSUITE","Carpet / Vinyl","Foreman installation sign off"
"2876918d-fa36-55cf-a575-cbc899aa407e","","checkpoint-group","pass","","","FALSE","FALSE","Site QA","Floor Finishes","WING C","C.10A ENSUITE","Wall Finish"
"9859b067-279e-52f1-a8a4-c7f950af6ecb","","checkpoint-status","pass","","","TRUE","TRUE","Site QA","Floor Finishes","WING C","C.10A ENSUITE","Wall Finish","Wall Finish installed as per plan"
"fb64803f-552b-53dc-93cd-a9e72a694832","","checkpoint-group","pass","","","FALSE","FALSE","Site QA","Floor Finishes","WING C","C.10A ENSUITE","Protection and Handover"
"3fa0721c-8aac-5fa9-a2f6-69947754db24","","checkpoint-status","pass","","","TRUE","TRUE","Site QA","Floor Finishes","WING C","C.10A ENSUITE","Protection and Handover","Installation complete, checked and reviewed - as per specification"
"adf72605-fadc-5f04-b1eb-ad6e000774c4","","checkpoint-status","pass","","","TRUE","TRUE","Site QA","Floor Finishes","WING C","C.10A ENSUITE","Protection and Handover","Floor protected with bubbleweave floor protection or polyweave"
"1ff22b18-d446-56b8-8502-44fd453a7b21","","checkpoint-status","pass","","","TRUE","TRUE","Site QA","Floor Finishes","WING C","C.10A ENSUITE","Protection and Handover","Installer Sign Off: Protection installed as per manufacturer's instructions"
"1a219715-c689-4e97-9740-22f29c044bb8","","checklist-sectioned","work-in-progress","f434efc7a510eeae8337d190600a7c77cd2fe12a0b0eaa96b77561d384d4e1c4","checklist","FALSE","FALSE","Site QA","Floor Finishes","WING C","C.16 UNISEX DISABLED WC"
"561f3cfe-6978-5e31-aa6d-24b083c98a8c","","checkpoint-group","work-in-progress","","","FALSE","FALSE","Site QA","Floor Finishes","WING C","C.16 UNISEX DISABLED WC","Subfloor, Floor Preparation, Adhesive"
"1adc5d63-71d4-5a80-8ff2-aab450a78f64","","checkpoint-status","pass","","","TRUE","TRUE","Site QA","Floor Finishes","WING C","C.16 UNISEX DISABLED WC","Subfloor, Floor Preparation, Adhesive","Confirm area of work is accessible & acceptable to commence (If not comment below)"
"8fbe4cd9-5f67-548a-9d23-a9eff729ec34","","checkpoint-status","not-applicable","","","TRUE","TRUE","Site QA","Floor Finishes","WING C","C.16 UNISEX DISABLED WC","Subfloor, Floor Preparation, Adhesive","Subfloor mechanically diamond ground"
"bbb92b99-0de3-5970-91d4-b2818db3bd76","","checkpoint-status","not-applicable","","","TRUE","TRUE","Site QA","Floor Finishes","WING C","C.16 UNISEX DISABLED WC","Subfloor, Floor Preparation, Adhesive","Moisture readings compliant to AS 1884-2012 APPENDIX A"
"64a8ea25-7bd4-40d7-a21d-5e237eff1f16","","checkpoint-status","not-started","","","TRUE","TRUE","Site QA","Floor Finishes","WING C","C.16 UNISEX DISABLED WC","Subfloor, Floor Preparation, Adhesive","Floor preparation product installed in accordance with manufacturer's instructions"
"ac4374b7-7ad1-4d71-afea-ce84d786276f","","checkpoint-status","not-started","","","TRUE","TRUE","Site QA","Floor Finishes","WING C","C.16 UNISEX DISABLED WC","Subfloor, Floor Preparation, Adhesive","Floor transitions installed as per instructions from builder"
"1c5a59a4-a7d5-42c3-834b-306624003220","","checkpoint-status","not-started","","","TRUE","TRUE","Site QA","Floor Finishes","WING C","C.16 UNISEX DISABLED WC","Subfloor, Floor Preparation, Adhesive","Waterproof tested for falls, and water test completed by waterproofers"
"0e09709e-81c9-55d2-9521-922840c2e181","","checkpoint-status","pass","","","TRUE","TRUE","Site QA","Floor Finishes","WING C","C.16 UNISEX DISABLED WC","Subfloor, Floor Preparation, Adhesive","Mediseal installed to carpet areas as per plans - min 24 hours curing time observed"
"00d8616a-66a4-5cc4-858b-93895944b336","","checkpoint-status","pass","","","TRUE","TRUE","Site QA","Floor Finishes","WING C","C.16 UNISEX DISABLED WC","Subfloor, Floor Preparation, Adhesive","Correct adhesive used"
"7047863c-80c5-5892-b0c6-e14e93002075","","checkpoint-group","pass","","","FALSE","FALSE","Site QA","Floor Finishes","WING C","C.16 UNISEX DISABLED WC","Carpet / Vinyl"
"46b0ff5b-2a6f-5aa2-b26f-5eb4112e93cd","","checkpoint-status","pass","","","TRUE","TRUE","Site QA","Floor Finishes","WING C","C.16 UNISEX DISABLED WC","Carpet / Vinyl","Confirm area of work is accessible & acceptable to commence (If not comment below)"
"0a33a2e0-a138-5739-ad1f-8bd81cf60bb1","","checkpoint-status","pass","","","TRUE","TRUE","Site QA","Floor Finishes","WING C","C.16 UNISEX DISABLED WC","Carpet / Vinyl","Vinyl installed as per plan"
"1cf0fe1b-fe51-5624-a98c-97dfc04384fa","","checkpoint-status","not-applicable","","","TRUE","TRUE","Site QA","Floor Finishes","WING C","C.16 UNISEX DISABLED WC","Carpet / Vinyl","Carpet installed as per plan"
"2934bc5a-135b-5903-b953-b0764054840c","","checkpoint-status","pass","","","TRUE","TRUE","Site QA","Floor Finishes","WING C","C.16 UNISEX DISABLED WC","Carpet / Vinyl","Joints sealed with heat welded seams and mitres as per AS 1884-2012"
"d21c39ae-4e0f-57d7-823b-295ce43659a6","","checkpoint-status","pass","","","TRUE","TRUE","Site QA","Floor Finishes","WING C","C.16 UNISEX DISABLED WC","Carpet / Vinyl","Vinyl skirt and coving used as per finishes markup - 150mm height"
"a4cdf352-15ad-5d5a-bea4-65d34e49346e","","checkpoint-status","pass","","","TRUE","TRUE","Site QA","Floor Finishes","WING C","C.16 UNISEX DISABLED WC","Carpet / Vinyl","Installer Sign Off: Carpet / Vinyl installed as per manufacturer's instructions"
"dd9bb199-9183-59ad-ae53-250cedd23877","","checkpoint-status","pass","","","TRUE","TRUE","Site QA","Floor Finishes","WING C","C.16 UNISEX DISABLED WC","Carpet / Vinyl","Add-Floors Sign Off"
"8c6328fb-2038-561c-a7d9-dd6f040d8d91","","checkpoint-status","pass","","","TRUE","TRUE","Site QA","Floor Finishes","WING C","C.16 UNISEX DISABLED WC","Carpet / Vinyl","Foreman installation sign off"
"bf7a7108-04b1-57af-a1bb-acbe14ad8c10","","checkpoint-group","pass","","","FALSE","FALSE","Site QA","Floor Finishes","WING C","C.16 UNISEX DISABLED WC","Wall Finish"
"f7cc2ee3-ce41-584e-8aa3-8ed668358707","","checkpoint-status","pass","","","TRUE","TRUE","Site QA","Floor Finishes","WING C","C.16 UNISEX DISABLED WC","Wall Finish","Wall Finish installed as per plan"
"25e39cb5-4e55-5c5f-8482-7bb9bf55d4f5","","checkpoint-group","pass","","","FALSE","FALSE","Site QA","Floor Finishes","WING C","C.16 UNISEX DISABLED WC","Protection and Handover"
"af1cbd7d-3ce7-5a5a-8011-faa187762d9e","","checkpoint-status","pass","","","TRUE","TRUE","Site QA","Floor Finishes","WING C","C.16 UNISEX DISABLED WC","Protection and Handover","Installation complete, checked and reviewed - as per specification"
"4b789414-4f5b-5084-95fb-1bd9b6812a47","","checkpoint-status","pass","","","TRUE","TRUE","Site QA","Floor Finishes","WING C","C.16 UNISEX DISABLED WC","Protection and Handover","Floor protected with bubbleweave floor protection or polyweave"
"646d6370-b0bc-5e06-a2d0-8ed836885d5f","","checkpoint-status","pass","","","TRUE","TRUE","Site QA","Floor Finishes","WING C","C.16 UNISEX DISABLED WC","Protection and Handover","Installer Sign Off: Protection installed as per manufacturer's instructions"
"7c29f625-9724-4c55-aa0a-6daeaf685943","","checklist-sectioned","not-started","5a8a68d1221a9e608c282940756e19ac2c3c1dd54ffd7888cef6f74664a05c9a","checklist","FALSE","FALSE","Site QA","Floor Finishes","WING C","C.17 CLEAN UTILITY"
"9227196f-d419-5cce-bf04-96c6471f4aae","","checkpoint-group","not-started","","","FALSE","FALSE","Site QA","Floor Finishes","WING C","C.17 CLEAN UTILITY","Subfloor, Floor Preparation, Adhesive"
"b341b993-1804-5141-b68f-e73190e00588","","checkpoint-status","not-started","","","TRUE","TRUE","Site QA","Floor Finishes","WING C","C.17 CLEAN UTILITY","Subfloor, Floor Preparation, Adhesive","Confirm area of work is accessible & acceptable to commence (If not comment below)"
"19853f00-4e03-58d4-8ab7-638304622750","","checkpoint-status","not-started","","","TRUE","TRUE","Site QA","Floor Finishes","WING C","C.17 CLEAN UTILITY","Subfloor, Floor Preparation, Adhesive","Subfloor mechanically diamond ground"
"df3213ec-fc45-49f2-ae12-b7bdf9482383","","checkpoint-status","not-started","","","TRUE","TRUE","Site QA","Floor Finishes","WING C","C.17 CLEAN UTILITY","Subfloor, Floor Preparation, Adhesive","Floor preparation product installed in accordance with manufacturer's instructions"
"53c6f8cf-5e72-5243-8f3a-eb78ef974b61","","checkpoint-status","not-started","","","TRUE","TRUE","Site QA","Floor Finishes","WING C","C.17 CLEAN UTILITY","Subfloor, Floor Preparation, Adhesive","Floor transitions installed as per instructions from builder"
"cccd73e2-c8f5-442d-b3a1-a8d71992349d","","checkpoint-status","not-started","","","TRUE","TRUE","Site QA","Floor Finishes","WING C","C.17 CLEAN UTILITY","Subfloor, Floor Preparation, Adhesive","Waterproof tested for falls, and water test completed by waterproofers"
"d8aa7f21-5076-5456-b423-077654024278","","checkpoint-status","not-started","","","TRUE","TRUE","Site QA","Floor Finishes","WING C","C.17 CLEAN UTILITY","Subfloor, Floor Preparation, Adhesive","Correct adhesive used"
"e025f449-1dc6-566b-9630-9941741cc2dd","","checkpoint-group","not-started","","","FALSE","FALSE","Site QA","Floor Finishes","WING C","C.17 CLEAN UTILITY","Carpet / Vinyl"
"65394b99-4066-5d60-9c53-78aeb7d5f6dc","","checkpoint-status","not-started","","","TRUE","TRUE","Site QA","Floor Finishes","WING C","C.17 CLEAN UTILITY","Carpet / Vinyl","Confirm area of work is accessible & acceptable to commence (If not comment below)"
"cd867871-7d83-518b-ace4-9e0125a78774","","checkpoint-status","not-started","","","TRUE","TRUE","Site QA","Floor Finishes","WING C","C.17 CLEAN UTILITY","Carpet / Vinyl","Vinyl installed as per plan"
"e025b86c-8592-5ff2-a430-f7e0d8caf3eb","","checkpoint-status","not-started","","","TRUE","TRUE","Site QA","Floor Finishes","WING C","C.17 CLEAN UTILITY","Carpet / Vinyl","Carpet installed as per plan"
"6677b444-d365-5927-9ec8-a11a521520b3","","checkpoint-status","not-started","","","TRUE","TRUE","Site QA","Floor Finishes","WING C","C.17 CLEAN UTILITY","Carpet / Vinyl","Joints sealed with heat welded seams and mitres as per AS 1884-2012"
"c8723c45-e753-54e0-bec8-b0d022c7adf2","","checkpoint-status","not-started","","","TRUE","TRUE","Site QA","Floor Finishes","WING C","C.17 CLEAN UTILITY","Carpet / Vinyl","Vinyl skirt and coving used as per finishes markup - 150mm height"
"94c9ae74-08a8-5f55-ad77-d32cf494d72b","","checkpoint-status","not-started","","","TRUE","TRUE","Site QA","Floor Finishes","WING C","C.17 CLEAN UTILITY","Carpet / Vinyl","Installer Sign Off: Carpet / Vinyl installed as per manufacturer's instructions"
"8be4ea37-fa10-5397-8bc4-3539ac5243af","","checkpoint-status","not-started","","","TRUE","TRUE","Site QA","Floor Finishes","WING C","C.17 CLEAN UTILITY","Carpet / Vinyl","Add-Floors Sign Off"
"07f78b1a-21e1-58eb-8455-81895594fd6d","","checkpoint-status","not-started","","","TRUE","TRUE","Site QA","Floor Finishes","WING C","C.17 CLEAN UTILITY","Carpet / Vinyl","Foreman installation sign off"
"1c3b7bea-be6d-5534-9331-b87880d7f357","","checkpoint-group","not-started","","","FALSE","FALSE","Site QA","Floor Finishes","WING C","C.17 CLEAN UTILITY","Wall Finish"
"9893574f-93b3-5179-b798-003e6fef2ce9","","checkpoint-status","not-started","","","TRUE","TRUE","Site QA","Floor Finishes","WING C","C.17 CLEAN UTILITY","Wall Finish","Wall Finish installed as per plan"
"aa16af3c-43e6-5b3a-a367-56a1c3ac67b7","","checkpoint-group","not-started","","","FALSE","FALSE","Site QA","Floor Finishes","WING C","C.17 CLEAN UTILITY","Protection and Handover"
"6d1b2123-4a02-57d4-8a1a-da1c6f1f9d49","","checkpoint-status","not-started","","","TRUE","TRUE","Site QA","Floor Finishes","WING C","C.17 CLEAN UTILITY","Protection and Handover","Installation complete, checked and reviewed - as per specification"
"9e00437c-cac6-5c8a-bc28-90c2457d5f18","","checkpoint-status","not-started","","","TRUE","TRUE","Site QA","Floor Finishes","WING C","C.17 CLEAN UTILITY","Protection and Handover","Floor protected with bubbleweave floor protection or polyweave"
"d90859e4-32d8-50d7-8238-85a8c26ecd11","","checkpoint-status","not-started","","","TRUE","TRUE","Site QA","Floor Finishes","WING C","C.17 CLEAN UTILITY","Protection and Handover","Installer Sign Off: Protection installed as per manufacturer's instructions"
"49c9091b-01b8-4dd4-b172-def77381abea","","checklist-sectioned","not-started","5a8a68d1221a9e608c282940756e19ac2c3c1dd54ffd7888cef6f74664a05c9a","checklist","FALSE","FALSE","Site QA","Floor Finishes","WING C","C.18 NURSES STATION"
"f7f15c83-27e3-5484-82dd-e3f5bd895343","","checkpoint-group","not-started","","","FALSE","FALSE","Site QA","Floor Finishes","WING C","C.18 NURSES STATION","Subfloor, Floor Preparation, Adhesive"
"1558dad5-917e-59d4-9be0-913aa22bf425","","checkpoint-status","not-started","","","TRUE","TRUE","Site QA","Floor Finishes","WING C","C.18 NURSES STATION","Subfloor, Floor Preparation, Adhesive","Confirm area of work is accessible & acceptable to commence (If not comment below)"
"458d50b3-d821-5c77-b4e7-e2b98cd6f8af","","checkpoint-status","not-started","","","TRUE","TRUE","Site QA","Floor Finishes","WING C","C.18 NURSES STATION","Subfloor, Floor Preparation, Adhesive","Subfloor mechanically diamond ground"
"98035520-84bb-4bb4-b4c9-8ab897bfe1f2","","checkpoint-status","not-started","","","TRUE","TRUE","Site QA","Floor Finishes","WING C","C.18 NURSES STATION","Subfloor, Floor Preparation, Adhesive","Floor preparation product installed in accordance with manufacturer's instructions"
"e8223b82-862b-5ec7-aee2-0da0048d232f","","checkpoint-status","not-started","","","TRUE","TRUE","Site QA","Floor Finishes","WING C","C.18 NURSES STATION","Subfloor, Floor Preparation, Adhesive","Floor transitions installed as per instructions from builder"
"4d6b2b8e-f305-422c-9b8a-2430fa8996d3","","checkpoint-status","not-started","","","TRUE","TRUE","Site QA","Floor Finishes","WING C","C.18 NURSES STATION","Subfloor, Floor Preparation, Adhesive","Waterproof tested for falls, and water test completed by waterproofers"
"7162dcb9-7f65-50c7-946e-fe74705cfe26","","checkpoint-status","not-started","","","TRUE","TRUE","Site QA","Floor Finishes","WING C","C.18 NURSES STATION","Subfloor, Floor Preparation, Adhesive","Correct adhesive used"
"44def2f8-20eb-58d6-813e-06433f8db8b5","","checkpoint-group","not-started","","","FALSE","FALSE","Site QA","Floor Finishes","WING C","C.18 NURSES STATION","Carpet / Vinyl"
"6428db3f-58e7-5fd9-b660-0e90af0a9bbe","","checkpoint-status","not-started","","","TRUE","TRUE","Site QA","Floor Finishes","WING C","C.18 NURSES STATION","Carpet / Vinyl","Confirm area of work is accessible & acceptable to commence (If not comment below)"
"72fb6256-a5f9-5425-b2ab-0105035d85e6","","checkpoint-status","not-started","","","TRUE","TRUE","Site QA","Floor Finishes","WING C","C.18 NURSES STATION","Carpet / Vinyl","Vinyl installed as per plan"
"05eb3e4e-154d-52d7-a127-321b75300eef","","checkpoint-status","not-started","","","TRUE","TRUE","Site QA","Floor Finishes","WING C","C.18 NURSES STATION","Carpet / Vinyl","Carpet installed as per plan"
"4b08e9c1-cc6e-554e-a6c7-9f7f53ee77f6","","checkpoint-status","not-started","","","TRUE","TRUE","Site QA","Floor Finishes","WING C","C.18 NURSES STATION","Carpet / Vinyl","Joints sealed with heat welded seams and mitres as per AS 1884-2012"
"44958cf6-9161-58f7-b442-4cd8a59cd4fd","","checkpoint-status","not-started","","","TRUE","TRUE","Site QA","Floor Finishes","WING C","C.18 NURSES STATION","Carpet / Vinyl","Vinyl skirt and coving used as per finishes markup - 150mm height"
"9904573b-7f1d-5330-9184-bcfcc21b0d34","","checkpoint-status","not-started","","","TRUE","TRUE","Site QA","Floor Finishes","WING C","C.18 NURSES STATION","Carpet / Vinyl","Installer Sign Off: Carpet / Vinyl installed as per manufacturer's instructions"
"1fc5ebbc-43b9-5213-9555-fc9bd6e8614a","","checkpoint-status","not-started","","","TRUE","TRUE","Site QA","Floor Finishes","WING C","C.18 NURSES STATION","Carpet / Vinyl","Add-Floors Sign Off"
"d521b898-ac26-5ee0-8a7f-7fa4422b8f51","","checkpoint-status","not-started","","","TRUE","TRUE","Site QA","Floor Finishes","WING C","C.18 NURSES STATION","Carpet / Vinyl","Foreman installation sign off"
"418f010e-fa9b-559a-9b2c-7c90ffb78f6c","","checkpoint-group","not-started","","","FALSE","FALSE","Site QA","Floor Finishes","WING C","C.18 NURSES STATION","Wall Finish"
"30b20d37-4543-5666-84a3-1b106fd21ccb","","checkpoint-status","not-started","","","TRUE","TRUE","Site QA","Floor Finishes","WING C","C.18 NURSES STATION","Wall Finish","Wall Finish installed as per plan"
"f9b4047c-50cd-51b2-9a2c-e50386823dc5","","checkpoint-group","not-started","","","FALSE","FALSE","Site QA","Floor Finishes","WING C","C.18 NURSES STATION","Protection and Handover"
"cded8825-ed67-523b-aa77-534a6faeabdf","","checkpoint-status","not-started","","","TRUE","TRUE","Site QA","Floor Finishes","WING C","C.18 NURSES STATION","Protection and Handover","Installation complete, checked and reviewed - as per specification"
"ef114c1f-9aba-53fe-a965-0bf660c551d1","","checkpoint-status","not-started","","","TRUE","TRUE","Site QA","Floor Finishes","WING C","C.18 NURSES STATION","Protection and Handover","Floor protected with bubbleweave floor protection or polyweave"
"eb63a495-5491-56a2-9cfa-278d2f2db929","","checkpoint-status","not-started","","","TRUE","TRUE","Site QA","Floor Finishes","WING C","C.18 NURSES STATION","Protection and Handover","Installer Sign Off: Protection installed as per manufacturer's instructions"
"4bef5627-a409-41f2-956f-f7a7a84c2f3c","","checklist-sectioned","not-started","5a8a68d1221a9e608c282940756e19ac2c3c1dd54ffd7888cef6f74664a05c9a","checklist","FALSE","FALSE","Site QA","Floor Finishes","WING C","C.19 BED"
"01d8c87a-3567-5a0c-8875-7f487ab9caad","","checkpoint-group","not-started","","","FALSE","FALSE","Site QA","Floor Finishes","WING C","C.19 BED","Subfloor, Floor Preparation, Adhesive"
"d21f1afb-251f-52a8-9071-753617cbe6df","","checkpoint-status","not-started","","","TRUE","TRUE","Site QA","Floor Finishes","WING C","C.19 BED","Subfloor, Floor Preparation, Adhesive","Confirm area of work is accessible & acceptable to commence (If not comment below)"
"2879938e-e080-5910-8b6b-d22561c00b53","","checkpoint-status","not-started","","","TRUE","TRUE","Site QA","Floor Finishes","WING C","C.19 BED","Subfloor, Floor Preparation, Adhesive","Subfloor mechanically diamond ground"
"e2fffe6b-0fb6-42f2-b412-a362d6dd42dc","","checkpoint-status","not-started","","","TRUE","TRUE","Site QA","Floor Finishes","WING C","C.19 BED","Subfloor, Floor Preparation, Adhesive","Floor preparation product installed in accordance with manufacturer's instructions"
"58b1e54a-61cb-55db-80cd-c3cdd5353c57","","checkpoint-status","not-started","","","TRUE","TRUE","Site QA","Floor Finishes","WING C","C.19 BED","Subfloor, Floor Preparation, Adhesive","Floor transitions installed as per instructions from builder"
"da721de2-d0ec-458c-9557-1b1314141c4a","","checkpoint-status","not-started","","","TRUE","TRUE","Site QA","Floor Finishes","WING C","C.19 BED","Subfloor, Floor Preparation, Adhesive","Waterproof tested for falls, and water test completed by waterproofers"
"d0dd67bf-7705-5318-8e4b-6307acc256a7","","checkpoint-status","not-started","","","TRUE","TRUE","Site QA","Floor Finishes","WING C","C.19 BED","Subfloor, Floor Preparation, Adhesive","Correct adhesive used"
"1d5e8fa6-e9d1-5d53-9c1f-c66fddbd73bc","","checkpoint-group","not-started","","","FALSE","FALSE","Site QA","Floor Finishes","WING C","C.19 BED","Carpet / Vinyl"
"ed076617-6b19-596e-a377-618dd40effd4","","checkpoint-status","not-started","","","TRUE","TRUE","Site QA","Floor Finishes","WING C","C.19 BED","Carpet / Vinyl","Confirm area of work is accessible & acceptable to commence (If not comment below)"
"b444c178-7428-563e-8c4f-3f71ada621eb","","checkpoint-status","not-started","","","TRUE","TRUE","Site QA","Floor Finishes","WING C","C.19 BED","Carpet / Vinyl","Vinyl installed as per plan"
"8fa0d6db-7706-573e-9f32-4949e78c0819","","checkpoint-status","not-started","","","TRUE","TRUE","Site QA","Floor Finishes","WING C","C.19 BED","Carpet / Vinyl","Carpet installed as per plan"
"c1b2c6ce-2224-5a34-ad8c-8f2e818e19c2","","checkpoint-status","not-started","","","TRUE","TRUE","Site QA","Floor Finishes","WING C","C.19 BED","Carpet / Vinyl","Joints sealed with heat welded seams and mitres as per AS 1884-2012"
"96483c23-d3ba-516c-a306-c7bc79ed2c44","","checkpoint-status","not-started","","","TRUE","TRUE","Site QA","Floor Finishes","WING C","C.19 BED","Carpet / Vinyl","Vinyl skirt and coving used as per finishes markup - 150mm height"
"10654d16-8bb4-5afb-a957-57682dae475a","","checkpoint-status","not-started","","","TRUE","TRUE","Site QA","Floor Finishes","WING C","C.19 BED","Carpet / Vinyl","Installer Sign Off: Carpet / Vinyl installed as per manufacturer's instructions"
"4bcdb844-9dfa-55d1-8adb-3f911f881396","","checkpoint-status","not-started","","","TRUE","TRUE","Site QA","Floor Finishes","WING C","C.19 BED","Carpet / Vinyl","Add-Floors Sign Off"
"473317e5-b813-56c3-b49f-83223a6a7441","","checkpoint-status","not-started","","","TRUE","TRUE","Site QA","Floor Finishes","WING C","C.19 BED","Carpet / Vinyl","Foreman installation sign off"
"b0130bf1-ea55-5f99-a32a-85ce59779e16","","checkpoint-group","not-started","","","FALSE","FALSE","Site QA","Floor Finishes","WING C","C.19 BED","Wall Finish"
"62993cdb-7ba1-57e3-9757-66ba886d1b0f","","checkpoint-status","not-started","","","TRUE","TRUE","Site QA","Floor Finishes","WING C","C.19 BED","Wall Finish","Wall Finish installed as per plan"
"90ef3b9b-fc7f-5d0f-be2c-f913b5937eeb","","checkpoint-group","not-started","","","FALSE","FALSE","Site QA","Floor Finishes","WING C","C.19 BED","Protection and Handover"
"4b6e4e46-7981-5254-8967-b824e4e4ae03","","checkpoint-status","not-started","","","TRUE","TRUE","Site QA","Floor Finishes","WING C","C.19 BED","Protection and Handover","Installation complete, checked and reviewed - as per specification"
"eb5ea68e-d637-5540-a6d2-7b38f28362a6","","checkpoint-status","not-started","","","TRUE","TRUE","Site QA","Floor Finishes","WING C","C.19 BED","Protection and Handover","Floor protected with bubbleweave floor protection or polyweave"
"3ebab08d-f8a7-5a3e-a845-ee70580ce2a4","","checkpoint-status","not-started","","","TRUE","TRUE","Site QA","Floor Finishes","WING C","C.19 BED","Protection and Handover","Installer Sign Off: Protection installed as per manufacturer's instructions"
"30480077-fe67-412f-986a-468387fa400a","","checklist-sectioned","not-started","5a8a68d1221a9e608c282940756e19ac2c3c1dd54ffd7888cef6f74664a05c9a","checklist","FALSE","FALSE","Site QA","Floor Finishes","WING C","C.19A ENSUITE"
"48d55e88-1823-5632-8ff8-f4e74554064c","","checkpoint-group","not-started","","","FALSE","FALSE","Site QA","Floor Finishes","WING C","C.19A ENSUITE","Subfloor, Floor Preparation, Adhesive"
"89b5b07f-6bf3-5ec1-a9df-5cb4b9450d4f","","checkpoint-status","not-started","","","TRUE","TRUE","Site QA","Floor Finishes","WING C","C.19A ENSUITE","Subfloor, Floor Preparation, Adhesive","Confirm area of work is accessible & acceptable to commence (If not comment below)"
"ba0e3f3f-4665-5eb7-b23c-3e05ba4ea9fe","","checkpoint-status","not-started","","","TRUE","TRUE","Site QA","Floor Finishes","WING C","C.19A ENSUITE","Subfloor, Floor Preparation, Adhesive","Subfloor mechanically diamond ground"
"cb7bb75d-e247-4f4a-8ed5-c29b666aece1","","checkpoint-status","not-started","","","TRUE","TRUE","Site QA","Floor Finishes","WING C","C.19A ENSUITE","Subfloor, Floor Preparation, Adhesive","Floor preparation product installed in accordance with manufacturer's instructions"
"8c4bae29-07af-5e6e-a244-ed91c7ce01fb","","checkpoint-status","not-started","","","TRUE","TRUE","Site QA","Floor Finishes","WING C","C.19A ENSUITE","Subfloor, Floor Preparation, Adhesive","Floor transitions installed as per instructions from builder"
"639e9daf-02ce-401f-a469-34ea437ac182","","checkpoint-status","not-started","","","TRUE","TRUE","Site QA","Floor Finishes","WING C","C.19A ENSUITE","Subfloor, Floor Preparation, Adhesive","Waterproof tested for falls, and water test completed by waterproofers"
"92c3cc7f-cf13-50b5-9cd4-b1a8dcda3e98","","checkpoint-status","not-started","","","TRUE","TRUE","Site QA","Floor Finishes","WING C","C.19A ENSUITE","Subfloor, Floor Preparation, Adhesive","Correct adhesive used"
"77aa9ac8-bc68-5534-b1c1-6c946dca57e5","","checkpoint-group","not-started","","","FALSE","FALSE","Site QA","Floor Finishes","WING C","C.19A ENSUITE","Carpet / Vinyl"
"33382ab1-8c77-5dc3-bc12-25dcde320856","","checkpoint-status","not-started","","","TRUE","TRUE","Site QA","Floor Finishes","WING C","C.19A ENSUITE","Carpet / Vinyl","Confirm area of work is accessible & acceptable to commence (If not comment below)"
"a28a75e6-b877-5c00-a202-fe9bbcb63c57","","checkpoint-status","not-started","","","TRUE","TRUE","Site QA","Floor Finishes","WING C","C.19A ENSUITE","Carpet / Vinyl","Vinyl installed as per plan"
"9b2a54c4-d110-5674-9e36-1c3e3907b901","","checkpoint-status","not-started","","","TRUE","TRUE","Site QA","Floor Finishes","WING C","C.19A ENSUITE","Carpet / Vinyl","Carpet installed as per plan"
"2d48545f-69f5-5e69-98e6-adc5c6870d46","","checkpoint-status","not-started","","","TRUE","TRUE","Site QA","Floor Finishes","WING C","C.19A ENSUITE","Carpet / Vinyl","Joints sealed with heat welded seams and mitres as per AS 1884-2012"
"c5a62c13-b010-5c2c-99e9-f49be4bca9c9","","checkpoint-status","not-started","","","TRUE","TRUE","Site QA","Floor Finishes","WING C","C.19A ENSUITE","Carpet / Vinyl","Vinyl skirt and coving used as per finishes markup - 150mm height"
"e56edc59-78e0-56e3-9d3e-8fd471a31767","","checkpoint-status","not-started","","","TRUE","TRUE","Site QA","Floor Finishes","WING C","C.19A ENSUITE","Carpet / Vinyl","Installer Sign Off: Carpet / Vinyl installed as per manufacturer's instructions"
"063de2d8-f70b-55ed-ab8d-3cabf0878550","","checkpoint-status","not-started","","","TRUE","TRUE","Site QA","Floor Finishes","WING C","C.19A ENSUITE","Carpet / Vinyl","Add-Floors Sign Off"
"3f320e52-c8c3-5a8a-9705-69840510d5fb","","checkpoint-status","not-started","","","TRUE","TRUE","Site QA","Floor Finishes","WING C","C.19A ENSUITE","Carpet / Vinyl","Foreman installation sign off"
"2cb7c7e6-45b8-58ec-a02f-d911b1513120","","checkpoint-group","not-started","","","FALSE","FALSE","Site QA","Floor Finishes","WING C","C.19A ENSUITE","Wall Finish"
"1da2467e-ea35-566a-999b-bfeeed2ab259","","checkpoint-status","not-started","","","TRUE","TRUE","Site QA","Floor Finishes","WING C","C.19A ENSUITE","Wall Finish","Wall Finish installed as per plan"
"dcb84871-8a02-5a96-8d59-6dca8cd95f87","","checkpoint-group","not-started","","","FALSE","FALSE","Site QA","Floor Finishes","WING C","C.19A ENSUITE","Protection and Handover"
"aa9b56cb-eede-5599-9f61-e16e9424f9c5","","checkpoint-status","not-started","","","TRUE","TRUE","Site QA","Floor Finishes","WING C","C.19A ENSUITE","Protection and Handover","Installation complete, checked and reviewed - as per specification"
"ae0afa3a-53cc-5817-a2fd-2cf2129024b4","","checkpoint-status","not-started","","","TRUE","TRUE","Site QA","Floor Finishes","WING C","C.19A ENSUITE","Protection and Handover","Floor protected with bubbleweave floor protection or polyweave"
"3cca1607-54db-590b-8312-25868cf6a714","","checkpoint-status","not-started","","","TRUE","TRUE","Site QA","Floor Finishes","WING C","C.19A ENSUITE","Protection and Handover","Installer Sign Off: Protection installed as per manufacturer's instructions"
"b836e5d2-49f2-41c2-9b59-1da561cb53b7","","checklist-sectioned","not-started","5a8a68d1221a9e608c282940756e19ac2c3c1dd54ffd7888cef6f74664a05c9a","checklist","FALSE","FALSE","Site QA","Floor Finishes","WING C","C.20 BED"
"fbb64b9d-3913-5b90-a4c8-3603f7f918f5","","checkpoint-group","not-started","","","FALSE","FALSE","Site QA","Floor Finishes","WING C","C.20 BED","Subfloor, Floor Preparation, Adhesive"
"803c326a-02ec-5e6d-8a80-fdac4d4c22b7","","checkpoint-status","not-started","","","TRUE","TRUE","Site QA","Floor Finishes","WING C","C.20 BED","Subfloor, Floor Preparation, Adhesive","Confirm area of work is accessible & acceptable to commence (If not comment below)"
"78df1aa1-908c-57c8-9d7f-9005c1404323","","checkpoint-status","not-started","","","TRUE","TRUE","Site QA","Floor Finishes","WING C","C.20 BED","Subfloor, Floor Preparation, Adhesive","Subfloor mechanically diamond ground"
"2c5f9bd2-d441-4005-b164-8d91e68bb8fe","","checkpoint-status","not-started","","","TRUE","TRUE","Site QA","Floor Finishes","WING C","C.20 BED","Subfloor, Floor Preparation, Adhesive","Floor preparation product installed in accordance with manufacturer's instructions"
"dd9e93a1-9850-5d2b-8aae-60433470b833","","checkpoint-status","not-started","","","TRUE","TRUE","Site QA","Floor Finishes","WING C","C.20 BED","Subfloor, Floor Preparation, Adhesive","Floor transitions installed as per instructions from builder"
"eaabd140-6f3b-4159-9085-f11370761f85","","checkpoint-status","not-started","","","TRUE","TRUE","Site QA","Floor Finishes","WING C","C.20 BED","Subfloor, Floor Preparation, Adhesive","Waterproof tested for falls, and water test completed by waterproofers"
"0f0c2936-c384-53d1-a346-5ff9a07d567d","","checkpoint-status","not-started","","","TRUE","TRUE","Site QA","Floor Finishes","WING C","C.20 BED","Subfloor, Floor Preparation, Adhesive","Correct adhesive used"
"620bfd4c-9216-522d-8a33-71c7d839b119","","checkpoint-group","not-started","","","FALSE","FALSE","Site QA","Floor Finishes","WING C","C.20 BED","Carpet / Vinyl"
"9b236a1e-6626-5236-919b-e8aea347324e","","checkpoint-status","not-started","","","TRUE","TRUE","Site QA","Floor Finishes","WING C","C.20 BED","Carpet / Vinyl","Confirm area of work is accessible & acceptable to commence (If not comment below)"
"39c985d7-3dfe-5acb-b8b6-79bb6f90996e","","checkpoint-status","not-started","","","TRUE","TRUE","Site QA","Floor Finishes","WING C","C.20 BED","Carpet / Vinyl","Vinyl installed as per plan"
"020aea82-3ee2-5300-924f-474c77c06dad","","checkpoint-status","not-started","","","TRUE","TRUE","Site QA","Floor Finishes","WING C","C.20 BED","Carpet / Vinyl","Carpet installed as per plan"
"b4fd122a-7f72-5fd4-a5fb-ff38561654b6","","checkpoint-status","not-started","","","TRUE","TRUE","Site QA","Floor Finishes","WING C","C.20 BED","Carpet / Vinyl","Joints sealed with heat welded seams and mitres as per AS 1884-2012"
"a1124773-15b2-5932-9b77-38ca90c0a4e7","","checkpoint-status","not-started","","","TRUE","TRUE","Site QA","Floor Finishes","WING C","C.20 BED","Carpet / Vinyl","Vinyl skirt and coving used as per finishes markup - 150mm height"
"4ab54e7a-1b75-5fec-ad49-de723b584e17","","checkpoint-status","not-started","","","TRUE","TRUE","Site QA","Floor Finishes","WING C","C.20 BED","Carpet / Vinyl","Installer Sign Off: Carpet / Vinyl installed as per manufacturer's instructions"
"f0a364e8-fdf9-5cc0-bd7d-d64fa539de71","","checkpoint-status","not-started","","","TRUE","TRUE","Site QA","Floor Finishes","WING C","C.20 BED","Carpet / Vinyl","Add-Floors Sign Off"
"ca47f5c8-a8d3-5029-8d52-dbdd07a5fc0b","","checkpoint-status","not-started","","","TRUE","TRUE","Site QA","Floor Finishes","WING C","C.20 BED","Carpet / Vinyl","Foreman installation sign off"
"87757c58-0f37-5998-ba90-ffc6badd41c9","","checkpoint-group","not-started","","","FALSE","FALSE","Site QA","Floor Finishes","WING C","C.20 BED","Wall Finish"
"686de306-ff1e-55ce-90cc-6a1a32cc0dcd","","checkpoint-status","not-started","","","TRUE","TRUE","Site QA","Floor Finishes","WING C","C.20 BED","Wall Finish","Wall Finish installed as per plan"
"3528f64f-19f9-52ee-8609-acad81585bd3","","checkpoint-group","not-started","","","FALSE","FALSE","Site QA","Floor Finishes","WING C","C.20 BED","Protection and Handover"
"0d5eda62-4fbf-57de-8985-bdab5e7571c6","","checkpoint-status","not-started","","","TRUE","TRUE","Site QA","Floor Finishes","WING C","C.20 BED","Protection and Handover","Installation complete, checked and reviewed - as per specification"
"e518b7fc-cc89-5384-b22c-75eb1bbde805","","checkpoint-status","not-started","","","TRUE","TRUE","Site QA","Floor Finishes","WING C","C.20 BED","Protection and Handover","Floor protected with bubbleweave floor protection or polyweave"
"20e99cd8-6a14-50a1-a5dc-69ecc34fe4ea","","checkpoint-status","not-started","","","TRUE","TRUE","Site QA","Floor Finishes","WING C","C.20 BED","Protection and Handover","Installer Sign Off: Protection installed as per manufacturer's instructions"
"4feaaef2-53e7-47b0-8a28-089a46393f3b","","checklist-sectioned","not-started","5a8a68d1221a9e608c282940756e19ac2c3c1dd54ffd7888cef6f74664a05c9a","checklist","FALSE","FALSE","Site QA","Floor Finishes","WING C","C.20A ENSUITE"
"d6c741f8-9fc6-5988-bc02-1dc1e10b3782","","checkpoint-group","not-started","","","FALSE","FALSE","Site QA","Floor Finishes","WING C","C.20A ENSUITE","Subfloor, Floor Preparation, Adhesive"
"73386319-4764-507d-b785-178b1af17982","","checkpoint-status","not-started","","","TRUE","TRUE","Site QA","Floor Finishes","WING C","C.20A ENSUITE","Subfloor, Floor Preparation, Adhesive","Confirm area of work is accessible & acceptable to commence (If not comment below)"
"332dad31-7fa5-5a22-978a-245101158138","","checkpoint-status","not-started","","","TRUE","TRUE","Site QA","Floor Finishes","WING C","C.20A ENSUITE","Subfloor, Floor Preparation, Adhesive","Subfloor mechanically diamond ground"
"115eb25c-a16e-44f8-9e01-1a6b4d5eb68d","","checkpoint-status","not-started","","","TRUE","TRUE","Site QA","Floor Finishes","WING C","C.20A ENSUITE","Subfloor, Floor Preparation, Adhesive","Floor preparation product installed in accordance with manufacturer's instructions"
"c21480cd-613a-5739-a2d0-634ae1b0a664","","checkpoint-status","not-started","","","TRUE","TRUE","Site QA","Floor Finishes","WING C","C.20A ENSUITE","Subfloor, Floor Preparation, Adhesive","Floor transitions installed as per instructions from builder"
"f6c50e7a-d9a2-462a-8fad-70315a84f8fe","","checkpoint-status","not-started","","","TRUE","TRUE","Site QA","Floor Finishes","WING C","C.20A ENSUITE","Subfloor, Floor Preparation, Adhesive","Waterproof tested for falls, and water test completed by waterproofers"
"9bce468a-1ac7-5c1b-97de-acbaeaebbead","","checkpoint-status","not-started","","","TRUE","TRUE","Site QA","Floor Finishes","WING C","C.20A ENSUITE","Subfloor, Floor Preparation, Adhesive","Correct adhesive used"
"4c4d62cc-cf73-5c37-a26a-c53b83091959","","checkpoint-group","not-started","","","FALSE","FALSE","Site QA","Floor Finishes","WING C","C.20A ENSUITE","Carpet / Vinyl"
"848d738b-7a01-575e-931c-b28ad688d8d9","","checkpoint-status","not-started","","","TRUE","TRUE","Site QA","Floor Finishes","WING C","C.20A ENSUITE","Carpet / Vinyl","Confirm area of work is accessible & acceptable to commence (If not comment below)"
"b548e300-ad70-57d9-ae1d-4d7ec097ec69","","checkpoint-status","not-started","","","TRUE","TRUE","Site QA","Floor Finishes","WING C","C.20A ENSUITE","Carpet / Vinyl","Vinyl installed as per plan"
"af589225-56bd-585c-b953-0bfd1b3933db","","checkpoint-status","not-started","","","TRUE","TRUE","Site QA","Floor Finishes","WING C","C.20A ENSUITE","Carpet / Vinyl","Carpet installed as per plan"
"2c33d93d-5a9a-5203-86ad-a98e1093c0ae","","checkpoint-status","not-started","","","TRUE","TRUE","Site QA","Floor Finishes","WING C","C.20A ENSUITE","Carpet / Vinyl","Joints sealed with heat welded seams and mitres as per AS 1884-2012"
"b8ef074c-212c-5124-a14f-fb63dfe9901b","","checkpoint-status","not-started","","","TRUE","TRUE","Site QA","Floor Finishes","WING C","C.20A ENSUITE","Carpet / Vinyl","Vinyl skirt and coving used as per finishes markup - 150mm height"
"523bf3c6-8b69-5003-97ea-8e35848d1475","","checkpoint-status","not-started","","","TRUE","TRUE","Site QA","Floor Finishes","WING C","C.20A ENSUITE","Carpet / Vinyl","Installer Sign Off: Carpet / Vinyl installed as per manufacturer's instructions"
"ecb45ab5-5e19-54bc-9f71-f3a96979e0d9","","checkpoint-status","not-started","","","TRUE","TRUE","Site QA","Floor Finishes","WING C","C.20A ENSUITE","Carpet / Vinyl","Add-Floors Sign Off"
"ddf0dedb-fee9-5182-acb8-fdf5b7becd08","","checkpoint-status","not-started","","","TRUE","TRUE","Site QA","Floor Finishes","WING C","C.20A ENSUITE","Carpet / Vinyl","Foreman installation sign off"
"9f27f327-ddcd-535c-adcf-1cf0c249d53d","","checkpoint-group","not-started","","","FALSE","FALSE","Site QA","Floor Finishes","WING C","C.20A ENSUITE","Wall Finish"
"02398592-0c69-5e1c-9363-9ef746a38920","","checkpoint-status","not-started","","","TRUE","TRUE","Site QA","Floor Finishes","WING C","C.20A ENSUITE","Wall Finish","Wall Finish installed as per plan"
"6606e645-c558-5293-8966-a3678db66b4b","","checkpoint-group","not-started","","","FALSE","FALSE","Site QA","Floor Finishes","WING C","C.20A ENSUITE","Protection and Handover"
"a2750982-32e8-5d94-886a-036984c52411","","checkpoint-status","not-started","","","TRUE","TRUE","Site QA","Floor Finishes","WING C","C.20A ENSUITE","Protection and Handover","Installation complete, checked and reviewed - as per specification"
"d6f9f9b4-a314-5730-871a-031b5b7343a1","","checkpoint-status","not-started","","","TRUE","TRUE","Site QA","Floor Finishes","WING C","C.20A ENSUITE","Protection and Handover","Floor protected with bubbleweave floor protection or polyweave"
"3c1bae2b-865d-57df-86eb-e0c7dfa00984","","checkpoint-status","not-started","","","TRUE","TRUE","Site QA","Floor Finishes","WING C","C.20A ENSUITE","Protection and Handover","Installer Sign Off: Protection installed as per manufacturer's instructions"
"f3bb9d4b-9ddf-4962-b2cd-6da75a7d3e50","","checklist-sectioned","not-started","5a8a68d1221a9e608c282940756e19ac2c3c1dd54ffd7888cef6f74664a05c9a","checklist","FALSE","FALSE","Site QA","Floor Finishes","WING C","C.21A ENSUITE"
"6fc52d3e-625d-51ff-8c17-46c3b2b91fa8","","checkpoint-group","not-started","","","FALSE","FALSE","Site QA","Floor Finishes","WING C","C.21A ENSUITE","Subfloor, Floor Preparation, Adhesive"
"202c02fe-0142-5ab1-8976-71f938e6bca6","","checkpoint-status","not-started","","","TRUE","TRUE","Site QA","Floor Finishes","WING C","C.21A ENSUITE","Subfloor, Floor Preparation, Adhesive","Confirm area of work is accessible & acceptable to commence (If not comment below)"
"79cfb060-ec4c-596a-9ceb-bfd0ce4b0597","","checkpoint-status","not-started","","","TRUE","TRUE","Site QA","Floor Finishes","WING C","C.21A ENSUITE","Subfloor, Floor Preparation, Adhesive","Subfloor mechanically diamond ground"
"4d461392-ffff-40f9-adda-ac3b4da2f749","","checkpoint-status","not-started","","","TRUE","TRUE","Site QA","Floor Finishes","WING C","C.21A ENSUITE","Subfloor, Floor Preparation, Adhesive","Floor preparation product installed in accordance with manufacturer's instructions"
"d50b82b1-d53d-5889-8db6-031cea6da514","","checkpoint-status","not-started","","","TRUE","TRUE","Site QA","Floor Finishes","WING C","C.21A ENSUITE","Subfloor, Floor Preparation, Adhesive","Floor transitions installed as per instructions from builder"
"aef39977-d435-4e27-9b8f-fb209064f431","","checkpoint-status","not-started","","","TRUE","TRUE","Site QA","Floor Finishes","WING C","C.21A ENSUITE","Subfloor, Floor Preparation, Adhesive","Waterproof tested for falls, and water test completed by waterproofers"
"b651bc8b-b4dd-51b6-b1c4-ff0875ac845c","","checkpoint-status","not-started","","","TRUE","TRUE","Site QA","Floor Finishes","WING C","C.21A ENSUITE","Subfloor, Floor Preparation, Adhesive","Correct adhesive used"
"e30350d5-a6a5-5ad6-a18e-a6b59ee0c5bc","","checkpoint-group","not-started","","","FALSE","FALSE","Site QA","Floor Finishes","WING C","C.21A ENSUITE","Carpet / Vinyl"
"bbbae397-5e6d-5f81-ace9-5e7ada5c00c4","","checkpoint-status","not-started","","","TRUE","TRUE","Site QA","Floor Finishes","WING C","C.21A ENSUITE","Carpet / Vinyl","Confirm area of work is accessible & acceptable to commence (If not comment below)"
"e22536a8-864b-50b6-b38c-91f47cbd7c71","","checkpoint-status","not-started","","","TRUE","TRUE","Site QA","Floor Finishes","WING C","C.21A ENSUITE","Carpet / Vinyl","Vinyl installed as per plan"
"ef6478ca-3165-5447-a9c4-276092721c51","","checkpoint-status","not-started","","","TRUE","TRUE","Site QA","Floor Finishes","WING C","C.21A ENSUITE","Carpet / Vinyl","Carpet installed as per plan"
"2b4d5641-6c82-5891-bc3f-dfa698dfb65e","","checkpoint-status","not-started","","","TRUE","TRUE","Site QA","Floor Finishes","WING C","C.21A ENSUITE","Carpet / Vinyl","Joints sealed with heat welded seams and mitres as per AS 1884-2012"
"baba0a4f-39a8-5704-9e1a-ddda9e982f17","","checkpoint-status","not-started","","","TRUE","TRUE","Site QA","Floor Finishes","WING C","C.21A ENSUITE","Carpet / Vinyl","Vinyl skirt and coving used as per finishes markup - 150mm height"
"25c6b2f9-16cb-51c9-b645-27ddf1c541a0","","checkpoint-status","not-started","","","TRUE","TRUE","Site QA","Floor Finishes","WING C","C.21A ENSUITE","Carpet / Vinyl","Installer Sign Off: Carpet / Vinyl installed as per manufacturer's instructions"
"9f338a2d-90a2-55e4-b9b2-1d3d5e81c0f1","","checkpoint-status","not-started","","","TRUE","TRUE","Site QA","Floor Finishes","WING C","C.21A ENSUITE","Carpet / Vinyl","Add-Floors Sign Off"
"7f9f6c11-5f28-5b4f-9ba2-2b4801d3eed7","","checkpoint-status","not-started","","","TRUE","TRUE","Site QA","Floor Finishes","WING C","C.21A ENSUITE","Carpet / Vinyl","Foreman installation sign off"
"56d57474-f64d-5c3f-add9-2342b1d6b919","","checkpoint-group","not-started","","","FALSE","FALSE","Site QA","Floor Finishes","WING C","C.21A ENSUITE","Wall Finish"
"d816afef-e5a9-5c80-97ef-f985ff297c11","","checkpoint-status","not-started","","","TRUE","TRUE","Site QA","Floor Finishes","WING C","C.21A ENSUITE","Wall Finish","Wall Finish installed as per plan"
"12844c90-1be7-5024-9a56-c80f9b75809a","","checkpoint-group","not-started","","","FALSE","FALSE","Site QA","Floor Finishes","WING C","C.21A ENSUITE","Protection and Handover"
"888e9420-ff38-5f34-ae6f-634e420f4051","","checkpoint-status","not-started","","","TRUE","TRUE","Site QA","Floor Finishes","WING C","C.21A ENSUITE","Protection and Handover","Installation complete, checked and reviewed - as per specification"
"9d46406b-2b3f-5d4d-b857-1481f6748b9f","","checkpoint-status","not-started","","","TRUE","TRUE","Site QA","Floor Finishes","WING C","C.21A ENSUITE","Protection and Handover","Floor protected with bubbleweave floor protection or polyweave"
"05b5c3d3-db0c-5c44-a314-d4cd8641b3e9","","checkpoint-status","not-started","","","TRUE","TRUE","Site QA","Floor Finishes","WING C","C.21A ENSUITE","Protection and Handover","Installer Sign Off: Protection installed as per manufacturer's instructions"
"d2339a27-39e9-4929-a871-7015aacca047","","checklist-sectioned","not-started","5a8a68d1221a9e608c282940756e19ac2c3c1dd54ffd7888cef6f74664a05c9a","checklist","FALSE","FALSE","Site QA","Floor Finishes","WING C","C.22 BED"
"0fdab404-4e26-5e44-b589-b4050a47164a","","checkpoint-group","not-started","","","FALSE","FALSE","Site QA","Floor Finishes","WING C","C.22 BED","Subfloor, Floor Preparation, Adhesive"
"2fae9e8f-f334-5261-905e-d5176224b92f","","checkpoint-status","not-started","","","TRUE","TRUE","Site QA","Floor Finishes","WING C","C.22 BED","Subfloor, Floor Preparation, Adhesive","Confirm area of work is accessible & acceptable to commence (If not comment below)"
"ed233315-5efe-5951-b559-8c98623ea60f","","checkpoint-status","not-started","","","TRUE","TRUE","Site QA","Floor Finishes","WING C","C.22 BED","Subfloor, Floor Preparation, Adhesive","Subfloor mechanically diamond ground"
"a2bb0d3c-0d9c-4d43-b088-99823274d54b","","checkpoint-status","not-started","","","TRUE","TRUE","Site QA","Floor Finishes","WING C","C.22 BED","Subfloor, Floor Preparation, Adhesive","Floor preparation product installed in accordance with manufacturer's instructions"
"a0f832ed-e8f0-557e-bb85-bc8bf2c44499","","checkpoint-status","not-started","","","TRUE","TRUE","Site QA","Floor Finishes","WING C","C.22 BED","Subfloor, Floor Preparation, Adhesive","Floor transitions installed as per instructions from builder"
"f75d0d61-bca4-4863-afbc-3370f13fd948","","checkpoint-status","not-started","","","TRUE","TRUE","Site QA","Floor Finishes","WING C","C.22 BED","Subfloor, Floor Preparation, Adhesive","Waterproof tested for falls, and water test completed by waterproofers"
"a0bab99d-c471-5fd0-9706-fb895a80515c","","checkpoint-status","not-started","","","TRUE","TRUE","Site QA","Floor Finishes","WING C","C.22 BED","Subfloor, Floor Preparation, Adhesive","Correct adhesive used"
"53c181e8-1a6f-5bda-81a3-fd4ba6bd20ff","","checkpoint-group","not-started","","","FALSE","FALSE","Site QA","Floor Finishes","WING C","C.22 BED","Carpet / Vinyl"
"9959ab5a-fff3-5d6e-93de-66a2ab6b09c5","","checkpoint-status","not-started","","","TRUE","TRUE","Site QA","Floor Finishes","WING C","C.22 BED","Carpet / Vinyl","Confirm area of work is accessible & acceptable to commence (If not comment below)"
"8a80ebbc-61e5-56c8-894e-a45550267a8e","","checkpoint-status","not-started","","","TRUE","TRUE","Site QA","Floor Finishes","WING C","C.22 BED","Carpet / Vinyl","Vinyl installed as per plan"
"4a1eb33b-46bc-5683-adde-7110f4491207","","checkpoint-status","not-started","","","TRUE","TRUE","Site QA","Floor Finishes","WING C","C.22 BED","Carpet / Vinyl","Carpet installed as per plan"
"1e7587e0-454e-5bc0-8425-5cd1a7ce7a1f","","checkpoint-status","not-started","","","TRUE","TRUE","Site QA","Floor Finishes","WING C","C.22 BED","Carpet / Vinyl","Joints sealed with heat welded seams and mitres as per AS 1884-2012"
"d80f8bf5-70e3-5264-8b1a-a2c87ac3891f","","checkpoint-status","not-started","","","TRUE","TRUE","Site QA","Floor Finishes","WING C","C.22 BED","Carpet / Vinyl","Vinyl skirt and coving used as per finishes markup - 150mm height"
"ed21a1b3-391c-5cc8-aaee-4b3479258c4c","","checkpoint-status","not-started","","","TRUE","TRUE","Site QA","Floor Finishes","WING C","C.22 BED","Carpet / Vinyl","Installer Sign Off: Carpet / Vinyl installed as per manufacturer's instructions"
"795b3e5b-33d9-5f4a-b04e-484f9551760f","","checkpoint-status","not-started","","","TRUE","TRUE","Site QA","Floor Finishes","WING C","C.22 BED","Carpet / Vinyl","Add-Floors Sign Off"
"a374efe2-1b8b-51b1-ab68-32b5576d35db","","checkpoint-status","not-started","","","TRUE","TRUE","Site QA","Floor Finishes","WING C","C.22 BED","Carpet / Vinyl","Foreman installation sign off"
"83e3c258-6649-5ba2-ac30-251021105a6a","","checkpoint-group","not-started","","","FALSE","FALSE","Site QA","Floor Finishes","WING C","C.22 BED","Wall Finish"
"c4250ae7-568a-569d-9748-56b9400e9832","","checkpoint-status","not-started","","","TRUE","TRUE","Site QA","Floor Finishes","WING C","C.22 BED","Wall Finish","Wall Finish installed as per plan"
"af449a91-4415-5ab0-b615-cdbc790b8ca2","","checkpoint-group","not-started","","","FALSE","FALSE","Site QA","Floor Finishes","WING C","C.22 BED","Protection and Handover"
"bc9114c7-a5df-5e13-82bb-55a4eaf8b273","","checkpoint-status","not-started","","","TRUE","TRUE","Site QA","Floor Finishes","WING C","C.22 BED","Protection and Handover","Installation complete, checked and reviewed - as per specification"
"25d18fa4-0fdf-53ae-92e8-7863f7f32cdc","","checkpoint-status","not-started","","","TRUE","TRUE","Site QA","Floor Finishes","WING C","C.22 BED","Protection and Handover","Floor protected with bubbleweave floor protection or polyweave"
"dd342fc7-bcf1-5754-9f7a-f85e30e1a70c","","checkpoint-status","not-started","","","TRUE","TRUE","Site QA","Floor Finishes","WING C","C.22 BED","Protection and Handover","Installer Sign Off: Protection installed as per manufacturer's instructions"
"7f22fcb5-272d-410b-b040-cb6c61e4f5b0","","checklist-sectioned","not-started","5a8a68d1221a9e608c282940756e19ac2c3c1dd54ffd7888cef6f74664a05c9a","checklist","FALSE","FALSE","Site QA","Floor Finishes","WING C","C.22A ENSUITE"
"4a3b14f2-d61b-5928-be43-a130b29fe355","","checkpoint-group","not-started","","","FALSE","FALSE","Site QA","Floor Finishes","WING C","C.22A ENSUITE","Subfloor, Floor Preparation, Adhesive"
"064fce1d-0fcd-57f8-b7df-579c940ddbab","","checkpoint-status","not-started","","","TRUE","TRUE","Site QA","Floor Finishes","WING C","C.22A ENSUITE","Subfloor, Floor Preparation, Adhesive","Confirm area of work is accessible & acceptable to commence (If not comment below)"
"36001414-8066-53f2-8e8d-d2f3484c607d","","checkpoint-status","not-started","","","TRUE","TRUE","Site QA","Floor Finishes","WING C","C.22A ENSUITE","Subfloor, Floor Preparation, Adhesive","Subfloor mechanically diamond ground"
"fbdc9bfb-925d-463d-9659-d33a453f39d2","","checkpoint-status","not-started","","","TRUE","TRUE","Site QA","Floor Finishes","WING C","C.22A ENSUITE","Subfloor, Floor Preparation, Adhesive","Floor preparation product installed in accordance with manufacturer's instructions"
"3d3716ab-6902-55fd-b91d-458024223b91","","checkpoint-status","not-started","","","TRUE","TRUE","Site QA","Floor Finishes","WING C","C.22A ENSUITE","Subfloor, Floor Preparation, Adhesive","Floor transitions installed as per instructions from builder"
"ac2acac2-cea1-45da-b26a-014f3719660a","","checkpoint-status","not-started","","","TRUE","TRUE","Site QA","Floor Finishes","WING C","C.22A ENSUITE","Subfloor, Floor Preparation, Adhesive","Waterproof tested for falls, and water test completed by waterproofers"
"3841280d-7c9c-5a25-92ac-0ef844857b06","","checkpoint-status","not-started","","","TRUE","TRUE","Site QA","Floor Finishes","WING C","C.22A ENSUITE","Subfloor, Floor Preparation, Adhesive","Correct adhesive used"
"8f95c149-53e7-58e1-b648-aba2cabcf4c9","","checkpoint-group","not-started","","","FALSE","FALSE","Site QA","Floor Finishes","WING C","C.22A ENSUITE","Carpet / Vinyl"
"323b23c0-656d-5907-a17a-8e9f40c5cd90","","checkpoint-status","not-started","","","TRUE","TRUE","Site QA","Floor Finishes","WING C","C.22A ENSUITE","Carpet / Vinyl","Confirm area of work is accessible & acceptable to commence (If not comment below)"
"84e92dbb-c5cb-5f23-966f-c823d124cbb6","","checkpoint-status","not-started","","","TRUE","TRUE","Site QA","Floor Finishes","WING C","C.22A ENSUITE","Carpet / Vinyl","Vinyl installed as per plan"
"9be8b0be-b9ee-5ead-8e60-00f8e49bea0b","","checkpoint-status","not-started","","","TRUE","TRUE","Site QA","Floor Finishes","WING C","C.22A ENSUITE","Carpet / Vinyl","Carpet installed as per plan"
"c8675e95-d10d-5dda-8671-4dcd638aca2a","","checkpoint-status","not-started","","","TRUE","TRUE","Site QA","Floor Finishes","WING C","C.22A ENSUITE","Carpet / Vinyl","Joints sealed with heat welded seams and mitres as per AS 1884-2012"
"da7539f5-666a-5585-bfc0-b3f6c4e0a419","","checkpoint-status","not-started","","","TRUE","TRUE","Site QA","Floor Finishes","WING C","C.22A ENSUITE","Carpet / Vinyl","Vinyl skirt and coving used as per finishes markup - 150mm height"
"ad7a9fd1-8f61-5ace-81e1-bc8a110aaf40","","checkpoint-status","not-started","","","TRUE","TRUE","Site QA","Floor Finishes","WING C","C.22A ENSUITE","Carpet / Vinyl","Installer Sign Off: Carpet / Vinyl installed as per manufacturer's instructions"
"3e638593-c506-5503-a0e3-3822ce0338fd","","checkpoint-status","not-started","","","TRUE","TRUE","Site QA","Floor Finishes","WING C","C.22A ENSUITE","Carpet / Vinyl","Add-Floors Sign Off"
"e0552cc5-8a48-584d-80e4-527f3455e611","","checkpoint-status","not-started","","","TRUE","TRUE","Site QA","Floor Finishes","WING C","C.22A ENSUITE","Carpet / Vinyl","Foreman installation sign off"
"0da71b41-7c5c-570e-820f-ec72e3f1d378","","checkpoint-group","not-started","","","FALSE","FALSE","Site QA","Floor Finishes","WING C","C.22A ENSUITE","Wall Finish"
"475438b0-3dff-5cb3-9a4c-157f95155978","","checkpoint-status","not-started","","","TRUE","TRUE","Site QA","Floor Finishes","WING C","C.22A ENSUITE","Wall Finish","Wall Finish installed as per plan"
"bee0b600-3874-5045-9486-c44d3aad4949","","checkpoint-group","not-started","","","FALSE","FALSE","Site QA","Floor Finishes","WING C","C.22A ENSUITE","Protection and Handover"
"86fe4287-3d34-5879-aef3-611dcddda457","","checkpoint-status","not-started","","","TRUE","TRUE","Site QA","Floor Finishes","WING C","C.22A ENSUITE","Protection and Handover","Installation complete, checked and reviewed - as per specification"
"47a0238a-85e8-5655-869c-2a3dde9c1d03","","checkpoint-status","not-started","","","TRUE","TRUE","Site QA","Floor Finishes","WING C","C.22A ENSUITE","Protection and Handover","Floor protected with bubbleweave floor protection or polyweave"
"a7f18912-cfdc-56be-b964-42d3ce61f488","","checkpoint-status","not-started","","","TRUE","TRUE","Site QA","Floor Finishes","WING C","C.22A ENSUITE","Protection and Handover","Installer Sign Off: Protection installed as per manufacturer's instructions"
"73e06f3d-b0ef-4111-8293-89780d3077c4","","checklist-sectioned","not-started","5a8a68d1221a9e608c282940756e19ac2c3c1dd54ffd7888cef6f74664a05c9a","checklist","FALSE","FALSE","Site QA","Floor Finishes","WING C","C.23 CORRIDOR, LOUNGE"
"cce1e2bd-370f-506e-b699-4f10cb856bdd","","checkpoint-group","not-started","","","FALSE","FALSE","Site QA","Floor Finishes","WING C","C.23 CORRIDOR, LOUNGE","Subfloor, Floor Preparation, Adhesive"
"07347bbf-04c2-56b3-b34f-ab435707c036","","checkpoint-status","not-started","","","TRUE","TRUE","Site QA","Floor Finishes","WING C","C.23 CORRIDOR, LOUNGE","Subfloor, Floor Preparation, Adhesive","Confirm area of work is accessible & acceptable to commence (If not comment below)"
"847b6fd8-a6ec-5d87-9f1d-6eeb1346cad0","","checkpoint-status","not-started","","","TRUE","TRUE","Site QA","Floor Finishes","WING C","C.23 CORRIDOR, LOUNGE","Subfloor, Floor Preparation, Adhesive","Subfloor mechanically diamond ground"
"c4f46a84-59b3-4878-8929-d125ecf9137e","","checkpoint-status","not-started","","","TRUE","TRUE","Site QA","Floor Finishes","WING C","C.23 CORRIDOR, LOUNGE","Subfloor, Floor Preparation, Adhesive","Floor preparation product installed in accordance with manufacturer's instructions"
"f368578e-1e97-5d52-b532-3b84dcc263e5","","checkpoint-status","not-started","","","TRUE","TRUE","Site QA","Floor Finishes","WING C","C.23 CORRIDOR, LOUNGE","Subfloor, Floor Preparation, Adhesive","Floor transitions installed as per instructions from builder"
"55583889-7c38-4a12-adb8-e2fc086d9258","","checkpoint-status","not-started","","","TRUE","TRUE","Site QA","Floor Finishes","WING C","C.23 CORRIDOR, LOUNGE","Subfloor, Floor Preparation, Adhesive","Waterproof tested for falls, and water test completed by waterproofers"
"31b9786e-95a2-5ff5-8d6e-8484a31c6e0a","","checkpoint-status","not-started","","","TRUE","TRUE","Site QA","Floor Finishes","WING C","C.23 CORRIDOR, LOUNGE","Subfloor, Floor Preparation, Adhesive","Correct adhesive used"
"7eb7aae4-153b-5ff5-b988-bcf7da352ce6","","checkpoint-group","not-started","","","FALSE","FALSE","Site QA","Floor Finishes","WING C","C.23 CORRIDOR, LOUNGE","Carpet / Vinyl"
"3a1f3050-6c9b-545a-bcba-056119286544","","checkpoint-status","not-started","","","TRUE","TRUE","Site QA","Floor Finishes","WING C","C.23 CORRIDOR, LOUNGE","Carpet / Vinyl","Confirm area of work is accessible & acceptable to commence (If not comment below)"
"1fb49650-2f5a-5841-aa87-dab84b712575","","checkpoint-status","not-started","","","TRUE","TRUE","Site QA","Floor Finishes","WING C","C.23 CORRIDOR, LOUNGE","Carpet / Vinyl","Vinyl installed as per plan"
"4c681e76-5570-5e88-9783-0c12f0c794d7","","checkpoint-status","not-started","","","TRUE","TRUE","Site QA","Floor Finishes","WING C","C.23 CORRIDOR, LOUNGE","Carpet / Vinyl","Carpet installed as per plan"
"000bfc23-b1ad-5b80-a4e1-5cbc9d1b82a6","","checkpoint-status","not-started","","","TRUE","TRUE","Site QA","Floor Finishes","WING C","C.23 CORRIDOR, LOUNGE","Carpet / Vinyl","Joints sealed with heat welded seams and mitres as per AS 1884-2012"
"028fc675-3fdc-5d88-abb2-23730f8e746d","","checkpoint-status","not-started","","","TRUE","TRUE","Site QA","Floor Finishes","WING C","C.23 CORRIDOR, LOUNGE","Carpet / Vinyl","Vinyl skirt and coving used as per finishes markup - 150mm height"
"5ae238c6-5ca4-5968-a890-46154693eb82","","checkpoint-status","not-started","","","TRUE","TRUE","Site QA","Floor Finishes","WING C","C.23 CORRIDOR, LOUNGE","Carpet / Vinyl","Installer Sign Off: Carpet / Vinyl installed as per manufacturer's instructions"
"3cae00bd-e104-53fd-b745-059529577ee4","","checkpoint-status","not-started","","","TRUE","TRUE","Site QA","Floor Finishes","WING C","C.23 CORRIDOR, LOUNGE","Carpet / Vinyl","Add-Floors Sign Off"
"9825de43-4419-55a7-8e64-e367a35f9385","","checkpoint-status","not-started","","","TRUE","TRUE","Site QA","Floor Finishes","WING C","C.23 CORRIDOR, LOUNGE","Carpet / Vinyl","Foreman installation sign off"
"a979517d-c4af-5ed3-b461-6ddfabaa8ef9","","checkpoint-group","not-started","","","FALSE","FALSE","Site QA","Floor Finishes","WING C","C.23 CORRIDOR, LOUNGE","Wall Finish"
"1b3fb63e-bb5a-58bf-949e-e897f6c368e9","","checkpoint-status","not-started","","","TRUE","TRUE","Site QA","Floor Finishes","WING C","C.23 CORRIDOR, LOUNGE","Wall Finish","Wall Finish installed as per plan"
"ef241449-7acf-5728-a450-7ac4810abeb4","","checkpoint-group","not-started","","","FALSE","FALSE","Site QA","Floor Finishes","WING C","C.23 CORRIDOR, LOUNGE","Protection and Handover"
"4bdd8c35-bdab-5a50-8f48-137e08fc794a","","checkpoint-status","not-started","","","TRUE","TRUE","Site QA","Floor Finishes","WING C","C.23 CORRIDOR, LOUNGE","Protection and Handover","Installation complete, checked and reviewed - as per specification"
"99a8ac6d-4c9e-50f6-8b24-94c446ca06a0","","checkpoint-status","not-started","","","TRUE","TRUE","Site QA","Floor Finishes","WING C","C.23 CORRIDOR, LOUNGE","Protection and Handover","Floor protected with bubbleweave floor protection or polyweave"
"fad99aad-fc81-53c5-9632-b1b7627070f2","","checkpoint-status","not-started","","","TRUE","TRUE","Site QA","Floor Finishes","WING C","C.23 CORRIDOR, LOUNGE","Protection and Handover","Installer Sign Off: Protection installed as per manufacturer's instructions"
"bc4d48e8-2dc9-473e-939c-2852cffdcbdc","","checklist-sectioned","not-started","5a8a68d1221a9e608c282940756e19ac2c3c1dd54ffd7888cef6f74664a05c9a","checklist","FALSE","FALSE","Site QA","Floor Finishes","WING C","C.24 STORE"
"23fa68c4-8489-592d-8f3c-440b0817ef1b","","checkpoint-group","not-started","","","FALSE","FALSE","Site QA","Floor Finishes","WING C","C.24 STORE","Subfloor, Floor Preparation, Adhesive"
"52795a97-0d40-50c5-b568-a190fbf81ea2","","checkpoint-status","not-started","","","TRUE","TRUE","Site QA","Floor Finishes","WING C","C.24 STORE","Subfloor, Floor Preparation, Adhesive","Confirm area of work is accessible & acceptable to commence (If not comment below)"
"e312dda8-b073-56a8-a271-7dc2e16fed86","","checkpoint-status","not-started","","","TRUE","TRUE","Site QA","Floor Finishes","WING C","C.24 STORE","Subfloor, Floor Preparation, Adhesive","Subfloor mechanically diamond ground"
"433ab2c0-146b-4ee6-a20a-ca9518f50db2","","checkpoint-status","not-started","","","TRUE","TRUE","Site QA","Floor Finishes","WING C","C.24 STORE","Subfloor, Floor Preparation, Adhesive","Floor preparation product installed in accordance with manufacturer's instructions"
"a4eda5d0-4254-5afd-b30d-2eb299c4c422","","checkpoint-status","not-started","","","TRUE","TRUE","Site QA","Floor Finishes","WING C","C.24 STORE","Subfloor, Floor Preparation, Adhesive","Floor transitions installed as per instructions from builder"
"8b1620c9-2408-4d12-a659-a8658141da6e","","checkpoint-status","not-started","","","TRUE","TRUE","Site QA","Floor Finishes","WING C","C.24 STORE","Subfloor, Floor Preparation, Adhesive","Waterproof tested for falls, and water test completed by waterproofers"
"6008b0fa-517b-5aaa-ad02-2186baffd906","","checkpoint-status","not-started","","","TRUE","TRUE","Site QA","Floor Finishes","WING C","C.24 STORE","Subfloor, Floor Preparation, Adhesive","Correct adhesive used"
"a18bde28-700c-5194-acb2-23742acc79bc","","checkpoint-group","not-started","","","FALSE","FALSE","Site QA","Floor Finishes","WING C","C.24 STORE","Carpet / Vinyl"
"cfff9c8a-6713-572e-b84b-0858b44b154d","","checkpoint-status","not-started","","","TRUE","TRUE","Site QA","Floor Finishes","WING C","C.24 STORE","Carpet / Vinyl","Confirm area of work is accessible & acceptable to commence (If not comment below)"
"35fc4f97-02dc-5e4e-9a76-724bdff40fbb","","checkpoint-status","not-started","","","TRUE","TRUE","Site QA","Floor Finishes","WING C","C.24 STORE","Carpet / Vinyl","Vinyl installed as per plan"
"44cba990-d1b5-5b3a-a2d4-6066210dc3e8","","checkpoint-status","not-started","","","TRUE","TRUE","Site QA","Floor Finishes","WING C","C.24 STORE","Carpet / Vinyl","Carpet installed as per plan"
"7de36dfd-7a67-534a-889f-acc1d33ddc9d","","checkpoint-status","not-started","","","TRUE","TRUE","Site QA","Floor Finishes","WING C","C.24 STORE","Carpet / Vinyl","Joints sealed with heat welded seams and mitres as per AS 1884-2012"
"b90e1c2d-a0c4-59c8-9272-860cccf60add","","checkpoint-status","not-started","","","TRUE","TRUE","Site QA","Floor Finishes","WING C","C.24 STORE","Carpet / Vinyl","Vinyl skirt and coving used as per finishes markup - 150mm height"
"08a86034-e094-5313-8059-deb7678febb0","","checkpoint-status","not-started","","","TRUE","TRUE","Site QA","Floor Finishes","WING C","C.24 STORE","Carpet / Vinyl","Installer Sign Off: Carpet / Vinyl installed as per manufacturer's instructions"
"f8b209aa-b5fb-59b3-bb1c-b390e40b533d","","checkpoint-status","not-started","","","TRUE","TRUE","Site QA","Floor Finishes","WING C","C.24 STORE","Carpet / Vinyl","Add-Floors Sign Off"
"c6547dca-4352-5c8c-94e6-b088c7aa202d","","checkpoint-status","not-started","","","TRUE","TRUE","Site QA","Floor Finishes","WING C","C.24 STORE","Carpet / Vinyl","Foreman installation sign off"
"8bafbb4a-48ba-59be-a007-e18202001904","","checkpoint-group","not-started","","","FALSE","FALSE","Site QA","Floor Finishes","WING C","C.24 STORE","Wall Finish"
"5f0dd902-a0b4-5cdd-9205-5959031f81ee","","checkpoint-status","not-started","","","TRUE","TRUE","Site QA","Floor Finishes","WING C","C.24 STORE","Wall Finish","Wall Finish installed as per plan"
"04670776-5df9-57b1-925f-356bd0003d5b","","checkpoint-group","not-started","","","FALSE","FALSE","Site QA","Floor Finishes","WING C","C.24 STORE","Protection and Handover"
"74e5db7e-9bab-5ff2-b7a6-3cee870fd3e6","","checkpoint-status","not-started","","","TRUE","TRUE","Site QA","Floor Finishes","WING C","C.24 STORE","Protection and Handover","Installation complete, checked and reviewed - as per specification"
"9a7bb62c-cde9-5dcb-a31b-7ab5f3f6abd4","","checkpoint-status","not-started","","","TRUE","TRUE","Site QA","Floor Finishes","WING C","C.24 STORE","Protection and Handover","Floor protected with bubbleweave floor protection or polyweave"
"a3a69a0d-9340-5772-ac59-f346c9df2bba","","checkpoint-status","not-started","","","TRUE","TRUE","Site QA","Floor Finishes","WING C","C.24 STORE","Protection and Handover","Installer Sign Off: Protection installed as per manufacturer's instructions"
"e04ecccb-be89-436e-8e66-7bf3731140d7","","checklist-sectioned","not-started","5a8a68d1221a9e608c282940756e19ac2c3c1dd54ffd7888cef6f74664a05c9a","checklist","FALSE","FALSE","Site QA","Floor Finishes","WING C","C.25 CLEANER"
"c418d6d5-8d87-5700-8e68-284cdc2c97fa","","checkpoint-group","not-started","","","FALSE","FALSE","Site QA","Floor Finishes","WING C","C.25 CLEANER","Subfloor, Floor Preparation, Adhesive"
"7227b7bd-e5f6-5e7e-8ea9-5a0aec5df316","","checkpoint-status","not-started","","","TRUE","TRUE","Site QA","Floor Finishes","WING C","C.25 CLEANER","Subfloor, Floor Preparation, Adhesive","Confirm area of work is accessible & acceptable to commence (If not comment below)"
"6ed0d92c-a637-5f47-bd49-dbd1a52cdda8","","checkpoint-status","not-started","","","TRUE","TRUE","Site QA","Floor Finishes","WING C","C.25 CLEANER","Subfloor, Floor Preparation, Adhesive","Subfloor mechanically diamond ground"
"8691b11a-5294-4de1-829a-fe62ee322549","","checkpoint-status","not-started","","","TRUE","TRUE","Site QA","Floor Finishes","WING C","C.25 CLEANER","Subfloor, Floor Preparation, Adhesive","Floor preparation product installed in accordance with manufacturer's instructions"
"d2d2371d-dbe7-50b4-8b09-114e01c17e63","","checkpoint-status","not-started","","","TRUE","TRUE","Site QA","Floor Finishes","WING C","C.25 CLEANER","Subfloor, Floor Preparation, Adhesive","Floor transitions installed as per instructions from builder"
"8b028518-3cca-4782-9497-c21f0432b876","","checkpoint-status","not-started","","","TRUE","TRUE","Site QA","Floor Finishes","WING C","C.25 CLEANER","Subfloor, Floor Preparation, Adhesive","Waterproof tested for falls, and water test completed by waterproofers"
"e87a809d-e0b2-5f1c-be8d-1f07f9941ecc","","checkpoint-status","not-started","","","TRUE","TRUE","Site QA","Floor Finishes","WING C","C.25 CLEANER","Subfloor, Floor Preparation, Adhesive","Correct adhesive used"
"494a81a9-8235-5b9e-bf16-78974badb17d","","checkpoint-group","not-started","","","FALSE","FALSE","Site QA","Floor Finishes","WING C","C.25 CLEANER","Carpet / Vinyl"
"af726ffb-765e-5d9c-9474-ad01614bd3f3","","checkpoint-status","not-started","","","TRUE","TRUE","Site QA","Floor Finishes","WING C","C.25 CLEANER","Carpet / Vinyl","Confirm area of work is accessible & acceptable to commence (If not comment below)"
"67f3a9d9-5e76-5a53-8ac1-2c2092f7e4a0","","checkpoint-status","not-started","","","TRUE","TRUE","Site QA","Floor Finishes","WING C","C.25 CLEANER","Carpet / Vinyl","Vinyl installed as per plan"
"6b3d96d2-2b6c-563a-ba38-7aa32e769131","","checkpoint-status","not-started","","","TRUE","TRUE","Site QA","Floor Finishes","WING C","C.25 CLEANER","Carpet / Vinyl","Carpet installed as per plan"
"d7739087-8ad3-5980-880b-e0fc2f816d94","","checkpoint-status","not-started","","","TRUE","TRUE","Site QA","Floor Finishes","WING C","C.25 CLEANER","Carpet / Vinyl","Joints sealed with heat welded seams and mitres as per AS 1884-2012"
"1f44fe83-158f-59d7-b086-8dbbd8467b69","","checkpoint-status","not-started","","","TRUE","TRUE","Site QA","Floor Finishes","WING C","C.25 CLEANER","Carpet / Vinyl","Vinyl skirt and coving used as per finishes markup - 150mm height"
"606acad1-c7e3-5c9a-a86d-b2796687fa59","","checkpoint-status","not-started","","","TRUE","TRUE","Site QA","Floor Finishes","WING C","C.25 CLEANER","Carpet / Vinyl","Installer Sign Off: Carpet / Vinyl installed as per manufacturer's instructions"
"cbaeacdf-ad96-5366-8c01-1a1f3489ca96","","checkpoint-status","not-started","","","TRUE","TRUE","Site QA","Floor Finishes","WING C","C.25 CLEANER","Carpet / Vinyl","Add-Floors Sign Off"
"8736a874-8cb4-5937-8935-e38e78a4d176","","checkpoint-status","not-started","","","TRUE","TRUE","Site QA","Floor Finishes","WING C","C.25 CLEANER","Carpet / Vinyl","Foreman installation sign off"
"c47a10b8-6d38-507b-9d6e-117b037a2eb0","","checkpoint-group","not-started","","","FALSE","FALSE","Site QA","Floor Finishes","WING C","C.25 CLEANER","Wall Finish"
"666d653e-2ef6-5cbd-ad5b-8b2b1f8e4367","","checkpoint-status","not-started","","","TRUE","TRUE","Site QA","Floor Finishes","WING C","C.25 CLEANER","Wall Finish","Wall Finish installed as per plan"
"ef0c8458-622b-570e-8a6c-37d2d8f95da9","","checkpoint-group","not-started","","","FALSE","FALSE","Site QA","Floor Finishes","WING C","C.25 CLEANER","Protection and Handover"
"64ebeb6f-033e-59c2-bf87-34a49f460729","","checkpoint-status","not-started","","","TRUE","TRUE","Site QA","Floor Finishes","WING C","C.25 CLEANER","Protection and Handover","Installation complete, checked and reviewed - as per specification"
"c57a44b5-97f7-55a7-bd31-75ad3101d9ad","","checkpoint-status","not-started","","","TRUE","TRUE","Site QA","Floor Finishes","WING C","C.25 CLEANER","Protection and Handover","Floor protected with bubbleweave floor protection or polyweave"
"6417d422-dbfa-5d32-9a0e-722ecc66e716","","checkpoint-status","not-started","","","TRUE","TRUE","Site QA","Floor Finishes","WING C","C.25 CLEANER","Protection and Handover","Installer Sign Off: Protection installed as per manufacturer's instructions"
"1ca9acd1-c317-4d13-b2cc-7b0ed9df3c8d","","checklist-sectioned","not-started","5a8a68d1221a9e608c282940756e19ac2c3c1dd54ffd7888cef6f74664a05c9a","checklist","FALSE","FALSE","Site QA","Floor Finishes","WING C","C.26 BED"
"ce01071c-fed4-5ae6-b195-69ba8e4293e2","","checkpoint-group","not-started","","","FALSE","FALSE","Site QA","Floor Finishes","WING C","C.26 BED","Subfloor, Floor Preparation, Adhesive"
"c9c27f72-e642-50d9-b2f4-9bde07a30e9c","","checkpoint-status","not-started","","","TRUE","TRUE","Site QA","Floor Finishes","WING C","C.26 BED","Subfloor, Floor Preparation, Adhesive","Confirm area of work is accessible & acceptable to commence (If not comment below)"
"be9fa100-d5db-522c-987d-58ac2ea16cfa","","checkpoint-status","not-started","","","TRUE","TRUE","Site QA","Floor Finishes","WING C","C.26 BED","Subfloor, Floor Preparation, Adhesive","Subfloor mechanically diamond ground"
"4425a6b2-56b4-42ef-b2cc-5c0723338b80","","checkpoint-status","not-started","","","TRUE","TRUE","Site QA","Floor Finishes","WING C","C.26 BED","Subfloor, Floor Preparation, Adhesive","Floor preparation product installed in accordance with manufacturer's instructions"
"4b9fba29-0591-50c6-bff9-6f27ac172f0e","","checkpoint-status","not-started","","","TRUE","TRUE","Site QA","Floor Finishes","WING C","C.26 BED","Subfloor, Floor Preparation, Adhesive","Floor transitions installed as per instructions from builder"
"38f5107e-4eae-487c-8f4b-55698e8dca0d","","checkpoint-status","not-started","","","TRUE","TRUE","Site QA","Floor Finishes","WING C","C.26 BED","Subfloor, Floor Preparation, Adhesive","Waterproof tested for falls, and water test completed by waterproofers"
"de5457a6-842e-51e6-affb-ba379c8a53b5","","checkpoint-status","not-started","","","TRUE","TRUE","Site QA","Floor Finishes","WING C","C.26 BED","Subfloor, Floor Preparation, Adhesive","Correct adhesive used"
"5774f0fa-46c6-5f0c-a2a0-811d30c7b5a9","","checkpoint-group","not-started","","","FALSE","FALSE","Site QA","Floor Finishes","WING C","C.26 BED","Carpet / Vinyl"
"78f4d260-1000-536b-a18f-d45611baad49","","checkpoint-status","not-started","","","TRUE","TRUE","Site QA","Floor Finishes","WING C","C.26 BED","Carpet / Vinyl","Confirm area of work is accessible & acceptable to commence (If not comment below)"
"305b3470-d918-5f1b-867e-883f40d604b6","","checkpoint-status","not-started","","","TRUE","TRUE","Site QA","Floor Finishes","WING C","C.26 BED","Carpet / Vinyl","Vinyl installed as per plan"
"397ca83e-56a4-5ce6-9de8-1776eadc8567","","checkpoint-status","not-started","","","TRUE","TRUE","Site QA","Floor Finishes","WING C","C.26 BED","Carpet / Vinyl","Carpet installed as per plan"
"e663a9b9-ea68-5151-9ac5-4771b0b97cf8","","checkpoint-status","not-started","","","TRUE","TRUE","Site QA","Floor Finishes","WING C","C.26 BED","Carpet / Vinyl","Joints sealed with heat welded seams and mitres as per AS 1884-2012"
"a02e4d09-963e-5f6a-88f2-71bbba01c6a2","","checkpoint-status","not-started","","","TRUE","TRUE","Site QA","Floor Finishes","WING C","C.26 BED","Carpet / Vinyl","Vinyl skirt and coving used as per finishes markup - 150mm height"
"1cf1b4e9-a7f3-569f-a271-437931c63963","","checkpoint-status","not-started","","","TRUE","TRUE","Site QA","Floor Finishes","WING C","C.26 BED","Carpet / Vinyl","Installer Sign Off: Carpet / Vinyl installed as per manufacturer's instructions"
"1274f3a3-2302-508f-a666-599b3ecdb799","","checkpoint-status","not-started","","","TRUE","TRUE","Site QA","Floor Finishes","WING C","C.26 BED","Carpet / Vinyl","Add-Floors Sign Off"
"c7f27dcc-5315-5db3-b08c-10a0ab3aaddc","","checkpoint-status","not-started","","","TRUE","TRUE","Site QA","Floor Finishes","WING C","C.26 BED","Carpet / Vinyl","Foreman installation sign off"
"c2d44ff4-9f82-529b-aac6-20547f66b110","","checkpoint-group","not-started","","","FALSE","FALSE","Site QA","Floor Finishes","WING C","C.26 BED","Wall Finish"
"5bf9cfe0-612d-5994-b25d-234a2ceef051","","checkpoint-status","not-started","","","TRUE","TRUE","Site QA","Floor Finishes","WING C","C.26 BED","Wall Finish","Wall Finish installed as per plan"
"6d21a5d1-33e1-5d2a-a5fe-e0f2b70e458c","","checkpoint-group","not-started","","","FALSE","FALSE","Site QA","Floor Finishes","WING C","C.26 BED","Protection and Handover"
"5109f5b6-179a-5b68-a2ad-bf1f3cc0caa3","","checkpoint-status","not-started","","","TRUE","TRUE","Site QA","Floor Finishes","WING C","C.26 BED","Protection and Handover","Installation complete, checked and reviewed - as per specification"
"f5257519-6ac3-55d2-be31-8aee00976b81","","checkpoint-status","not-started","","","TRUE","TRUE","Site QA","Floor Finishes","WING C","C.26 BED","Protection and Handover","Floor protected with bubbleweave floor protection or polyweave"
"74920426-82a0-5353-b28d-00fb4c30208d","","checkpoint-status","not-started","","","TRUE","TRUE","Site QA","Floor Finishes","WING C","C.26 BED","Protection and Handover","Installer Sign Off: Protection installed as per manufacturer's instructions"
"f9bc89d0-3d9c-4904-bdb8-995537f502fe","","checklist-sectioned","not-started","5a8a68d1221a9e608c282940756e19ac2c3c1dd54ffd7888cef6f74664a05c9a","checklist","FALSE","FALSE","Site QA","Floor Finishes","WING C","C.26A ENSUITE"
"d7e0075f-141d-5f74-98f6-c92ca542c1bb","","checkpoint-group","not-started","","","FALSE","FALSE","Site QA","Floor Finishes","WING C","C.26A ENSUITE","Subfloor, Floor Preparation, Adhesive"
"db68cd46-42c6-5ac2-9934-f92a4e0854f1","","checkpoint-status","not-started","","","TRUE","TRUE","Site QA","Floor Finishes","WING C","C.26A ENSUITE","Subfloor, Floor Preparation, Adhesive","Confirm area of work is accessible & acceptable to commence (If not comment below)"
"b66b8cd2-ed42-5aa7-bebe-089207d5b3b0","","checkpoint-status","not-started","","","TRUE","TRUE","Site QA","Floor Finishes","WING C","C.26A ENSUITE","Subfloor, Floor Preparation, Adhesive","Subfloor mechanically diamond ground"
"f8c58b31-a566-4350-8732-bd7e8ace1099","","checkpoint-status","not-started","","","TRUE","TRUE","Site QA","Floor Finishes","WING C","C.26A ENSUITE","Subfloor, Floor Preparation, Adhesive","Floor preparation product installed in accordance with manufacturer's instructions"
"b4589577-0da2-5838-967b-91a6872fb25d","","checkpoint-status","not-started","","","TRUE","TRUE","Site QA","Floor Finishes","WING C","C.26A ENSUITE","Subfloor, Floor Preparation, Adhesive","Floor transitions installed as per instructions from builder"
"c8ec31bc-3f28-4e17-aa71-45162463719f","","checkpoint-status","not-started","","","TRUE","TRUE","Site QA","Floor Finishes","WING C","C.26A ENSUITE","Subfloor, Floor Preparation, Adhesive","Waterproof tested for falls, and water test completed by waterproofers"
"0bbd0517-ed2e-5855-a1db-cc523f236514","","checkpoint-status","not-started","","","TRUE","TRUE","Site QA","Floor Finishes","WING C","C.26A ENSUITE","Subfloor, Floor Preparation, Adhesive","Correct adhesive used"
"64f6732b-44f8-5c76-af4e-6f0fa97f05db","","checkpoint-group","not-started","","","FALSE","FALSE","Site QA","Floor Finishes","WING C","C.26A ENSUITE","Carpet / Vinyl"
"6200b4b7-4fda-5f07-88ef-58aa054863bb","","checkpoint-status","not-started","","","TRUE","TRUE","Site QA","Floor Finishes","WING C","C.26A ENSUITE","Carpet / Vinyl","Confirm area of work is accessible & acceptable to commence (If not comment below)"
"939dbe95-4f97-569d-906a-04fa8cb27f28","","checkpoint-status","not-started","","","TRUE","TRUE","Site QA","Floor Finishes","WING C","C.26A ENSUITE","Carpet / Vinyl","Vinyl installed as per plan"
"1d41586f-1262-53f0-9537-aeea3e29b81b","","checkpoint-status","not-started","","","TRUE","TRUE","Site QA","Floor Finishes","WING C","C.26A ENSUITE","Carpet / Vinyl","Carpet installed as per plan"
"a31b7354-2cf5-54d0-8c2c-602f78c92a3f","","checkpoint-status","not-started","","","TRUE","TRUE","Site QA","Floor Finishes","WING C","C.26A ENSUITE","Carpet / Vinyl","Joints sealed with heat welded seams and mitres as per AS 1884-2012"
"5e69916c-997a-5b57-a41a-4e54232b5574","","checkpoint-status","not-started","","","TRUE","TRUE","Site QA","Floor Finishes","WING C","C.26A ENSUITE","Carpet / Vinyl","Vinyl skirt and coving used as per finishes markup - 150mm height"
"f050b9ff-ad94-5e43-8a27-d5939508c2d7","","checkpoint-status","not-started","","","TRUE","TRUE","Site QA","Floor Finishes","WING C","C.26A ENSUITE","Carpet / Vinyl","Installer Sign Off: Carpet / Vinyl installed as per manufacturer's instructions"
"5137856a-6b50-558f-8e15-c8a5b715c64a","","checkpoint-status","not-started","","","TRUE","TRUE","Site QA","Floor Finishes","WING C","C.26A ENSUITE","Carpet / Vinyl","Add-Floors Sign Off"
"b7168d5c-ad6b-57dd-b124-90a24a2e5037","","checkpoint-status","not-started","","","TRUE","TRUE","Site QA","Floor Finishes","WING C","C.26A ENSUITE","Carpet / Vinyl","Foreman installation sign off"
"4dcb554a-7fab-5703-8378-21ee07fffe32","","checkpoint-group","not-started","","","FALSE","FALSE","Site QA","Floor Finishes","WING C","C.26A ENSUITE","Wall Finish"
"325b0fe0-be05-58c1-81d2-fe38e8657df7","","checkpoint-status","not-started","","","TRUE","TRUE","Site QA","Floor Finishes","WING C","C.26A ENSUITE","Wall Finish","Wall Finish installed as per plan"
"37f94b2c-570e-59d1-8c35-b6a3df523869","","checkpoint-group","not-started","","","FALSE","FALSE","Site QA","Floor Finishes","WING C","C.26A ENSUITE","Protection and Handover"
"d2bb3951-f897-5d1b-9557-0df6e175fe20","","checkpoint-status","not-started","","","TRUE","TRUE","Site QA","Floor Finishes","WING C","C.26A ENSUITE","Protection and Handover","Installation complete, checked and reviewed - as per specification"
"2095218e-672f-54bf-b0f9-f564182af403","","checkpoint-status","not-started","","","TRUE","TRUE","Site QA","Floor Finishes","WING C","C.26A ENSUITE","Protection and Handover","Floor protected with bubbleweave floor protection or polyweave"
"60919004-0e67-5a37-b7e5-20fe2a363e4a","","checkpoint-status","not-started","","","TRUE","TRUE","Site QA","Floor Finishes","WING C","C.26A ENSUITE","Protection and Handover","Installer Sign Off: Protection installed as per manufacturer's instructions"
"5708b2a1-b14a-436c-a2c7-a5dfc2dc74db","","checklist-sectioned","not-started","5a8a68d1221a9e608c282940756e19ac2c3c1dd54ffd7888cef6f74664a05c9a","checklist","FALSE","FALSE","Site QA","Floor Finishes","WING C","C.27 BED"
"b37d04b1-d531-5404-b983-f5547a63d076","","checkpoint-group","not-started","","","FALSE","FALSE","Site QA","Floor Finishes","WING C","C.27 BED","Subfloor, Floor Preparation, Adhesive"
"4a7e7d12-e257-5d7a-996f-5549ebcf2dcb","","checkpoint-status","not-started","","","TRUE","TRUE","Site QA","Floor Finishes","WING C","C.27 BED","Subfloor, Floor Preparation, Adhesive","Confirm area of work is accessible & acceptable to commence (If not comment below)"
"72a7f925-ce22-54ed-a1e4-e03609d49d3e","","checkpoint-status","not-started","","","TRUE","TRUE","Site QA","Floor Finishes","WING C","C.27 BED","Subfloor, Floor Preparation, Adhesive","Subfloor mechanically diamond ground"
"7ada9183-f210-446d-84af-65ff4816c6e4","","checkpoint-status","not-started","","","TRUE","TRUE","Site QA","Floor Finishes","WING C","C.27 BED","Subfloor, Floor Preparation, Adhesive","Floor preparation product installed in accordance with manufacturer's instructions"
"b0e3fabe-6c1e-51d5-9ddd-800dedba6695","","checkpoint-status","not-started","","","TRUE","TRUE","Site QA","Floor Finishes","WING C","C.27 BED","Subfloor, Floor Preparation, Adhesive","Floor transitions installed as per instructions from builder"
"05943499-fc4e-4360-bb86-951dd480daab","","checkpoint-status","not-started","","","TRUE","TRUE","Site QA","Floor Finishes","WING C","C.27 BED","Subfloor, Floor Preparation, Adhesive","Waterproof tested for falls, and water test completed by waterproofers"
"1b504445-1acf-5fee-98cf-80477492a854","","checkpoint-status","not-started","","","TRUE","TRUE","Site QA","Floor Finishes","WING C","C.27 BED","Subfloor, Floor Preparation, Adhesive","Correct adhesive used"
"14e11077-295c-5c34-8950-568af472ca88","","checkpoint-group","not-started","","","FALSE","FALSE","Site QA","Floor Finishes","WING C","C.27 BED","Carpet / Vinyl"
"415989de-e56a-59ff-97e3-5d954b8c8553","","checkpoint-status","not-started","","","TRUE","TRUE","Site QA","Floor Finishes","WING C","C.27 BED","Carpet / Vinyl","Confirm area of work is accessible & acceptable to commence (If not comment below)"
"c64eaf3d-3558-51e8-bf4e-d0d3c2d85561","","checkpoint-status","not-started","","","TRUE","TRUE","Site QA","Floor Finishes","WING C","C.27 BED","Carpet / Vinyl","Vinyl installed as per plan"
"bdf8c5ba-b779-53f4-8f1a-1c32267e568e","","checkpoint-status","not-started","","","TRUE","TRUE","Site QA","Floor Finishes","WING C","C.27 BED","Carpet / Vinyl","Carpet installed as per plan"
"295e7781-7516-57b3-a07a-442c3aac347c","","checkpoint-status","not-started","","","TRUE","TRUE","Site QA","Floor Finishes","WING C","C.27 BED","Carpet / Vinyl","Joints sealed with heat welded seams and mitres as per AS 1884-2012"
"84fc5189-b4ad-558a-b0c3-ab25a868ca27","","checkpoint-status","not-started","","","TRUE","TRUE","Site QA","Floor Finishes","WING C","C.27 BED","Carpet / Vinyl","Vinyl skirt and coving used as per finishes markup - 150mm height"
"071a15cb-1251-5938-b99c-835af692f0ac","","checkpoint-status","not-started","","","TRUE","TRUE","Site QA","Floor Finishes","WING C","C.27 BED","Carpet / Vinyl","Installer Sign Off: Carpet / Vinyl installed as per manufacturer's instructions"
"d284822b-d3d5-5100-8b54-2078c7b1259e","","checkpoint-status","not-started","","","TRUE","TRUE","Site QA","Floor Finishes","WING C","C.27 BED","Carpet / Vinyl","Add-Floors Sign Off"
"c292bd6e-57e0-57f9-8e7b-a0e08673ec7f","","checkpoint-status","not-started","","","TRUE","TRUE","Site QA","Floor Finishes","WING C","C.27 BED","Carpet / Vinyl","Foreman installation sign off"
"91300073-d667-5d2c-982e-f73e3e65a487","","checkpoint-group","not-started","","","FALSE","FALSE","Site QA","Floor Finishes","WING C","C.27 BED","Wall Finish"
"871005bf-4214-5633-b509-ec92fd05ea5f","","checkpoint-status","not-started","","","TRUE","TRUE","Site QA","Floor Finishes","WING C","C.27 BED","Wall Finish","Wall Finish installed as per plan"
"f3adcaf9-855e-5e37-8175-1bfeef1d5b18","","checkpoint-group","not-started","","","FALSE","FALSE","Site QA","Floor Finishes","WING C","C.27 BED","Protection and Handover"
"7862497b-8ff0-51a7-a3a2-715603e12f81","","checkpoint-status","not-started","","","TRUE","TRUE","Site QA","Floor Finishes","WING C","C.27 BED","Protection and Handover","Installation complete, checked and reviewed - as per specification"
"b96540d5-9b98-5ace-8190-780c471ee0de","","checkpoint-status","not-started","","","TRUE","TRUE","Site QA","Floor Finishes","WING C","C.27 BED","Protection and Handover","Floor protected with bubbleweave floor protection or polyweave"
"1860395e-5734-5a9c-9458-8f8f97dceb9c","","checkpoint-status","not-started","","","TRUE","TRUE","Site QA","Floor Finishes","WING C","C.27 BED","Protection and Handover","Installer Sign Off: Protection installed as per manufacturer's instructions"
"2441b4fe-7731-4f9a-9e18-7ea8bd7fab00","","checklist-sectioned","not-started","5a8a68d1221a9e608c282940756e19ac2c3c1dd54ffd7888cef6f74664a05c9a","checklist","FALSE","FALSE","Site QA","Floor Finishes","WING C","C.27A ENSUITE"
"105db673-7080-534c-ba32-5f1a24690582","","checkpoint-group","not-started","","","FALSE","FALSE","Site QA","Floor Finishes","WING C","C.27A ENSUITE","Subfloor, Floor Preparation, Adhesive"
"50c4c242-d310-58ab-bd07-5ed414aa2bbc","","checkpoint-status","not-started","","","TRUE","TRUE","Site QA","Floor Finishes","WING C","C.27A ENSUITE","Subfloor, Floor Preparation, Adhesive","Confirm area of work is accessible & acceptable to commence (If not comment below)"
"a6913cad-3990-542c-b696-7565d1f03ae2","","checkpoint-status","not-started","","","TRUE","TRUE","Site QA","Floor Finishes","WING C","C.27A ENSUITE","Subfloor, Floor Preparation, Adhesive","Subfloor mechanically diamond ground"
"35936009-7e66-4cbc-adcc-4cb4494f15ee","","checkpoint-status","not-started","","","TRUE","TRUE","Site QA","Floor Finishes","WING C","C.27A ENSUITE","Subfloor, Floor Preparation, Adhesive","Floor preparation product installed in accordance with manufacturer's instructions"
"732e9810-3a40-567f-9954-eb4e6c3ae511","","checkpoint-status","not-started","","","TRUE","TRUE","Site QA","Floor Finishes","WING C","C.27A ENSUITE","Subfloor, Floor Preparation, Adhesive","Floor transitions installed as per instructions from builder"
"c617d10f-b855-4af4-99ad-3ccd8d74feae","","checkpoint-status","not-started","","","TRUE","TRUE","Site QA","Floor Finishes","WING C","C.27A ENSUITE","Subfloor, Floor Preparation, Adhesive","Waterproof tested for falls, and water test completed by waterproofers"
"be208496-2b43-568a-a0f5-065168063de4","","checkpoint-status","not-started","","","TRUE","TRUE","Site QA","Floor Finishes","WING C","C.27A ENSUITE","Subfloor, Floor Preparation, Adhesive","Correct adhesive used"
"d9473b57-e3f3-55f5-882a-ca0a4f57e7fd","","checkpoint-group","not-started","","","FALSE","FALSE","Site QA","Floor Finishes","WING C","C.27A ENSUITE","Carpet / Vinyl"
"573ee2e3-a573-59fd-81ec-07fb772c27bf","","checkpoint-status","not-started","","","TRUE","TRUE","Site QA","Floor Finishes","WING C","C.27A ENSUITE","Carpet / Vinyl","Confirm area of work is accessible & acceptable to commence (If not comment below)"
"13c1a31d-05d1-5d3f-9071-297e891810da","","checkpoint-status","not-started","","","TRUE","TRUE","Site QA","Floor Finishes","WING C","C.27A ENSUITE","Carpet / Vinyl","Vinyl installed as per plan"
"5d44167c-c534-550e-ac34-0d04e5284990","","checkpoint-status","not-started","","","TRUE","TRUE","Site QA","Floor Finishes","WING C","C.27A ENSUITE","Carpet / Vinyl","Carpet installed as per plan"
"831af8ef-d186-5687-892d-8a53a1eebc71","","checkpoint-status","not-started","","","TRUE","TRUE","Site QA","Floor Finishes","WING C","C.27A ENSUITE","Carpet / Vinyl","Joints sealed with heat welded seams and mitres as per AS 1884-2012"
"36080c32-4d31-593a-95ea-8d35f3da4633","","checkpoint-status","not-started","","","TRUE","TRUE","Site QA","Floor Finishes","WING C","C.27A ENSUITE","Carpet / Vinyl","Vinyl skirt and coving used as per finishes markup - 150mm height"
"c203493c-9331-5a0c-8168-e8b15152bc3e","","checkpoint-status","not-started","","","TRUE","TRUE","Site QA","Floor Finishes","WING C","C.27A ENSUITE","Carpet / Vinyl","Installer Sign Off: Carpet / Vinyl installed as per manufacturer's instructions"
"64e73b86-c77a-5839-bdda-2a3c8200c369","","checkpoint-status","not-started","","","TRUE","TRUE","Site QA","Floor Finishes","WING C","C.27A ENSUITE","Carpet / Vinyl","Add-Floors Sign Off"
"6ff41b49-8c68-5570-99ec-c3ce3f0f0459","","checkpoint-status","not-started","","","TRUE","TRUE","Site QA","Floor Finishes","WING C","C.27A ENSUITE","Carpet / Vinyl","Foreman installation sign off"
"b219ddd2-feff-54ba-8f99-03db50a124a2","","checkpoint-group","not-started","","","FALSE","FALSE","Site QA","Floor Finishes","WING C","C.27A ENSUITE","Wall Finish"
"403ab882-1a55-580c-9cef-b01102c70312","","checkpoint-status","not-started","","","TRUE","TRUE","Site QA","Floor Finishes","WING C","C.27A ENSUITE","Wall Finish","Wall Finish installed as per plan"
"5af5b071-c7b5-5ba5-a66a-9a19cc300ac5","","checkpoint-group","not-started","","","FALSE","FALSE","Site QA","Floor Finishes","WING C","C.27A ENSUITE","Protection and Handover"
"813a26bc-c165-5536-b18a-8af745d6818d","","checkpoint-status","not-started","","","TRUE","TRUE","Site QA","Floor Finishes","WING C","C.27A ENSUITE","Protection and Handover","Installation complete, checked and reviewed - as per specification"
"dd854856-20e9-5b5e-aa51-11ce149272c5","","checkpoint-status","not-started","","","TRUE","TRUE","Site QA","Floor Finishes","WING C","C.27A ENSUITE","Protection and Handover","Floor protected with bubbleweave floor protection or polyweave"
"7d82ed2f-1c54-5773-9681-5fc1f011d91a","","checkpoint-status","not-started","","","TRUE","TRUE","Site QA","Floor Finishes","WING C","C.27A ENSUITE","Protection and Handover","Installer Sign Off: Protection installed as per manufacturer's instructions"
"9e9c0c3f-5141-4eb7-bfbb-b2a09d851cc8","","checklist-sectioned","not-started","5a8a68d1221a9e608c282940756e19ac2c3c1dd54ffd7888cef6f74664a05c9a","checklist","FALSE","FALSE","Site QA","Floor Finishes","WING C","C.28 BED"
"6b003fa1-edeb-58a4-9da1-71958269cd89","","checkpoint-group","not-started","","","FALSE","FALSE","Site QA","Floor Finishes","WING C","C.28 BED","Subfloor, Floor Preparation, Adhesive"
"6a6de1ec-ac42-5ed9-8838-df3753a43849","","checkpoint-status","not-started","","","TRUE","TRUE","Site QA","Floor Finishes","WING C","C.28 BED","Subfloor, Floor Preparation, Adhesive","Confirm area of work is accessible & acceptable to commence (If not comment below)"
"edda818a-2db2-5fa7-b0d5-d475d65fc35a","","checkpoint-status","not-started","","","TRUE","TRUE","Site QA","Floor Finishes","WING C","C.28 BED","Subfloor, Floor Preparation, Adhesive","Subfloor mechanically diamond ground"
"89bbe474-7489-44a6-be1d-3c41d6a9db26","","checkpoint-status","not-started","","","TRUE","TRUE","Site QA","Floor Finishes","WING C","C.28 BED","Subfloor, Floor Preparation, Adhesive","Floor preparation product installed in accordance with manufacturer's instructions"
"c93d0905-90c8-568c-b79e-f1ae3a22c66b","","checkpoint-status","not-started","","","TRUE","TRUE","Site QA","Floor Finishes","WING C","C.28 BED","Subfloor, Floor Preparation, Adhesive","Floor transitions installed as per instructions from builder"
"fee2b6c5-4fe0-40c4-ab5c-651399ef457d","","checkpoint-status","not-started","","","TRUE","TRUE","Site QA","Floor Finishes","WING C","C.28 BED","Subfloor, Floor Preparation, Adhesive","Waterproof tested for falls, and water test completed by waterproofers"
"5aa7394c-f2f5-538e-abc3-73994fe78fb8","","checkpoint-status","not-started","","","TRUE","TRUE","Site QA","Floor Finishes","WING C","C.28 BED","Subfloor, Floor Preparation, Adhesive","Correct adhesive used"
"1409a4e6-776f-5300-aec4-524d195bbe46","","checkpoint-group","not-started","","","FALSE","FALSE","Site QA","Floor Finishes","WING C","C.28 BED","Carpet / Vinyl"
"31ea7ce0-91a3-57b0-a252-f120ae59001a","","checkpoint-status","not-started","","","TRUE","TRUE","Site QA","Floor Finishes","WING C","C.28 BED","Carpet / Vinyl","Confirm area of work is accessible & acceptable to commence (If not comment below)"
"2406283a-6148-5601-a4ee-272770ce2ec0","","checkpoint-status","not-started","","","TRUE","TRUE","Site QA","Floor Finishes","WING C","C.28 BED","Carpet / Vinyl","Vinyl installed as per plan"
"42d66c92-1624-5c29-86e8-ab11f5435a7f","","checkpoint-status","not-started","","","TRUE","TRUE","Site QA","Floor Finishes","WING C","C.28 BED","Carpet / Vinyl","Carpet installed as per plan"
"aba65a43-d514-5f3c-a1e1-dc1d30aaa8f0","","checkpoint-status","not-started","","","TRUE","TRUE","Site QA","Floor Finishes","WING C","C.28 BED","Carpet / Vinyl","Joints sealed with heat welded seams and mitres as per AS 1884-2012"
"37c90959-3537-5ab9-b84c-7fb20a8f9353","","checkpoint-status","not-started","","","TRUE","TRUE","Site QA","Floor Finishes","WING C","C.28 BED","Carpet / Vinyl","Vinyl skirt and coving used as per finishes markup - 150mm height"
"fcbb6b45-0e8a-5fb7-9edc-368604b72b05","","checkpoint-status","not-started","","","TRUE","TRUE","Site QA","Floor Finishes","WING C","C.28 BED","Carpet / Vinyl","Installer Sign Off: Carpet / Vinyl installed as per manufacturer's instructions"
"efb78b2b-d1d0-5e80-9af7-1cf6abb307b3","","checkpoint-status","not-started","","","TRUE","TRUE","Site QA","Floor Finishes","WING C","C.28 BED","Carpet / Vinyl","Add-Floors Sign Off"
"d6dad860-ba3d-5850-9fb3-66adaeb8f76f","","checkpoint-status","not-started","","","TRUE","TRUE","Site QA","Floor Finishes","WING C","C.28 BED","Carpet / Vinyl","Foreman installation sign off"
"cd50207f-c438-5910-a59a-dba311b546a0","","checkpoint-group","not-started","","","FALSE","FALSE","Site QA","Floor Finishes","WING C","C.28 BED","Wall Finish"
"7fb57c18-601a-5c78-a091-21f2ff480a98","","checkpoint-status","not-started","","","TRUE","TRUE","Site QA","Floor Finishes","WING C","C.28 BED","Wall Finish","Wall Finish installed as per plan"
"01501e8e-0c6c-528d-9012-e0bb5af09312","","checkpoint-group","not-started","","","FALSE","FALSE","Site QA","Floor Finishes","WING C","C.28 BED","Protection and Handover"
"648ce66d-671e-531e-8b95-a9f61d541be7","","checkpoint-status","not-started","","","TRUE","TRUE","Site QA","Floor Finishes","WING C","C.28 BED","Protection and Handover","Installation complete, checked and reviewed - as per specification"
"0fab44b3-52eb-5985-9515-a970d5f12bd5","","checkpoint-status","not-started","","","TRUE","TRUE","Site QA","Floor Finishes","WING C","C.28 BED","Protection and Handover","Floor protected with bubbleweave floor protection or polyweave"
"cea3fc52-e368-5dcd-9a84-3b393ba06439","","checkpoint-status","not-started","","","TRUE","TRUE","Site QA","Floor Finishes","WING C","C.28 BED","Protection and Handover","Installer Sign Off: Protection installed as per manufacturer's instructions"
"4725abc4-cf20-44b4-8993-d835ebff6ba4","","checklist-sectioned","not-started","5a8a68d1221a9e608c282940756e19ac2c3c1dd54ffd7888cef6f74664a05c9a","checklist","FALSE","FALSE","Site QA","Floor Finishes","WING C","C.28A ENSUITE"
"162e495f-6587-5223-88fb-f4d3cc908817","","checkpoint-group","not-started","","","FALSE","FALSE","Site QA","Floor Finishes","WING C","C.28A ENSUITE","Subfloor, Floor Preparation, Adhesive"
"2d09e84a-894b-55dd-8da8-4e180fe39e7f","","checkpoint-status","not-started","","","TRUE","TRUE","Site QA","Floor Finishes","WING C","C.28A ENSUITE","Subfloor, Floor Preparation, Adhesive","Confirm area of work is accessible & acceptable to commence (If not comment below)"
"3cc6b88b-1e0f-53ff-b2aa-0c4e6267e500","","checkpoint-status","not-started","","","TRUE","TRUE","Site QA","Floor Finishes","WING C","C.28A ENSUITE","Subfloor, Floor Preparation, Adhesive","Subfloor mechanically diamond ground"
"d2fb9090-fb09-4085-baf4-b006c42c2a9c","","checkpoint-status","not-started","","","TRUE","TRUE","Site QA","Floor Finishes","WING C","C.28A ENSUITE","Subfloor, Floor Preparation, Adhesive","Floor preparation product installed in accordance with manufacturer's instructions"
"cb37b320-2c7e-582c-855a-a713dc1cbfcc","","checkpoint-status","not-started","","","TRUE","TRUE","Site QA","Floor Finishes","WING C","C.28A ENSUITE","Subfloor, Floor Preparation, Adhesive","Floor transitions installed as per instructions from builder"
"6bfcb298-3ce6-4f4a-be65-85c762238031","","checkpoint-status","not-started","","","TRUE","TRUE","Site QA","Floor Finishes","WING C","C.28A ENSUITE","Subfloor, Floor Preparation, Adhesive","Waterproof tested for falls, and water test completed by waterproofers"
"2a8cda9c-11b9-5410-afb4-fffe3c019b97","","checkpoint-status","not-started","","","TRUE","TRUE","Site QA","Floor Finishes","WING C","C.28A ENSUITE","Subfloor, Floor Preparation, Adhesive","Correct adhesive used"
"b71e8d1e-c78e-5fe8-999d-0f19fc9c43c6","","checkpoint-group","not-started","","","FALSE","FALSE","Site QA","Floor Finishes","WING C","C.28A ENSUITE","Carpet / Vinyl"
"8c5a33df-ea56-5e9d-9cbe-c34cadb445b5","","checkpoint-status","not-started","","","TRUE","TRUE","Site QA","Floor Finishes","WING C","C.28A ENSUITE","Carpet / Vinyl","Confirm area of work is accessible & acceptable to commence (If not comment below)"
"1a0be172-039a-5597-8fba-c8e902c063df","","checkpoint-status","not-started","","","TRUE","TRUE","Site QA","Floor Finishes","WING C","C.28A ENSUITE","Carpet / Vinyl","Vinyl installed as per plan"
"78722537-4390-5c9c-bf20-42542247e4ca","","checkpoint-status","not-started","","","TRUE","TRUE","Site QA","Floor Finishes","WING C","C.28A ENSUITE","Carpet / Vinyl","Carpet installed as per plan"
"67f7f602-f2d8-58a6-92cd-677fa56f62fc","","checkpoint-status","not-started","","","TRUE","TRUE","Site QA","Floor Finishes","WING C","C.28A ENSUITE","Carpet / Vinyl","Joints sealed with heat welded seams and mitres as per AS 1884-2012"
"99a057f4-3342-5771-9a70-162d79aeee04","","checkpoint-status","not-started","","","TRUE","TRUE","Site QA","Floor Finishes","WING C","C.28A ENSUITE","Carpet / Vinyl","Vinyl skirt and coving used as per finishes markup - 150mm height"
"a570b7af-fcb8-5892-aea6-a46aeeb2eb85","","checkpoint-status","not-started","","","TRUE","TRUE","Site QA","Floor Finishes","WING C","C.28A ENSUITE","Carpet / Vinyl","Installer Sign Off: Carpet / Vinyl installed as per manufacturer's instructions"
"87206fa3-aad0-543b-91af-983d59af7b1d","","checkpoint-status","not-started","","","TRUE","TRUE","Site QA","Floor Finishes","WING C","C.28A ENSUITE","Carpet / Vinyl","Add-Floors Sign Off"
"a394feb6-0b27-5ec9-b3da-cda4b236397c","","checkpoint-status","not-started","","","TRUE","TRUE","Site QA","Floor Finishes","WING C","C.28A ENSUITE","Carpet / Vinyl","Foreman installation sign off"
"b866fe64-0526-5bc2-bb84-dffa4e76e967","","checkpoint-group","not-started","","","FALSE","FALSE","Site QA","Floor Finishes","WING C","C.28A ENSUITE","Wall Finish"
"304f30a4-7fd3-5005-a8db-ab8b94c7c755","","checkpoint-status","not-started","","","TRUE","TRUE","Site QA","Floor Finishes","WING C","C.28A ENSUITE","Wall Finish","Wall Finish installed as per plan"
"7d743be6-6fc9-505d-ad97-9f6ef7f5076f","","checkpoint-group","not-started","","","FALSE","FALSE","Site QA","Floor Finishes","WING C","C.28A ENSUITE","Protection and Handover"
"2a696271-2161-569d-91a5-2590b6548ca9","","checkpoint-status","not-started","","","TRUE","TRUE","Site QA","Floor Finishes","WING C","C.28A ENSUITE","Protection and Handover","Installation complete, checked and reviewed - as per specification"
"56e031a8-6928-53e9-9170-d679430d2982","","checkpoint-status","not-started","","","TRUE","TRUE","Site QA","Floor Finishes","WING C","C.28A ENSUITE","Protection and Handover","Floor protected with bubbleweave floor protection or polyweave"
"372afb47-f6f8-5733-88aa-6709b154a1bd","","checkpoint-status","not-started","","","TRUE","TRUE","Site QA","Floor Finishes","WING C","C.28A ENSUITE","Protection and Handover","Installer Sign Off: Protection installed as per manufacturer's instructions"
"c8484b2c-c48c-4c72-b763-be23784f0cf1","","checklist-sectioned","not-started","5a8a68d1221a9e608c282940756e19ac2c3c1dd54ffd7888cef6f74664a05c9a","checklist","FALSE","FALSE","Site QA","Floor Finishes","WING C","C.30 BED"
"0a443344-1d06-5128-8b64-bd9da444526d","","checkpoint-group","not-started","","","FALSE","FALSE","Site QA","Floor Finishes","WING C","C.30 BED","Subfloor, Floor Preparation, Adhesive"
"8b862155-e1d7-5f86-8032-43c122c5bc19","","checkpoint-status","not-started","","","TRUE","TRUE","Site QA","Floor Finishes","WING C","C.30 BED","Subfloor, Floor Preparation, Adhesive","Confirm area of work is accessible & acceptable to commence (If not comment below)"
"7da81c23-ee71-5e2c-a72a-51ab5ac178e5","","checkpoint-status","not-started","","","TRUE","TRUE","Site QA","Floor Finishes","WING C","C.30 BED","Subfloor, Floor Preparation, Adhesive","Subfloor mechanically diamond ground"
"14d8e396-d11b-4f8d-ad5d-07a1baf0261b","","checkpoint-status","not-started","","","TRUE","TRUE","Site QA","Floor Finishes","WING C","C.30 BED","Subfloor, Floor Preparation, Adhesive","Floor preparation product installed in accordance with manufacturer's instructions"
"7814c198-e850-5f4c-a54f-78c0e63e17d4","","checkpoint-status","not-started","","","TRUE","TRUE","Site QA","Floor Finishes","WING C","C.30 BED","Subfloor, Floor Preparation, Adhesive","Floor transitions installed as per instructions from builder"
"2f4e1a3e-4d2f-4a69-98cb-c3f1913c020c","","checkpoint-status","not-started","","","TRUE","TRUE","Site QA","Floor Finishes","WING C","C.30 BED","Subfloor, Floor Preparation, Adhesive","Waterproof tested for falls, and water test completed by waterproofers"
"fb66061f-3706-5bea-a8c1-7cab4800e874","","checkpoint-status","not-started","","","TRUE","TRUE","Site QA","Floor Finishes","WING C","C.30 BED","Subfloor, Floor Preparation, Adhesive","Correct adhesive used"
"d922b6ab-7996-59a2-bf81-9e5b5ee4adbd","","checkpoint-group","not-started","","","FALSE","FALSE","Site QA","Floor Finishes","WING C","C.30 BED","Carpet / Vinyl"
"85f362a6-29cf-5de6-ad74-0cee144bbae0","","checkpoint-status","not-started","","","TRUE","TRUE","Site QA","Floor Finishes","WING C","C.30 BED","Carpet / Vinyl","Confirm area of work is accessible & acceptable to commence (If not comment below)"
"bee772d0-745d-5a15-b623-0bb8b5389d52","","checkpoint-status","not-started","","","TRUE","TRUE","Site QA","Floor Finishes","WING C","C.30 BED","Carpet / Vinyl","Vinyl installed as per plan"
"00c76edd-4a1a-58fe-884f-c3c776d5c58a","","checkpoint-status","not-started","","","TRUE","TRUE","Site QA","Floor Finishes","WING C","C.30 BED","Carpet / Vinyl","Carpet installed as per plan"
"8c6a8fd7-e1f9-5357-b768-dde711f179be","","checkpoint-status","not-started","","","TRUE","TRUE","Site QA","Floor Finishes","WING C","C.30 BED","Carpet / Vinyl","Joints sealed with heat welded seams and mitres as per AS 1884-2012"
"bb5f6813-e17f-503a-b874-f02e3a51c2cd","","checkpoint-status","not-started","","","TRUE","TRUE","Site QA","Floor Finishes","WING C","C.30 BED","Carpet / Vinyl","Vinyl skirt and coving used as per finishes markup - 150mm height"
"2b208b61-98f4-5110-9648-d8f77ac60528","","checkpoint-status","not-started","","","TRUE","TRUE","Site QA","Floor Finishes","WING C","C.30 BED","Carpet / Vinyl","Installer Sign Off: Carpet / Vinyl installed as per manufacturer's instructions"
"ea4f4ad4-d489-593a-838f-8c5e5c4c6915","","checkpoint-status","not-started","","","TRUE","TRUE","Site QA","Floor Finishes","WING C","C.30 BED","Carpet / Vinyl","Add-Floors Sign Off"
"f6b3ff97-7f34-5aa8-9188-5293f964e10c","","checkpoint-status","not-started","","","TRUE","TRUE","Site QA","Floor Finishes","WING C","C.30 BED","Carpet / Vinyl","Foreman installation sign off"
"eff43b63-1fa3-5f77-a934-7730f2dbdcee","","checkpoint-group","not-started","","","FALSE","FALSE","Site QA","Floor Finishes","WING C","C.30 BED","Wall Finish"
"25d5e74e-32b5-556b-8b0d-66359ca34b5f","","checkpoint-status","not-started","","","TRUE","TRUE","Site QA","Floor Finishes","WING C","C.30 BED","Wall Finish","Wall Finish installed as per plan"
"06c4481d-f4bd-5ef1-aa83-c8e9256545ac","","checkpoint-group","not-started","","","FALSE","FALSE","Site QA","Floor Finishes","WING C","C.30 BED","Protection and Handover"
"fe029cdf-1198-530e-97d3-343448f1de6c","","checkpoint-status","not-started","","","TRUE","TRUE","Site QA","Floor Finishes","WING C","C.30 BED","Protection and Handover","Installation complete, checked and reviewed - as per specification"
"43fa0e3c-8fd3-54f6-8b5e-3605d5981199","","checkpoint-status","not-started","","","TRUE","TRUE","Site QA","Floor Finishes","WING C","C.30 BED","Protection and Handover","Floor protected with bubbleweave floor protection or polyweave"
"884aed6b-c4a8-5546-a791-bdcb3007b2c5","","checkpoint-status","not-started","","","TRUE","TRUE","Site QA","Floor Finishes","WING C","C.30 BED","Protection and Handover","Installer Sign Off: Protection installed as per manufacturer's instructions"
"5aa2ee92-2801-41e6-8e52-c38977472050","","checklist-sectioned","not-started","5a8a68d1221a9e608c282940756e19ac2c3c1dd54ffd7888cef6f74664a05c9a","checklist","FALSE","FALSE","Site QA","Floor Finishes","WING C","C.30A ENSUITE"
"42146a74-f934-571c-b906-106288a01d42","","checkpoint-group","not-started","","","FALSE","FALSE","Site QA","Floor Finishes","WING C","C.30A ENSUITE","Subfloor, Floor Preparation, Adhesive"
"fa2e97b8-e316-5c89-9dd9-b69b41bbd86c","","checkpoint-status","not-started","","","TRUE","TRUE","Site QA","Floor Finishes","WING C","C.30A ENSUITE","Subfloor, Floor Preparation, Adhesive","Confirm area of work is accessible & acceptable to commence (If not comment below)"
"12dfbfc4-5ea9-5d81-ba41-a11991b9bb36","","checkpoint-status","not-started","","","TRUE","TRUE","Site QA","Floor Finishes","WING C","C.30A ENSUITE","Subfloor, Floor Preparation, Adhesive","Subfloor mechanically diamond ground"
"ccbdd2f5-3590-4680-a111-36c3c4866292","","checkpoint-status","not-started","","","TRUE","TRUE","Site QA","Floor Finishes","WING C","C.30A ENSUITE","Subfloor, Floor Preparation, Adhesive","Floor preparation product installed in accordance with manufacturer's instructions"
"edf24d2e-208f-52b7-bae5-d3074cd59027","","checkpoint-status","not-started","","","TRUE","TRUE","Site QA","Floor Finishes","WING C","C.30A ENSUITE","Subfloor, Floor Preparation, Adhesive","Floor transitions installed as per instructions from builder"
"cafaa5d9-07fb-489f-b350-9b4481f9b26c","","checkpoint-status","not-started","","","TRUE","TRUE","Site QA","Floor Finishes","WING C","C.30A ENSUITE","Subfloor, Floor Preparation, Adhesive","Waterproof tested for falls, and water test completed by waterproofers"
"4d1abaf2-85b3-5082-abec-ce3cf308fd79","","checkpoint-status","not-started","","","TRUE","TRUE","Site QA","Floor Finishes","WING C","C.30A ENSUITE","Subfloor, Floor Preparation, Adhesive","Correct adhesive used"
"bb91dd03-263b-502d-ba21-ee93eebd5616","","checkpoint-group","not-started","","","FALSE","FALSE","Site QA","Floor Finishes","WING C","C.30A ENSUITE","Carpet / Vinyl"
"cdddcbc1-75d7-53ea-8c45-5660fe2f16d9","","checkpoint-status","not-started","","","TRUE","TRUE","Site QA","Floor Finishes","WING C","C.30A ENSUITE","Carpet / Vinyl","Confirm area of work is accessible & acceptable to commence (If not comment below)"
"9df9efab-ec7b-55ac-9857-ec750e97d995","","checkpoint-status","not-started","","","TRUE","TRUE","Site QA","Floor Finishes","WING C","C.30A ENSUITE","Carpet / Vinyl","Vinyl installed as per plan"
"cdec1aa5-fe7b-5604-8ff3-0ab8ff86d948","","checkpoint-status","not-started","","","TRUE","TRUE","Site QA","Floor Finishes","WING C","C.30A ENSUITE","Carpet / Vinyl","Carpet installed as per plan"
"aa24f586-90b3-5f04-8cc0-adc8a5c710ee","","checkpoint-status","not-started","","","TRUE","TRUE","Site QA","Floor Finishes","WING C","C.30A ENSUITE","Carpet / Vinyl","Joints sealed with heat welded seams and mitres as per AS 1884-2012"
"52ee592c-c9f2-5293-8b9d-37086b41b5c7","","checkpoint-status","not-started","","","TRUE","TRUE","Site QA","Floor Finishes","WING C","C.30A ENSUITE","Carpet / Vinyl","Vinyl skirt and coving used as per finishes markup - 150mm height"
"f01a94ef-62f8-590c-9df6-6b9cb033f532","","checkpoint-status","not-started","","","TRUE","TRUE","Site QA","Floor Finishes","WING C","C.30A ENSUITE","Carpet / Vinyl","Installer Sign Off: Carpet / Vinyl installed as per manufacturer's instructions"
"35e6cbf0-f7a9-5951-8933-a31a8cec8c03","","checkpoint-status","not-started","","","TRUE","TRUE","Site QA","Floor Finishes","WING C","C.30A ENSUITE","Carpet / Vinyl","Add-Floors Sign Off"
"e5c39e95-3bee-5ca0-923d-8b6f32c96284","","checkpoint-status","not-started","","","TRUE","TRUE","Site QA","Floor Finishes","WING C","C.30A ENSUITE","Carpet / Vinyl","Foreman installation sign off"
"bd3a9cd6-4e7f-5504-8c22-ba4391605362","","checkpoint-group","not-started","","","FALSE","FALSE","Site QA","Floor Finishes","WING C","C.30A ENSUITE","Wall Finish"
"d3ecb861-7441-509a-805c-62f627a8d725","","checkpoint-status","not-started","","","TRUE","TRUE","Site QA","Floor Finishes","WING C","C.30A ENSUITE","Wall Finish","Wall Finish installed as per plan"
"a4949b82-d014-5242-85f8-9d25a949f273","","checkpoint-group","not-started","","","FALSE","FALSE","Site QA","Floor Finishes","WING C","C.30A ENSUITE","Protection and Handover"
"f0f3143e-e1f3-51fc-8369-023b8b5fcadf","","checkpoint-status","not-started","","","TRUE","TRUE","Site QA","Floor Finishes","WING C","C.30A ENSUITE","Protection and Handover","Installation complete, checked and reviewed - as per specification"
"82748721-b2f4-56c5-a39c-67a07a50da79","","checkpoint-status","not-started","","","TRUE","TRUE","Site QA","Floor Finishes","WING C","C.30A ENSUITE","Protection and Handover","Floor protected with bubbleweave floor protection or polyweave"
"157d6105-9884-5b65-bd2b-8e3967e5d592","","checkpoint-status","not-started","","","TRUE","TRUE","Site QA","Floor Finishes","WING C","C.30A ENSUITE","Protection and Handover","Installer Sign Off: Protection installed as per manufacturer's instructions"
"56b6cf88-95c3-4a46-9ad0-9beb95dcf5b8","","checklist-sectioned","not-started","5a8a68d1221a9e608c282940756e19ac2c3c1dd54ffd7888cef6f74664a05c9a","checklist","FALSE","FALSE","Site QA","Floor Finishes","WING C","C.32 SERVERY"
"42531b0c-467f-5f70-9b5c-1fe9b75aad9e","","checkpoint-group","not-started","","","FALSE","FALSE","Site QA","Floor Finishes","WING C","C.32 SERVERY","Subfloor, Floor Preparation, Adhesive"
"2609ae0f-3e55-50e7-ad63-ee7c69d71528","","checkpoint-status","not-started","","","TRUE","TRUE","Site QA","Floor Finishes","WING C","C.32 SERVERY","Subfloor, Floor Preparation, Adhesive","Confirm area of work is accessible & acceptable to commence (If not comment below)"
"fc1491e3-5719-572b-ae73-fa7210a72bb7","","checkpoint-status","not-started","","","TRUE","TRUE","Site QA","Floor Finishes","WING C","C.32 SERVERY","Subfloor, Floor Preparation, Adhesive","Subfloor mechanically diamond ground"
"fccbaa44-5559-480e-b264-fe681d83ef91","","checkpoint-status","not-started","","","TRUE","TRUE","Site QA","Floor Finishes","WING C","C.32 SERVERY","Subfloor, Floor Preparation, Adhesive","Floor preparation product installed in accordance with manufacturer's instructions"
"3f4312c2-dc30-5075-9e27-13e9777d9af3","","checkpoint-status","not-started","","","TRUE","TRUE","Site QA","Floor Finishes","WING C","C.32 SERVERY","Subfloor, Floor Preparation, Adhesive","Floor transitions installed as per instructions from builder"
"5dab55aa-2449-4841-bddc-860ce1d944f2","","checkpoint-status","not-started","","","TRUE","TRUE","Site QA","Floor Finishes","WING C","C.32 SERVERY","Subfloor, Floor Preparation, Adhesive","Waterproof tested for falls, and water test completed by waterproofers"
"61e83edc-6f08-5f96-adcc-fc2e2b73b37a","","checkpoint-status","not-started","","","TRUE","TRUE","Site QA","Floor Finishes","WING C","C.32 SERVERY","Subfloor, Floor Preparation, Adhesive","Correct adhesive used"
"f70d4563-77b1-5f56-9c52-4287cd25b0f6","","checkpoint-group","not-started","","","FALSE","FALSE","Site QA","Floor Finishes","WING C","C.32 SERVERY","Carpet / Vinyl"
"a82bf3b9-4d6a-55fa-8105-055abea93c7e","","checkpoint-status","not-started","","","TRUE","TRUE","Site QA","Floor Finishes","WING C","C.32 SERVERY","Carpet / Vinyl","Confirm area of work is accessible & acceptable to commence (If not comment below)"
"87d73a9c-4602-5c80-9845-89e8612d4edd","","checkpoint-status","not-started","","","TRUE","TRUE","Site QA","Floor Finishes","WING C","C.32 SERVERY","Carpet / Vinyl","Vinyl installed as per plan"
"8c4eab33-c488-5740-8be1-fede89c42eae","","checkpoint-status","not-started","","","TRUE","TRUE","Site QA","Floor Finishes","WING C","C.32 SERVERY","Carpet / Vinyl","Carpet installed as per plan"
"32bafeaa-94d3-56c8-a5ca-4b7a8f2adbe5","","checkpoint-status","not-started","","","TRUE","TRUE","Site QA","Floor Finishes","WING C","C.32 SERVERY","Carpet / Vinyl","Joints sealed with heat welded seams and mitres as per AS 1884-2012"
"436ffdf2-f34b-5b44-861d-96fef15bddb9","","checkpoint-status","not-started","","","TRUE","TRUE","Site QA","Floor Finishes","WING C","C.32 SERVERY","Carpet / Vinyl","Vinyl skirt and coving used as per finishes markup - 150mm height"
"109d96ba-90f6-509c-b395-7bd1933acd2c","","checkpoint-status","not-started","","","TRUE","TRUE","Site QA","Floor Finishes","WING C","C.32 SERVERY","Carpet / Vinyl","Installer Sign Off: Carpet / Vinyl installed as per manufacturer's instructions"
"97fa6626-de25-54ab-b1b7-2d12a7e32222","","checkpoint-status","not-started","","","TRUE","TRUE","Site QA","Floor Finishes","WING C","C.32 SERVERY","Carpet / Vinyl","Add-Floors Sign Off"
"25d7f6dd-ec53-5089-8e47-8835778d0fd1","","checkpoint-status","not-started","","","TRUE","TRUE","Site QA","Floor Finishes","WING C","C.32 SERVERY","Carpet / Vinyl","Foreman installation sign off"
"c0277ec1-20f8-57c4-8347-d54fd3f4abb5","","checkpoint-group","not-started","","","FALSE","FALSE","Site QA","Floor Finishes","WING C","C.32 SERVERY","Wall Finish"
"8e86231f-a16a-58e6-99b0-d3f59955d82a","","checkpoint-status","not-started","","","TRUE","TRUE","Site QA","Floor Finishes","WING C","C.32 SERVERY","Wall Finish","Wall Finish installed as per plan"
"37cb75c5-4dd1-5f27-8c41-2ae930539fd2","","checkpoint-group","not-started","","","FALSE","FALSE","Site QA","Floor Finishes","WING C","C.32 SERVERY","Protection and Handover"
"347c11b2-e1ea-5706-9d04-0da5f2ecdafd","","checkpoint-status","not-started","","","TRUE","TRUE","Site QA","Floor Finishes","WING C","C.32 SERVERY","Protection and Handover","Installation complete, checked and reviewed - as per specification"
"8812348f-d8b6-5fe5-81be-997ed620ce8b","","checkpoint-status","not-started","","","TRUE","TRUE","Site QA","Floor Finishes","WING C","C.32 SERVERY","Protection and Handover","Floor protected with bubbleweave floor protection or polyweave"
"965da51b-b7ae-5e9a-9508-2faa07a53d76","","checkpoint-status","not-started","","","TRUE","TRUE","Site QA","Floor Finishes","WING C","C.32 SERVERY","Protection and Handover","Installer Sign Off: Protection installed as per manufacturer's instructions"
"86e3a499-dfdf-4a26-8c08-77807c27a76e","","checklist-sectioned","not-started","5a8a68d1221a9e608c282940756e19ac2c3c1dd54ffd7888cef6f74664a05c9a","checklist","FALSE","FALSE","Site QA","Floor Finishes","WING C","C.33 BED"
"ea966dbe-c99a-5e81-895f-e13b60e80391","","checkpoint-group","not-started","","","FALSE","FALSE","Site QA","Floor Finishes","WING C","C.33 BED","Subfloor, Floor Preparation, Adhesive"
"b8b3602f-5df9-5edb-a712-999dc1294857","","checkpoint-status","not-started","","","TRUE","TRUE","Site QA","Floor Finishes","WING C","C.33 BED","Subfloor, Floor Preparation, Adhesive","Confirm area of work is accessible & acceptable to commence (If not comment below)"
"2ec6f969-1003-5945-8edd-ef8c14af72ad","","checkpoint-status","not-started","","","TRUE","TRUE","Site QA","Floor Finishes","WING C","C.33 BED","Subfloor, Floor Preparation, Adhesive","Subfloor mechanically diamond ground"
"0389364a-268a-440a-9ddb-140ad35de702","","checkpoint-status","not-started","","","TRUE","TRUE","Site QA","Floor Finishes","WING C","C.33 BED","Subfloor, Floor Preparation, Adhesive","Floor preparation product installed in accordance with manufacturer's instructions"
"c5f42d41-f587-58c3-89ef-41a0df710a68","","checkpoint-status","not-started","","","TRUE","TRUE","Site QA","Floor Finishes","WING C","C.33 BED","Subfloor, Floor Preparation, Adhesive","Floor transitions installed as per instructions from builder"
"92f234e8-939d-4308-959c-0baa142890f9","","checkpoint-status","not-started","","","TRUE","TRUE","Site QA","Floor Finishes","WING C","C.33 BED","Subfloor, Floor Preparation, Adhesive","Waterproof tested for falls, and water test completed by waterproofers"
"18bf4b00-593c-50b5-a858-1952ba2b579c","","checkpoint-status","not-started","","","TRUE","TRUE","Site QA","Floor Finishes","WING C","C.33 BED","Subfloor, Floor Preparation, Adhesive","Correct adhesive used"
"9814939c-bbdd-513f-ba8a-352a860d3239","","checkpoint-group","not-started","","","FALSE","FALSE","Site QA","Floor Finishes","WING C","C.33 BED","Carpet / Vinyl"
"91193982-ad20-529c-83db-398ced216f31","","checkpoint-status","not-started","","","TRUE","TRUE","Site QA","Floor Finishes","WING C","C.33 BED","Carpet / Vinyl","Confirm area of work is accessible & acceptable to commence (If not comment below)"
"ed46f7ec-30f1-5a1d-a7b5-dc8918857b03","","checkpoint-status","not-started","","","TRUE","TRUE","Site QA","Floor Finishes","WING C","C.33 BED","Carpet / Vinyl","Vinyl installed as per plan"
"c581982c-0473-5eb1-b503-a1bbfa7cb63a","","checkpoint-status","not-started","","","TRUE","TRUE","Site QA","Floor Finishes","WING C","C.33 BED","Carpet / Vinyl","Carpet installed as per plan"
"093d0db3-b262-5111-9a15-fbacd98ff732","","checkpoint-status","not-started","","","TRUE","TRUE","Site QA","Floor Finishes","WING C","C.33 BED","Carpet / Vinyl","Joints sealed with heat welded seams and mitres as per AS 1884-2012"
"91b64154-04d7-5a2f-b1a2-0c9ae23c3485","","checkpoint-status","not-started","","","TRUE","TRUE","Site QA","Floor Finishes","WING C","C.33 BED","Carpet / Vinyl","Vinyl skirt and coving used as per finishes markup - 150mm height"
"85e0cf2c-d976-5260-993c-d4f1348d0c1e","","checkpoint-status","not-started","","","TRUE","TRUE","Site QA","Floor Finishes","WING C","C.33 BED","Carpet / Vinyl","Installer Sign Off: Carpet / Vinyl installed as per manufacturer's instructions"
"7ea0f3a3-b10b-5446-bd11-4a6e27da82cd","","checkpoint-status","not-started","","","TRUE","TRUE","Site QA","Floor Finishes","WING C","C.33 BED","Carpet / Vinyl","Add-Floors Sign Off"
"42345c53-0087-5d89-ae7a-baf439ef2f4c","","checkpoint-status","not-started","","","TRUE","TRUE","Site QA","Floor Finishes","WING C","C.33 BED","Carpet / Vinyl","Foreman installation sign off"
"1dbcb1fb-cf1a-55f6-9e8f-c4f6be879a64","","checkpoint-group","not-started","","","FALSE","FALSE","Site QA","Floor Finishes","WING C","C.33 BED","Wall Finish"
"e5c37754-c0cb-57bb-8512-4325c5dfc82d","","checkpoint-status","not-started","","","TRUE","TRUE","Site QA","Floor Finishes","WING C","C.33 BED","Wall Finish","Wall Finish installed as per plan"
"c3dd7075-c7eb-544e-8187-62192ae7cb36","","checkpoint-group","not-started","","","FALSE","FALSE","Site QA","Floor Finishes","WING C","C.33 BED","Protection and Handover"
"1a06a6dd-8e33-5281-998d-2b64eb8b5f01","","checkpoint-status","not-started","","","TRUE","TRUE","Site QA","Floor Finishes","WING C","C.33 BED","Protection and Handover","Installation complete, checked and reviewed - as per specification"
"7664c99d-6ebf-50f3-8f75-4aef31748afd","","checkpoint-status","not-started","","","TRUE","TRUE","Site QA","Floor Finishes","WING C","C.33 BED","Protection and Handover","Floor protected with bubbleweave floor protection or polyweave"
"c4886981-5a7f-582e-b9e5-c479b72a8b00","","checkpoint-status","not-started","","","TRUE","TRUE","Site QA","Floor Finishes","WING C","C.33 BED","Protection and Handover","Installer Sign Off: Protection installed as per manufacturer's instructions"
"e3aad751-1bc8-4107-a8ce-59645f67ec44","","checklist-sectioned","not-started","5a8a68d1221a9e608c282940756e19ac2c3c1dd54ffd7888cef6f74664a05c9a","checklist","FALSE","FALSE","Site QA","Floor Finishes","WING C","C.33A ENSUITE"
"f91ac083-7b49-59ac-ba9d-f198253b4fdf","","checkpoint-group","not-started","","","FALSE","FALSE","Site QA","Floor Finishes","WING C","C.33A ENSUITE","Subfloor, Floor Preparation, Adhesive"
"51c87ee9-938e-5495-beae-9a05f56085b3","","checkpoint-status","not-started","","","TRUE","TRUE","Site QA","Floor Finishes","WING C","C.33A ENSUITE","Subfloor, Floor Preparation, Adhesive","Confirm area of work is accessible & acceptable to commence (If not comment below)"
"739fc00e-87aa-5079-b368-afa107cf746f","","checkpoint-status","not-started","","","TRUE","TRUE","Site QA","Floor Finishes","WING C","C.33A ENSUITE","Subfloor, Floor Preparation, Adhesive","Subfloor mechanically diamond ground"
"46934f4b-2553-4892-8bdf-10c46a33c9a9","","checkpoint-status","not-started","","","TRUE","TRUE","Site QA","Floor Finishes","WING C","C.33A ENSUITE","Subfloor, Floor Preparation, Adhesive","Floor preparation product installed in accordance with manufacturer's instructions"
"4dfc8634-4eec-5d64-adc7-12b4d2543bad","","checkpoint-status","not-started","","","TRUE","TRUE","Site QA","Floor Finishes","WING C","C.33A ENSUITE","Subfloor, Floor Preparation, Adhesive","Floor transitions installed as per instructions from builder"
"abc62df7-7dc3-455f-adf9-96fe1859d140","","checkpoint-status","not-started","","","TRUE","TRUE","Site QA","Floor Finishes","WING C","C.33A ENSUITE","Subfloor, Floor Preparation, Adhesive","Waterproof tested for falls, and water test completed by waterproofers"
"141d80f7-3b7b-52da-9486-154d56f7efc7","","checkpoint-status","not-started","","","TRUE","TRUE","Site QA","Floor Finishes","WING C","C.33A ENSUITE","Subfloor, Floor Preparation, Adhesive","Correct adhesive used"
"f410963c-404e-523c-baa2-3f4cf4862285","","checkpoint-group","not-started","","","FALSE","FALSE","Site QA","Floor Finishes","WING C","C.33A ENSUITE","Carpet / Vinyl"
"590947cc-7169-5dbe-b8ce-5979f663c3d2","","checkpoint-status","not-started","","","TRUE","TRUE","Site QA","Floor Finishes","WING C","C.33A ENSUITE","Carpet / Vinyl","Confirm area of work is accessible & acceptable to commence (If not comment below)"
"d3fbbf0f-ea99-5989-be96-8e50b73a81ec","","checkpoint-status","not-started","","","TRUE","TRUE","Site QA","Floor Finishes","WING C","C.33A ENSUITE","Carpet / Vinyl","Vinyl installed as per plan"
"c8e12731-0ea5-51ee-babb-f22fe2473378","","checkpoint-status","not-started","","","TRUE","TRUE","Site QA","Floor Finishes","WING C","C.33A ENSUITE","Carpet / Vinyl","Carpet installed as per plan"
"963e6858-3b94-545a-a94e-5426c879ac5e","","checkpoint-status","not-started","","","TRUE","TRUE","Site QA","Floor Finishes","WING C","C.33A ENSUITE","Carpet / Vinyl","Joints sealed with heat welded seams and mitres as per AS 1884-2012"
"41893aec-5719-57be-9e99-0598a83246cc","","checkpoint-status","not-started","","","TRUE","TRUE","Site QA","Floor Finishes","WING C","C.33A ENSUITE","Carpet / Vinyl","Vinyl skirt and coving used as per finishes markup - 150mm height"
"8ba82240-d1bd-5ef5-adb4-737c46fb9b6d","","checkpoint-status","not-started","","","TRUE","TRUE","Site QA","Floor Finishes","WING C","C.33A ENSUITE","Carpet / Vinyl","Installer Sign Off: Carpet / Vinyl installed as per manufacturer's instructions"
"24c3153a-5b7e-5771-bc17-a2834c84b694","","checkpoint-status","not-started","","","TRUE","TRUE","Site QA","Floor Finishes","WING C","C.33A ENSUITE","Carpet / Vinyl","Add-Floors Sign Off"
"ec7a7fa6-993b-5bdd-b275-7dc47b59e06a","","checkpoint-status","not-started","","","TRUE","TRUE","Site QA","Floor Finishes","WING C","C.33A ENSUITE","Carpet / Vinyl","Foreman installation sign off"
"248618d5-853e-5158-966e-320dd25e35e2","","checkpoint-group","not-started","","","FALSE","FALSE","Site QA","Floor Finishes","WING C","C.33A ENSUITE","Wall Finish"
"0f6a37bf-4d7b-5d9b-9071-9b22fabdcf4d","","checkpoint-status","not-started","","","TRUE","TRUE","Site QA","Floor Finishes","WING C","C.33A ENSUITE","Wall Finish","Wall Finish installed as per plan"
"0c9c0b55-5cb6-5fce-be00-2276e9537fd1","","checkpoint-group","not-started","","","FALSE","FALSE","Site QA","Floor Finishes","WING C","C.33A ENSUITE","Protection and Handover"
"8ef30731-1796-5054-b572-f6cee3e4c1bc","","checkpoint-status","not-started","","","TRUE","TRUE","Site QA","Floor Finishes","WING C","C.33A ENSUITE","Protection and Handover","Installation complete, checked and reviewed - as per specification"
"0504295e-d24d-5f06-a913-ba88cb19c2b8","","checkpoint-status","not-started","","","TRUE","TRUE","Site QA","Floor Finishes","WING C","C.33A ENSUITE","Protection and Handover","Floor protected with bubbleweave floor protection or polyweave"
"2f86c069-b37c-571f-9f1f-e7e33e3d09c1","","checkpoint-status","not-started","","","TRUE","TRUE","Site QA","Floor Finishes","WING C","C.33A ENSUITE","Protection and Handover","Installer Sign Off: Protection installed as per manufacturer's instructions"
"bea12128-eb95-4686-8399-4800edfb54c6","","checklist-sectioned","not-started","5a8a68d1221a9e608c282940756e19ac2c3c1dd54ffd7888cef6f74664a05c9a","checklist","FALSE","FALSE","Site QA","Floor Finishes","WING C","C.34 BED"
"446fb9a9-4cc5-508e-891d-2e28ccf76b58","","checkpoint-group","not-started","","","FALSE","FALSE","Site QA","Floor Finishes","WING C","C.34 BED","Subfloor, Floor Preparation, Adhesive"
"bcce3523-a1c3-5312-992b-af761e7a0193","","checkpoint-status","not-started","","","TRUE","TRUE","Site QA","Floor Finishes","WING C","C.34 BED","Subfloor, Floor Preparation, Adhesive","Confirm area of work is accessible & acceptable to commence (If not comment below)"
"5e62a4e1-16ca-538e-85db-9e2efb5301f9","","checkpoint-status","not-started","","","TRUE","TRUE","Site QA","Floor Finishes","WING C","C.34 BED","Subfloor, Floor Preparation, Adhesive","Subfloor mechanically diamond ground"
"bd84920f-b724-46ce-894e-e11d1a5dbcd9","","checkpoint-status","not-started","","","TRUE","TRUE","Site QA","Floor Finishes","WING C","C.34 BED","Subfloor, Floor Preparation, Adhesive","Floor preparation product installed in accordance with manufacturer's instructions"
"0642e515-3e69-5520-83c4-4e971b307dfb","","checkpoint-status","not-started","","","TRUE","TRUE","Site QA","Floor Finishes","WING C","C.34 BED","Subfloor, Floor Preparation, Adhesive","Floor transitions installed as per instructions from builder"
"7433c236-0a98-4c16-a97a-dd87eaf7e23d","","checkpoint-status","not-started","","","TRUE","TRUE","Site QA","Floor Finishes","WING C","C.34 BED","Subfloor, Floor Preparation, Adhesive","Waterproof tested for falls, and water test completed by waterproofers"
"89e87c8a-3105-56fe-b058-e353f5a3a8e0","","checkpoint-status","not-started","","","TRUE","TRUE","Site QA","Floor Finishes","WING C","C.34 BED","Subfloor, Floor Preparation, Adhesive","Correct adhesive used"
"a331a195-b5f3-5a41-a71b-69b971234062","","checkpoint-group","not-started","","","FALSE","FALSE","Site QA","Floor Finishes","WING C","C.34 BED","Carpet / Vinyl"
"79394009-fd4e-52c4-aedd-f1c18515fa1d","","checkpoint-status","not-started","","","TRUE","TRUE","Site QA","Floor Finishes","WING C","C.34 BED","Carpet / Vinyl","Confirm area of work is accessible & acceptable to commence (If not comment below)"
"d3b44e07-e491-5bb6-b442-fc301cfbecea","","checkpoint-status","not-started","","","TRUE","TRUE","Site QA","Floor Finishes","WING C","C.34 BED","Carpet / Vinyl","Vinyl installed as per plan"
"075f66df-b1f8-5904-ab78-74e77d31cdc2","","checkpoint-status","not-started","","","TRUE","TRUE","Site QA","Floor Finishes","WING C","C.34 BED","Carpet / Vinyl","Carpet installed as per plan"
"dd7a028f-5fbd-5dc9-ad12-440052228320","","checkpoint-status","not-started","","","TRUE","TRUE","Site QA","Floor Finishes","WING C","C.34 BED","Carpet / Vinyl","Joints sealed with heat welded seams and mitres as per AS 1884-2012"
"f0106099-6c93-5262-ab9a-8d83fa268559","","checkpoint-status","not-started","","","TRUE","TRUE","Site QA","Floor Finishes","WING C","C.34 BED","Carpet / Vinyl","Vinyl skirt and coving used as per finishes markup - 150mm height"
"6438ce45-f892-54e3-9987-8fa08e3a9cb9","","checkpoint-status","not-started","","","TRUE","TRUE","Site QA","Floor Finishes","WING C","C.34 BED","Carpet / Vinyl","Installer Sign Off: Carpet / Vinyl installed as per manufacturer's instructions"
"7978f1f7-9eae-5fae-bd19-78625411ff3b","","checkpoint-status","not-started","","","TRUE","TRUE","Site QA","Floor Finishes","WING C","C.34 BED","Carpet / Vinyl","Add-Floors Sign Off"
"3e9d61c9-90e5-5fd8-a543-26b300af4e11","","checkpoint-status","not-started","","","TRUE","TRUE","Site QA","Floor Finishes","WING C","C.34 BED","Carpet / Vinyl","Foreman installation sign off"
"c5c74f78-dc8c-520e-a0cc-518a347ea07e","","checkpoint-group","not-started","","","FALSE","FALSE","Site QA","Floor Finishes","WING C","C.34 BED","Wall Finish"
"3341d1d4-3d6f-5345-a60c-5eda5a5cf0b7","","checkpoint-status","not-started","","","TRUE","TRUE","Site QA","Floor Finishes","WING C","C.34 BED","Wall Finish","Wall Finish installed as per plan"
"366d746f-569b-5319-bfff-5f800bc4fc71","","checkpoint-group","not-started","","","FALSE","FALSE","Site QA","Floor Finishes","WING C","C.34 BED","Protection and Handover"
"90b39431-da4c-5228-ae5c-92784c44c718","","checkpoint-status","not-started","","","TRUE","TRUE","Site QA","Floor Finishes","WING C","C.34 BED","Protection and Handover","Installation complete, checked and reviewed - as per specification"
"25a01898-5ba0-5fed-9104-3fa2bba6a410","","checkpoint-status","not-started","","","TRUE","TRUE","Site QA","Floor Finishes","WING C","C.34 BED","Protection and Handover","Floor protected with bubbleweave floor protection or polyweave"
"0bcb9868-4ed2-5882-9489-c19d4b2bdd17","","checkpoint-status","not-started","","","TRUE","TRUE","Site QA","Floor Finishes","WING C","C.34 BED","Protection and Handover","Installer Sign Off: Protection installed as per manufacturer's instructions"
"fab692e5-3e8c-40cd-9eb8-16bc4988418e","","checklist-sectioned","not-started","5a8a68d1221a9e608c282940756e19ac2c3c1dd54ffd7888cef6f74664a05c9a","checklist","FALSE","FALSE","Site QA","Floor Finishes","WING C","C.34A ENSUITE"
"478b152d-0f7c-5918-8baf-c34159217349","","checkpoint-group","not-started","","","FALSE","FALSE","Site QA","Floor Finishes","WING C","C.34A ENSUITE","Subfloor, Floor Preparation, Adhesive"
"515f09f4-f44f-59e7-ac27-80bf9a24b837","","checkpoint-status","not-started","","","TRUE","TRUE","Site QA","Floor Finishes","WING C","C.34A ENSUITE","Subfloor, Floor Preparation, Adhesive","Confirm area of work is accessible & acceptable to commence (If not comment below)"
"5e86ca98-cab2-5932-b1d7-6a883ce4862f","","checkpoint-status","not-started","","","TRUE","TRUE","Site QA","Floor Finishes","WING C","C.34A ENSUITE","Subfloor, Floor Preparation, Adhesive","Subfloor mechanically diamond ground"
"e29083dd-d34f-4709-be76-359f5ea5baff","","checkpoint-status","not-started","","","TRUE","TRUE","Site QA","Floor Finishes","WING C","C.34A ENSUITE","Subfloor, Floor Preparation, Adhesive","Floor preparation product installed in accordance with manufacturer's instructions"
"258fd953-820d-507a-b267-03d94a417cb8","","checkpoint-status","not-started","","","TRUE","TRUE","Site QA","Floor Finishes","WING C","C.34A ENSUITE","Subfloor, Floor Preparation, Adhesive","Floor transitions installed as per instructions from builder"
"0ebe971d-e7fb-441c-940f-d94db1831bf7","","checkpoint-status","not-started","","","TRUE","TRUE","Site QA","Floor Finishes","WING C","C.34A ENSUITE","Subfloor, Floor Preparation, Adhesive","Waterproof tested for falls, and water test completed by waterproofers"
"a36a9ee6-d592-58b8-97dd-ecc558f1a527","","checkpoint-status","not-started","","","TRUE","TRUE","Site QA","Floor Finishes","WING C","C.34A ENSUITE","Subfloor, Floor Preparation, Adhesive","Correct adhesive used"
"06151343-3ca0-5695-a112-7a5b064759d6","","checkpoint-group","not-started","","","FALSE","FALSE","Site QA","Floor Finishes","WING C","C.34A ENSUITE","Carpet / Vinyl"
"914f1c4f-e0d8-5110-a5f3-c74df82d60ce","","checkpoint-status","not-started","","","TRUE","TRUE","Site QA","Floor Finishes","WING C","C.34A ENSUITE","Carpet / Vinyl","Confirm area of work is accessible & acceptable to commence (If not comment below)"
"c9401e31-bf79-51f0-9ff5-8d14d3ea8d63","","checkpoint-status","not-started","","","TRUE","TRUE","Site QA","Floor Finishes","WING C","C.34A ENSUITE","Carpet / Vinyl","Vinyl installed as per plan"
"feffdb6a-bac5-5607-a2aa-68260f906aa6","","checkpoint-status","not-started","","","TRUE","TRUE","Site QA","Floor Finishes","WING C","C.34A ENSUITE","Carpet / Vinyl","Carpet installed as per plan"
"0d11dd7d-4934-5281-8747-2b2f8a466b44","","checkpoint-status","not-started","","","TRUE","TRUE","Site QA","Floor Finishes","WING C","C.34A ENSUITE","Carpet / Vinyl","Joints sealed with heat welded seams and mitres as per AS 1884-2012"
"1d03885a-aecb-5a61-abb7-43b947d6eac3","","checkpoint-status","not-started","","","TRUE","TRUE","Site QA","Floor Finishes","WING C","C.34A ENSUITE","Carpet / Vinyl","Vinyl skirt and coving used as per finishes markup - 150mm height"
"36f03234-31d5-5ef1-8fab-e79e1a2845c4","","checkpoint-status","not-started","","","TRUE","TRUE","Site QA","Floor Finishes","WING C","C.34A ENSUITE","Carpet / Vinyl","Installer Sign Off: Carpet / Vinyl installed as per manufacturer's instructions"
"32f53502-2cf5-5013-bbbd-bb4e4fc00187","","checkpoint-status","not-started","","","TRUE","TRUE","Site QA","Floor Finishes","WING C","C.34A ENSUITE","Carpet / Vinyl","Add-Floors Sign Off"
"b3eed8c4-32f4-5d49-b503-893f9ba3de2f","","checkpoint-status","not-started","","","TRUE","TRUE","Site QA","Floor Finishes","WING C","C.34A ENSUITE","Carpet / Vinyl","Foreman installation sign off"
"8a92e121-c4c1-588c-8a94-0aae732c78f0","","checkpoint-group","not-started","","","FALSE","FALSE","Site QA","Floor Finishes","WING C","C.34A ENSUITE","Wall Finish"
"aadec694-81f4-5f60-88de-1b2576afcaad","","checkpoint-status","not-started","","","TRUE","TRUE","Site QA","Floor Finishes","WING C","C.34A ENSUITE","Wall Finish","Wall Finish installed as per plan"
"ca3e6f15-b11c-54eb-bc90-3d7fc09227e5","","checkpoint-group","not-started","","","FALSE","FALSE","Site QA","Floor Finishes","WING C","C.34A ENSUITE","Protection and Handover"
"3fab7921-21f8-59c5-8cd6-a21a88cffcf3","","checkpoint-status","not-started","","","TRUE","TRUE","Site QA","Floor Finishes","WING C","C.34A ENSUITE","Protection and Handover","Installation complete, checked and reviewed - as per specification"
"9bbff4ff-c998-564e-9d61-daae3b1e9ee4","","checkpoint-status","not-started","","","TRUE","TRUE","Site QA","Floor Finishes","WING C","C.34A ENSUITE","Protection and Handover","Floor protected with bubbleweave floor protection or polyweave"
"3dd4db80-c986-5cc2-bf1d-b1f5bcd08f1a","","checkpoint-status","not-started","","","TRUE","TRUE","Site QA","Floor Finishes","WING C","C.34A ENSUITE","Protection and Handover","Installer Sign Off: Protection installed as per manufacturer's instructions"
"ff1cddd0-0a30-4acf-adb7-adb34779b6ab","","checklist-sectioned","not-started","5a8a68d1221a9e608c282940756e19ac2c3c1dd54ffd7888cef6f74664a05c9a","checklist","FALSE","FALSE","Site QA","Floor Finishes","WING C","C.35 BED"
"0c72b5f8-5cb6-573f-8bba-295b1c70fd62","","checkpoint-group","not-started","","","FALSE","FALSE","Site QA","Floor Finishes","WING C","C.35 BED","Subfloor, Floor Preparation, Adhesive"
"e415cbc5-b011-5048-81fb-89ae8c1de0ad","","checkpoint-status","not-started","","","TRUE","TRUE","Site QA","Floor Finishes","WING C","C.35 BED","Subfloor, Floor Preparation, Adhesive","Confirm area of work is accessible & acceptable to commence (If not comment below)"
"f29f8381-f34d-5913-9fe7-e34ebb81be30","","checkpoint-status","not-started","","","TRUE","TRUE","Site QA","Floor Finishes","WING C","C.35 BED","Subfloor, Floor Preparation, Adhesive","Subfloor mechanically diamond ground"
"844592be-fbbb-419b-8fc5-ad7029092eb3","","checkpoint-status","not-started","","","TRUE","TRUE","Site QA","Floor Finishes","WING C","C.35 BED","Subfloor, Floor Preparation, Adhesive","Floor preparation product installed in accordance with manufacturer's instructions"
"b42b7557-d976-5582-b390-31d64fceb583","","checkpoint-status","not-started","","","TRUE","TRUE","Site QA","Floor Finishes","WING C","C.35 BED","Subfloor, Floor Preparation, Adhesive","Floor transitions installed as per instructions from builder"
"9695333f-ec38-4612-bfea-8c0659ddec75","","checkpoint-status","not-started","","","TRUE","TRUE","Site QA","Floor Finishes","WING C","C.35 BED","Subfloor, Floor Preparation, Adhesive","Waterproof tested for falls, and water test completed by waterproofers"
"5663f600-a9b7-5281-afcb-f481ce133b1a","","checkpoint-status","not-started","","","TRUE","TRUE","Site QA","Floor Finishes","WING C","C.35 BED","Subfloor, Floor Preparation, Adhesive","Correct adhesive used"
"64fdf024-294c-5d5a-aae5-9802f7b8948c","","checkpoint-group","not-started","","","FALSE","FALSE","Site QA","Floor Finishes","WING C","C.35 BED","Carpet / Vinyl"
"8f7b4fa0-58f7-5136-975a-3518661b932b","","checkpoint-status","not-started","","","TRUE","TRUE","Site QA","Floor Finishes","WING C","C.35 BED","Carpet / Vinyl","Confirm area of work is accessible & acceptable to commence (If not comment below)"
"325b2d8f-bae6-5ac0-b944-121cf860f360","","checkpoint-status","not-started","","","TRUE","TRUE","Site QA","Floor Finishes","WING C","C.35 BED","Carpet / Vinyl","Vinyl installed as per plan"
"8e1a03c0-e569-58ed-b87f-b920d641a8ed","","checkpoint-status","not-started","","","TRUE","TRUE","Site QA","Floor Finishes","WING C","C.35 BED","Carpet / Vinyl","Carpet installed as per plan"
"9bb3fe5b-e9fa-55b8-bafa-b0636f85c412","","checkpoint-status","not-started","","","TRUE","TRUE","Site QA","Floor Finishes","WING C","C.35 BED","Carpet / Vinyl","Joints sealed with heat welded seams and mitres as per AS 1884-2012"
"ad48f90d-4538-55a4-80a9-a6622da846dd","","checkpoint-status","not-started","","","TRUE","TRUE","Site QA","Floor Finishes","WING C","C.35 BED","Carpet / Vinyl","Vinyl skirt and coving used as per finishes markup - 150mm height"
"a4852cd8-b213-5c66-bec7-7ad7c6639972","","checkpoint-status","not-started","","","TRUE","TRUE","Site QA","Floor Finishes","WING C","C.35 BED","Carpet / Vinyl","Installer Sign Off: Carpet / Vinyl installed as per manufacturer's instructions"
"50133bd0-af35-5e86-b289-3a2c1c6cd324","","checkpoint-status","not-started","","","TRUE","TRUE","Site QA","Floor Finishes","WING C","C.35 BED","Carpet / Vinyl","Add-Floors Sign Off"
"5be1e022-1b98-565c-aaa7-d1ac3d7601bb","","checkpoint-status","not-started","","","TRUE","TRUE","Site QA","Floor Finishes","WING C","C.35 BED","Carpet / Vinyl","Foreman installation sign off"
"224785fa-f672-5577-8ddb-871d2eb5a7d7","","checkpoint-group","not-started","","","FALSE","FALSE","Site QA","Floor Finishes","WING C","C.35 BED","Wall Finish"
"224537a2-859d-560c-9b88-ddcbf98a34a8","","checkpoint-status","not-started","","","TRUE","TRUE","Site QA","Floor Finishes","WING C","C.35 BED","Wall Finish","Wall Finish installed as per plan"
"8f98f9a2-5bc7-5c6f-a25c-df74c57c4e9f","","checkpoint-group","not-started","","","FALSE","FALSE","Site QA","Floor Finishes","WING C","C.35 BED","Protection and Handover"
"3e98c6a9-72d9-5719-a12b-be616cb62e0b","","checkpoint-status","not-started","","","TRUE","TRUE","Site QA","Floor Finishes","WING C","C.35 BED","Protection and Handover","Installation complete, checked and reviewed - as per specification"
"fdf12491-634a-5fe4-98e2-43195ecfa139","","checkpoint-status","not-started","","","TRUE","TRUE","Site QA","Floor Finishes","WING C","C.35 BED","Protection and Handover","Floor protected with bubbleweave floor protection or polyweave"
"339ad88a-c428-501a-8ec0-004209fade82","","checkpoint-status","not-started","","","TRUE","TRUE","Site QA","Floor Finishes","WING C","C.35 BED","Protection and Handover","Installer Sign Off: Protection installed as per manufacturer's instructions"
"c3126fce-bec5-4869-9855-8bf77e8716b5","","checklist-sectioned","not-started","5a8a68d1221a9e608c282940756e19ac2c3c1dd54ffd7888cef6f74664a05c9a","checklist","FALSE","FALSE","Site QA","Floor Finishes","WING C","C.35A ENSUITE"
"ddf6a2c9-d38d-515f-b440-4d81a8a19207","","checkpoint-group","not-started","","","FALSE","FALSE","Site QA","Floor Finishes","WING C","C.35A ENSUITE","Subfloor, Floor Preparation, Adhesive"
"a0caa868-d553-5391-9790-f01b176b8618","","checkpoint-status","not-started","","","TRUE","TRUE","Site QA","Floor Finishes","WING C","C.35A ENSUITE","Subfloor, Floor Preparation, Adhesive","Confirm area of work is accessible & acceptable to commence (If not comment below)"
"01f787f4-c6a2-5828-b7f6-5644a13611ee","","checkpoint-status","not-started","","","TRUE","TRUE","Site QA","Floor Finishes","WING C","C.35A ENSUITE","Subfloor, Floor Preparation, Adhesive","Subfloor mechanically diamond ground"
"87cec157-c15e-4588-8975-5ea8a30a3a43","","checkpoint-status","not-started","","","TRUE","TRUE","Site QA","Floor Finishes","WING C","C.35A ENSUITE","Subfloor, Floor Preparation, Adhesive","Floor preparation product installed in accordance with manufacturer's instructions"
"56b931c6-ed98-5ce9-a9ae-3256e70527bf","","checkpoint-status","not-started","","","TRUE","TRUE","Site QA","Floor Finishes","WING C","C.35A ENSUITE","Subfloor, Floor Preparation, Adhesive","Floor transitions installed as per instructions from builder"
"6a9616f8-c5ff-4653-a911-3948e1493de6","","checkpoint-status","not-started","","","TRUE","TRUE","Site QA","Floor Finishes","WING C","C.35A ENSUITE","Subfloor, Floor Preparation, Adhesive","Waterproof tested for falls, and water test completed by waterproofers"
"d77bbf1d-6cf4-5b7c-b4e1-888c80c9481a","","checkpoint-status","not-started","","","TRUE","TRUE","Site QA","Floor Finishes","WING C","C.35A ENSUITE","Subfloor, Floor Preparation, Adhesive","Correct adhesive used"
"f09cebfd-7866-54ee-92a0-620a764aaa24","","checkpoint-group","not-started","","","FALSE","FALSE","Site QA","Floor Finishes","WING C","C.35A ENSUITE","Carpet / Vinyl"
"40ce006e-545f-5dd6-afc5-8f9cd100d2e9","","checkpoint-status","not-started","","","TRUE","TRUE","Site QA","Floor Finishes","WING C","C.35A ENSUITE","Carpet / Vinyl","Confirm area of work is accessible & acceptable to commence (If not comment below)"
"29a8d9a9-f4a7-5931-b45d-b6b69a0b07bc","","checkpoint-status","not-started","","","TRUE","TRUE","Site QA","Floor Finishes","WING C","C.35A ENSUITE","Carpet / Vinyl","Vinyl installed as per plan"
"12cd5b22-103e-5027-9ccc-4f862187a715","","checkpoint-status","not-started","","","TRUE","TRUE","Site QA","Floor Finishes","WING C","C.35A ENSUITE","Carpet / Vinyl","Carpet installed as per plan"
"1e39d4a0-c5d2-5f59-bc15-68aea3c9f3f7","","checkpoint-status","not-started","","","TRUE","TRUE","Site QA","Floor Finishes","WING C","C.35A ENSUITE","Carpet / Vinyl","Joints sealed with heat welded seams and mitres as per AS 1884-2012"
"23bb6e25-ee92-578b-8631-0c6711277d4b","","checkpoint-status","not-started","","","TRUE","TRUE","Site QA","Floor Finishes","WING C","C.35A ENSUITE","Carpet / Vinyl","Vinyl skirt and coving used as per finishes markup - 150mm height"
"66a41188-3803-5be6-bb38-9a0ed6126d16","","checkpoint-status","not-started","","","TRUE","TRUE","Site QA","Floor Finishes","WING C","C.35A ENSUITE","Carpet / Vinyl","Installer Sign Off: Carpet / Vinyl installed as per manufacturer's instructions"
"1c7582c2-4390-525a-8432-18989b143a41","","checkpoint-status","not-started","","","TRUE","TRUE","Site QA","Floor Finishes","WING C","C.35A ENSUITE","Carpet / Vinyl","Add-Floors Sign Off"
"a7d972a7-6b09-5724-8d30-b686b919713a","","checkpoint-status","not-started","","","TRUE","TRUE","Site QA","Floor Finishes","WING C","C.35A ENSUITE","Carpet / Vinyl","Foreman installation sign off"
"e634d142-ea02-5f73-91f8-82be95689fa8","","checkpoint-group","not-started","","","FALSE","FALSE","Site QA","Floor Finishes","WING C","C.35A ENSUITE","Wall Finish"
"bea0f753-dcbb-5f8e-8d83-de3bad8de38f","","checkpoint-status","not-started","","","TRUE","TRUE","Site QA","Floor Finishes","WING C","C.35A ENSUITE","Wall Finish","Wall Finish installed as per plan"
"d7284632-0b5b-5a4e-b7c2-1e293ca8e03c","","checkpoint-group","not-started","","","FALSE","FALSE","Site QA","Floor Finishes","WING C","C.35A ENSUITE","Protection and Handover"
"e1acc4bd-4cb1-5765-9542-bd2bc346d920","","checkpoint-status","not-started","","","TRUE","TRUE","Site QA","Floor Finishes","WING C","C.35A ENSUITE","Protection and Handover","Installation complete, checked and reviewed - as per specification"
"4745840b-5e18-5e81-9136-33755d8d57c6","","checkpoint-status","not-started","","","TRUE","TRUE","Site QA","Floor Finishes","WING C","C.35A ENSUITE","Protection and Handover","Floor protected with bubbleweave floor protection or polyweave"
"6db7ac66-a427-5c05-a9c2-54396b39b918","","checkpoint-status","not-started","","","TRUE","TRUE","Site QA","Floor Finishes","WING C","C.35A ENSUITE","Protection and Handover","Installer Sign Off: Protection installed as per manufacturer's instructions"
"d1c628c2-0684-480c-a603-0f18fb4a6977","","checklist-sectioned","not-started","5a8a68d1221a9e608c282940756e19ac2c3c1dd54ffd7888cef6f74664a05c9a","checklist","FALSE","FALSE","Site QA","Floor Finishes","WING C","C.38 PAN ROOM"
"c2f5dd73-f364-50c0-9dbe-07e2748fc667","","checkpoint-group","not-started","","","FALSE","FALSE","Site QA","Floor Finishes","WING C","C.38 PAN ROOM","Subfloor, Floor Preparation, Adhesive"
"f7d9249e-47fc-526f-949c-4b56c11ab271","","checkpoint-status","not-started","","","TRUE","TRUE","Site QA","Floor Finishes","WING C","C.38 PAN ROOM","Subfloor, Floor Preparation, Adhesive","Confirm area of work is accessible & acceptable to commence (If not comment below)"
"ad086cf0-fbcf-55f9-a693-96aeb5c52021","","checkpoint-status","not-started","","","TRUE","TRUE","Site QA","Floor Finishes","WING C","C.38 PAN ROOM","Subfloor, Floor Preparation, Adhesive","Subfloor mechanically diamond ground"
"bd54894f-3726-42eb-b430-fe78fa0dcae5","","checkpoint-status","not-started","","","TRUE","TRUE","Site QA","Floor Finishes","WING C","C.38 PAN ROOM","Subfloor, Floor Preparation, Adhesive","Floor preparation product installed in accordance with manufacturer's instructions"
"2b38fe77-b600-5d7e-9ca4-bc693cc6fff3","","checkpoint-status","not-started","","","TRUE","TRUE","Site QA","Floor Finishes","WING C","C.38 PAN ROOM","Subfloor, Floor Preparation, Adhesive","Floor transitions installed as per instructions from builder"
"c1c923e1-eb9b-4e9b-a7dc-b4ec4da2a15b","","checkpoint-status","not-started","","","TRUE","TRUE","Site QA","Floor Finishes","WING C","C.38 PAN ROOM","Subfloor, Floor Preparation, Adhesive","Waterproof tested for falls, and water test completed by waterproofers"
"2c6ee951-62ec-5ed2-bf2b-fd25611ed77e","","checkpoint-status","not-started","","","TRUE","TRUE","Site QA","Floor Finishes","WING C","C.38 PAN ROOM","Subfloor, Floor Preparation, Adhesive","Correct adhesive used"
"8641f20c-64dd-5fb6-95f1-056734811653","","checkpoint-group","not-started","","","FALSE","FALSE","Site QA","Floor Finishes","WING C","C.38 PAN ROOM","Carpet / Vinyl"
"003e84ea-af13-5cd4-ba6b-5ad5f96a8cb4","","checkpoint-status","not-started","","","TRUE","TRUE","Site QA","Floor Finishes","WING C","C.38 PAN ROOM","Carpet / Vinyl","Confirm area of work is accessible & acceptable to commence (If not comment below)"
"13b23179-6a87-5633-aa20-47ae0298b9a9","","checkpoint-status","not-started","","","TRUE","TRUE","Site QA","Floor Finishes","WING C","C.38 PAN ROOM","Carpet / Vinyl","Vinyl installed as per plan"
"0c63b390-30db-572c-94f9-802752bb1982","","checkpoint-status","not-started","","","TRUE","TRUE","Site QA","Floor Finishes","WING C","C.38 PAN ROOM","Carpet / Vinyl","Carpet installed as per plan"
"531a0c63-9635-5ad7-8868-96685d3ae225","","checkpoint-status","not-started","","","TRUE","TRUE","Site QA","Floor Finishes","WING C","C.38 PAN ROOM","Carpet / Vinyl","Joints sealed with heat welded seams and mitres as per AS 1884-2012"
"a564e9fa-87f1-5982-b7c5-92f77e1a48e6","","checkpoint-status","not-started","","","TRUE","TRUE","Site QA","Floor Finishes","WING C","C.38 PAN ROOM","Carpet / Vinyl","Vinyl skirt and coving used as per finishes markup - 150mm height"
"126e97ce-cf23-5cfa-8376-ff00692ec71c","","checkpoint-status","not-started","","","TRUE","TRUE","Site QA","Floor Finishes","WING C","C.38 PAN ROOM","Carpet / Vinyl","Installer Sign Off: Carpet / Vinyl installed as per manufacturer's instructions"
"0c1cda1f-8e0d-5c88-9b3c-af89b99c0ddf","","checkpoint-status","not-started","","","TRUE","TRUE","Site QA","Floor Finishes","WING C","C.38 PAN ROOM","Carpet / Vinyl","Add-Floors Sign Off"
"d7c5e618-2cbd-56cb-a507-27f4601d357d","","checkpoint-status","not-started","","","TRUE","TRUE","Site QA","Floor Finishes","WING C","C.38 PAN ROOM","Carpet / Vinyl","Foreman installation sign off"
"3186fd06-b9a9-560c-a0e7-610558eec86b","","checkpoint-group","not-started","","","FALSE","FALSE","Site QA","Floor Finishes","WING C","C.38 PAN ROOM","Wall Finish"
"61c10a6b-5f60-5596-9a35-5ea6da057f90","","checkpoint-status","not-started","","","TRUE","TRUE","Site QA","Floor Finishes","WING C","C.38 PAN ROOM","Wall Finish","Wall Finish installed as per plan"
"4b3f2b65-c769-5d13-a745-29673ae647ca","","checkpoint-group","not-started","","","FALSE","FALSE","Site QA","Floor Finishes","WING C","C.38 PAN ROOM","Protection and Handover"
"8430e72c-658c-5d48-ae04-ea8addff60a8","","checkpoint-status","not-started","","","TRUE","TRUE","Site QA","Floor Finishes","WING C","C.38 PAN ROOM","Protection and Handover","Installation complete, checked and reviewed - as per specification"
"cbc80d58-faf6-51a5-b9b8-fefcf9d16832","","checkpoint-status","not-started","","","TRUE","TRUE","Site QA","Floor Finishes","WING C","C.38 PAN ROOM","Protection and Handover","Floor protected with bubbleweave floor protection or polyweave"
"26e1ea2a-9b82-5fb9-8518-76e9b499348b","","checkpoint-status","not-started","","","TRUE","TRUE","Site QA","Floor Finishes","WING C","C.38 PAN ROOM","Protection and Handover","Installer Sign Off: Protection installed as per manufacturer's instructions"
"8dc3b45e-cfe4-473f-933c-3a2aaa558daa","","checklist-sectioned","not-started","5a8a68d1221a9e608c282940756e19ac2c3c1dd54ffd7888cef6f74664a05c9a","checklist","FALSE","FALSE","Site QA","Floor Finishes","WING C","C.40 STORE"
"180d1b4d-677d-5a0a-9b3f-c33ea119ebb4","","checkpoint-group","not-started","","","FALSE","FALSE","Site QA","Floor Finishes","WING C","C.40 STORE","Subfloor, Floor Preparation, Adhesive"
"e2073c7f-8c97-5434-be69-094527cc6707","","checkpoint-status","not-started","","","TRUE","TRUE","Site QA","Floor Finishes","WING C","C.40 STORE","Subfloor, Floor Preparation, Adhesive","Confirm area of work is accessible & acceptable to commence (If not comment below)"
"99c3b15a-74b1-53cb-ac56-6926bd236c40","","checkpoint-status","not-started","","","TRUE","TRUE","Site QA","Floor Finishes","WING C","C.40 STORE","Subfloor, Floor Preparation, Adhesive","Subfloor mechanically diamond ground"
"bc3b3431-3085-4e77-b356-b7ce7dd7a71b","","checkpoint-status","not-started","","","TRUE","TRUE","Site QA","Floor Finishes","WING C","C.40 STORE","Subfloor, Floor Preparation, Adhesive","Floor preparation product installed in accordance with manufacturer's instructions"
"8ffcc1b7-9475-5dde-b529-6656209c9abd","","checkpoint-status","not-started","","","TRUE","TRUE","Site QA","Floor Finishes","WING C","C.40 STORE","Subfloor, Floor Preparation, Adhesive","Floor transitions installed as per instructions from builder"
"73de6e5d-4dc6-4729-b8b8-f9bcf4ab8696","","checkpoint-status","not-started","","","TRUE","TRUE","Site QA","Floor Finishes","WING C","C.40 STORE","Subfloor, Floor Preparation, Adhesive","Waterproof tested for falls, and water test completed by waterproofers"
"e7d0cc61-425c-5e41-be6c-6c6f22c2a9d1","","checkpoint-status","not-started","","","TRUE","TRUE","Site QA","Floor Finishes","WING C","C.40 STORE","Subfloor, Floor Preparation, Adhesive","Correct adhesive used"
"79ce422c-6599-5d17-8e58-231099cfba53","","checkpoint-group","not-started","","","FALSE","FALSE","Site QA","Floor Finishes","WING C","C.40 STORE","Carpet / Vinyl"
"3e5f74ac-f677-54ba-8d0e-4e4ed535e96c","","checkpoint-status","not-started","","","TRUE","TRUE","Site QA","Floor Finishes","WING C","C.40 STORE","Carpet / Vinyl","Confirm area of work is accessible & acceptable to commence (If not comment below)"
"f15f8e10-eee4-5c59-807a-fd61f69b1a19","","checkpoint-status","not-started","","","TRUE","TRUE","Site QA","Floor Finishes","WING C","C.40 STORE","Carpet / Vinyl","Vinyl installed as per plan"
"81e018df-6365-57ce-a690-9073e308295e","","checkpoint-status","not-started","","","TRUE","TRUE","Site QA","Floor Finishes","WING C","C.40 STORE","Carpet / Vinyl","Carpet installed as per plan"
"f07c0711-1a20-5f7f-ad6f-f8a0f0c4b261","","checkpoint-status","not-started","","","TRUE","TRUE","Site QA","Floor Finishes","WING C","C.40 STORE","Carpet / Vinyl","Joints sealed with heat welded seams and mitres as per AS 1884-2012"
"5b44f242-eafb-5d5f-bf28-c651b3d20670","","checkpoint-status","not-started","","","TRUE","TRUE","Site QA","Floor Finishes","WING C","C.40 STORE","Carpet / Vinyl","Vinyl skirt and coving used as per finishes markup - 150mm height"
"11aebf74-ff62-5d23-a69e-27b041898b86","","checkpoint-status","not-started","","","TRUE","TRUE","Site QA","Floor Finishes","WING C","C.40 STORE","Carpet / Vinyl","Installer Sign Off: Carpet / Vinyl installed as per manufacturer's instructions"
"0bc69902-7b45-53be-b673-eb5332c1df94","","checkpoint-status","not-started","","","TRUE","TRUE","Site QA","Floor Finishes","WING C","C.40 STORE","Carpet / Vinyl","Add-Floors Sign Off"
"f8321a2b-888e-57af-9b75-91d452aa3e44","","checkpoint-status","not-started","","","TRUE","TRUE","Site QA","Floor Finishes","WING C","C.40 STORE","Carpet / Vinyl","Foreman installation sign off"
"8f6c4eb4-7023-596b-98c8-e5c4979ef008","","checkpoint-group","not-started","","","FALSE","FALSE","Site QA","Floor Finishes","WING C","C.40 STORE","Wall Finish"
"0e899502-fefa-5b77-8a45-15c292331217","","checkpoint-status","not-started","","","TRUE","TRUE","Site QA","Floor Finishes","WING C","C.40 STORE","Wall Finish","Wall Finish installed as per plan"
"60944f1d-4785-5d8a-ada4-bf08d28ac2f7","","checkpoint-group","not-started","","","FALSE","FALSE","Site QA","Floor Finishes","WING C","C.40 STORE","Protection and Handover"
"f6ec8ace-8d85-52ac-8f03-f6c8047b3305","","checkpoint-status","not-started","","","TRUE","TRUE","Site QA","Floor Finishes","WING C","C.40 STORE","Protection and Handover","Installation complete, checked and reviewed - as per specification"
"b48b24c8-f226-5c66-91bb-629c1d2e3e10","","checkpoint-status","not-started","","","TRUE","TRUE","Site QA","Floor Finishes","WING C","C.40 STORE","Protection and Handover","Floor protected with bubbleweave floor protection or polyweave"
"e221fb65-45bd-551d-a748-7e7031426fa8","","checkpoint-status","not-started","","","TRUE","TRUE","Site QA","Floor Finishes","WING C","C.40 STORE","Protection and Handover","Installer Sign Off: Protection installed as per manufacturer's instructions"
"e32b58c6-d1b2-4942-a0c6-f49f86c8788d","","checklist-sectioned","not-started","5a8a68d1221a9e608c282940756e19ac2c3c1dd54ffd7888cef6f74664a05c9a","checklist","FALSE","FALSE","Site QA","Floor Finishes","WING C","C.41 OFFICE"
"223eac22-2a13-5285-ad74-aa71927d3d2e","","checkpoint-group","not-started","","","FALSE","FALSE","Site QA","Floor Finishes","WING C","C.41 OFFICE","Subfloor, Floor Preparation, Adhesive"
"c01b81d7-c3d8-5cf4-b1ac-074d6c007bba","","checkpoint-status","not-started","","","TRUE","TRUE","Site QA","Floor Finishes","WING C","C.41 OFFICE","Subfloor, Floor Preparation, Adhesive","Confirm area of work is accessible & acceptable to commence (If not comment below)"
"6452ab65-604d-5bd5-8c25-2711f370f04b","","checkpoint-status","not-started","","","TRUE","TRUE","Site QA","Floor Finishes","WING C","C.41 OFFICE","Subfloor, Floor Preparation, Adhesive","Subfloor mechanically diamond ground"
"7b3f3442-31cd-47d6-9140-54d8bc9d4ebb","","checkpoint-status","not-started","","","TRUE","TRUE","Site QA","Floor Finishes","WING C","C.41 OFFICE","Subfloor, Floor Preparation, Adhesive","Floor preparation product installed in accordance with manufacturer's instructions"
"33144e15-a3b8-5834-b146-60b73341752c","","checkpoint-status","not-started","","","TRUE","TRUE","Site QA","Floor Finishes","WING C","C.41 OFFICE","Subfloor, Floor Preparation, Adhesive","Floor transitions installed as per instructions from builder"
"1f2681a4-917f-435c-a2ba-ad004bdbd144","","checkpoint-status","not-started","","","TRUE","TRUE","Site QA","Floor Finishes","WING C","C.41 OFFICE","Subfloor, Floor Preparation, Adhesive","Waterproof tested for falls, and water test completed by waterproofers"
"6fd60a48-29f9-5f12-bbfd-8081e191a8e8","","checkpoint-status","not-started","","","TRUE","TRUE","Site QA","Floor Finishes","WING C","C.41 OFFICE","Subfloor, Floor Preparation, Adhesive","Correct adhesive used"
"63c9a6f7-21e7-5a84-9d8d-55c127ac4100","","checkpoint-group","not-started","","","FALSE","FALSE","Site QA","Floor Finishes","WING C","C.41 OFFICE","Carpet / Vinyl"
"95df2ad2-16b0-5f1a-9239-9c673a86b90c","","checkpoint-status","not-started","","","TRUE","TRUE","Site QA","Floor Finishes","WING C","C.41 OFFICE","Carpet / Vinyl","Confirm area of work is accessible & acceptable to commence (If not comment below)"
"b430fc55-a9b3-50c0-96c5-0d8fe2bdbb13","","checkpoint-status","not-started","","","TRUE","TRUE","Site QA","Floor Finishes","WING C","C.41 OFFICE","Carpet / Vinyl","Vinyl installed as per plan"
"16a3ee1b-4bec-516b-a5e4-266d69d31066","","checkpoint-status","not-started","","","TRUE","TRUE","Site QA","Floor Finishes","WING C","C.41 OFFICE","Carpet / Vinyl","Carpet installed as per plan"
"3790f09e-8ee8-55f5-92a3-1e8bc800900d","","checkpoint-status","not-started","","","TRUE","TRUE","Site QA","Floor Finishes","WING C","C.41 OFFICE","Carpet / Vinyl","Joints sealed with heat welded seams and mitres as per AS 1884-2012"
"bba8c624-9750-59f2-9dd1-6a434f67bd4f","","checkpoint-status","not-started","","","TRUE","TRUE","Site QA","Floor Finishes","WING C","C.41 OFFICE","Carpet / Vinyl","Vinyl skirt and coving used as per finishes markup - 150mm height"
"a680a65a-c548-5195-a56d-0699c86c2bcc","","checkpoint-status","not-started","","","TRUE","TRUE","Site QA","Floor Finishes","WING C","C.41 OFFICE","Carpet / Vinyl","Installer Sign Off: Carpet / Vinyl installed as per manufacturer's instructions"
"a1f109a5-486f-5456-a176-d9cfef27659f","","checkpoint-status","not-started","","","TRUE","TRUE","Site QA","Floor Finishes","WING C","C.41 OFFICE","Carpet / Vinyl","Add-Floors Sign Off"
"cc43d2f7-6074-5a89-84e1-8dc10df7fd90","","checkpoint-status","not-started","","","TRUE","TRUE","Site QA","Floor Finishes","WING C","C.41 OFFICE","Carpet / Vinyl","Foreman installation sign off"
"79931c8f-98b8-5e0c-956d-c5fa9f78db8a","","checkpoint-group","not-started","","","FALSE","FALSE","Site QA","Floor Finishes","WING C","C.41 OFFICE","Wall Finish"
"2cdcc9fc-aaf8-55de-9455-85975204f68c","","checkpoint-status","not-started","","","TRUE","TRUE","Site QA","Floor Finishes","WING C","C.41 OFFICE","Wall Finish","Wall Finish installed as per plan"
"accc65ff-0391-5beb-a1b9-ddd45ab3f9f8","","checkpoint-group","not-started","","","FALSE","FALSE","Site QA","Floor Finishes","WING C","C.41 OFFICE","Protection and Handover"
"a4a03f9c-2e67-5d41-ae58-69ea974f444c","","checkpoint-status","not-started","","","TRUE","TRUE","Site QA","Floor Finishes","WING C","C.41 OFFICE","Protection and Handover","Installation complete, checked and reviewed - as per specification"
"5b9a6db4-94f2-5103-ba81-ecf661f1d307","","checkpoint-status","not-started","","","TRUE","TRUE","Site QA","Floor Finishes","WING C","C.41 OFFICE","Protection and Handover","Floor protected with bubbleweave floor protection or polyweave"
"2b515362-1467-5f39-b259-85bfd19df6d8","","checkpoint-status","not-started","","","TRUE","TRUE","Site QA","Floor Finishes","WING C","C.41 OFFICE","Protection and Handover","Installer Sign Off: Protection installed as per manufacturer's instructions"
"1911fdf9-8617-42b0-a5d5-8ab470209eac","","checklist-sectioned","not-started","5a8a68d1221a9e608c282940756e19ac2c3c1dd54ffd7888cef6f74664a05c9a","checklist","FALSE","FALSE","Site QA","Floor Finishes","WING C","C.42 BED"
"e0f133a5-132c-526b-b69f-14694caa5565","","checkpoint-group","not-started","","","FALSE","FALSE","Site QA","Floor Finishes","WING C","C.42 BED","Subfloor, Floor Preparation, Adhesive"
"54bf9aaf-d70c-5c65-940e-1ecfc7ce7900","","checkpoint-status","not-started","","","TRUE","TRUE","Site QA","Floor Finishes","WING C","C.42 BED","Subfloor, Floor Preparation, Adhesive","Confirm area of work is accessible & acceptable to commence (If not comment below)"
"7d912eeb-21eb-5775-87c0-030f334f1620","","checkpoint-status","not-started","","","TRUE","TRUE","Site QA","Floor Finishes","WING C","C.42 BED","Subfloor, Floor Preparation, Adhesive","Subfloor mechanically diamond ground"
"c6269c57-5a67-4e28-9c17-93433731cc62","","checkpoint-status","not-started","","","TRUE","TRUE","Site QA","Floor Finishes","WING C","C.42 BED","Subfloor, Floor Preparation, Adhesive","Floor preparation product installed in accordance with manufacturer's instructions"
"3bf01a20-8cee-5b1c-b59d-dd2e22b295b7","","checkpoint-status","not-started","","","TRUE","TRUE","Site QA","Floor Finishes","WING C","C.42 BED","Subfloor, Floor Preparation, Adhesive","Floor transitions installed as per instructions from builder"
"f80f93db-9dee-4041-9688-3e9dd582c947","","checkpoint-status","not-started","","","TRUE","TRUE","Site QA","Floor Finishes","WING C","C.42 BED","Subfloor, Floor Preparation, Adhesive","Waterproof tested for falls, and water test completed by waterproofers"
"2d075a5a-ea1b-5cb7-a0c1-daab6433adb9","","checkpoint-status","not-started","","","TRUE","TRUE","Site QA","Floor Finishes","WING C","C.42 BED","Subfloor, Floor Preparation, Adhesive","Correct adhesive used"
"e2b7b214-d6a2-5dd9-b1c7-78ff07819873","","checkpoint-group","not-started","","","FALSE","FALSE","Site QA","Floor Finishes","WING C","C.42 BED","Carpet / Vinyl"
"1cdc2721-03e1-59ed-b5ae-cb9f11b3889a","","checkpoint-status","not-started","","","TRUE","TRUE","Site QA","Floor Finishes","WING C","C.42 BED","Carpet / Vinyl","Confirm area of work is accessible & acceptable to commence (If not comment below)"
"8695038b-b981-5e19-b108-ffacd1f6ab18","","checkpoint-status","not-started","","","TRUE","TRUE","Site QA","Floor Finishes","WING C","C.42 BED","Carpet / Vinyl","Vinyl installed as per plan"
"fe37df35-2358-5b93-93b9-7e5660ed346d","","checkpoint-status","not-started","","","TRUE","TRUE","Site QA","Floor Finishes","WING C","C.42 BED","Carpet / Vinyl","Carpet installed as per plan"
"35c67f26-b401-5508-8be1-afa0f62f3b8b","","checkpoint-status","not-started","","","TRUE","TRUE","Site QA","Floor Finishes","WING C","C.42 BED","Carpet / Vinyl","Joints sealed with heat welded seams and mitres as per AS 1884-2012"
"733a8563-614f-587d-b744-d52e54a379d3","","checkpoint-status","not-started","","","TRUE","TRUE","Site QA","Floor Finishes","WING C","C.42 BED","Carpet / Vinyl","Vinyl skirt and coving used as per finishes markup - 150mm height"
"4ea2bd3b-17e2-507d-b399-8bd3311db7d5","","checkpoint-status","not-started","","","TRUE","TRUE","Site QA","Floor Finishes","WING C","C.42 BED","Carpet / Vinyl","Installer Sign Off: Carpet / Vinyl installed as per manufacturer's instructions"
"181d872a-38a2-5af0-92d7-215719bae45a","","checkpoint-status","not-started","","","TRUE","TRUE","Site QA","Floor Finishes","WING C","C.42 BED","Carpet / Vinyl","Add-Floors Sign Off"
"35d21386-6143-55c4-b7be-494b6906666c","","checkpoint-status","not-started","","","TRUE","TRUE","Site QA","Floor Finishes","WING C","C.42 BED","Carpet / Vinyl","Foreman installation sign off"
"15ab22c3-c45a-5d4d-83f1-6b8f5970470a","","checkpoint-group","not-started","","","FALSE","FALSE","Site QA","Floor Finishes","WING C","C.42 BED","Wall Finish"
"3ca87bd6-f620-50aa-b681-5ab284f431c6","","checkpoint-status","not-started","","","TRUE","TRUE","Site QA","Floor Finishes","WING C","C.42 BED","Wall Finish","Wall Finish installed as per plan"
"8f50b614-2d15-57ea-961d-a4a22a5c798f","","checkpoint-group","not-started","","","FALSE","FALSE","Site QA","Floor Finishes","WING C","C.42 BED","Protection and Handover"
"87f7b17f-ff89-51be-8880-791eaf2dfcf4","","checkpoint-status","not-started","","","TRUE","TRUE","Site QA","Floor Finishes","WING C","C.42 BED","Protection and Handover","Installation complete, checked and reviewed - as per specification"
"57f8bf1c-4c37-5d7e-b9c2-3630aec8225e","","checkpoint-status","not-started","","","TRUE","TRUE","Site QA","Floor Finishes","WING C","C.42 BED","Protection and Handover","Floor protected with bubbleweave floor protection or polyweave"
"eda2e27b-50f5-5e25-b0e8-ffda2606d5a4","","checkpoint-status","not-started","","","TRUE","TRUE","Site QA","Floor Finishes","WING C","C.42 BED","Protection and Handover","Installer Sign Off: Protection installed as per manufacturer's instructions"
"508ac222-80b8-4575-aa79-7469d636afbd","","checklist-sectioned","not-started","5a8a68d1221a9e608c282940756e19ac2c3c1dd54ffd7888cef6f74664a05c9a","checklist","FALSE","FALSE","Site QA","Floor Finishes","WING C","C.42A ENSUITE"
"9561b576-61d6-5437-8156-ef8a0439ca18","","checkpoint-group","not-started","","","FALSE","FALSE","Site QA","Floor Finishes","WING C","C.42A ENSUITE","Subfloor, Floor Preparation, Adhesive"
"e160d3c8-7665-5999-8472-32d30fe5a7a4","","checkpoint-status","not-started","","","TRUE","TRUE","Site QA","Floor Finishes","WING C","C.42A ENSUITE","Subfloor, Floor Preparation, Adhesive","Confirm area of work is accessible & acceptable to commence (If not comment below)"
"cee81144-7a74-549f-b4f3-6223f17e8ab1","","checkpoint-status","not-started","","","TRUE","TRUE","Site QA","Floor Finishes","WING C","C.42A ENSUITE","Subfloor, Floor Preparation, Adhesive","Subfloor mechanically diamond ground"
"fd181f44-fdea-4c30-9cab-18574ae9e228","","checkpoint-status","not-started","","","TRUE","TRUE","Site QA","Floor Finishes","WING C","C.42A ENSUITE","Subfloor, Floor Preparation, Adhesive","Floor preparation product installed in accordance with manufacturer's instructions"
"a42f9f78-49c6-50af-9f62-0d9c9a79ba8b","","checkpoint-status","not-started","","","TRUE","TRUE","Site QA","Floor Finishes","WING C","C.42A ENSUITE","Subfloor, Floor Preparation, Adhesive","Floor transitions installed as per instructions from builder"
"1c8e9bb1-339e-452d-94b6-e0395c7e9962","","checkpoint-status","not-started","","","TRUE","TRUE","Site QA","Floor Finishes","WING C","C.42A ENSUITE","Subfloor, Floor Preparation, Adhesive","Waterproof tested for falls, and water test completed by waterproofers"
"9589a0f3-d43c-5289-8810-4389be232721","","checkpoint-status","not-started","","","TRUE","TRUE","Site QA","Floor Finishes","WING C","C.42A ENSUITE","Subfloor, Floor Preparation, Adhesive","Correct adhesive used"
"e0821f7f-8b3f-5096-b6dd-2c2e1cc5d31e","","checkpoint-group","not-started","","","FALSE","FALSE","Site QA","Floor Finishes","WING C","C.42A ENSUITE","Carpet / Vinyl"
"f8b49576-c07b-5c82-b766-8fb088c2ea3c","","checkpoint-status","not-started","","","TRUE","TRUE","Site QA","Floor Finishes","WING C","C.42A ENSUITE","Carpet / Vinyl","Confirm area of work is accessible & acceptable to commence (If not comment below)"
"1001606b-de67-596a-a24d-7f6539682ea3","","checkpoint-status","not-started","","","TRUE","TRUE","Site QA","Floor Finishes","WING C","C.42A ENSUITE","Carpet / Vinyl","Vinyl installed as per plan"
"c4783613-48bd-537b-963d-368698965ee8","","checkpoint-status","not-started","","","TRUE","TRUE","Site QA","Floor Finishes","WING C","C.42A ENSUITE","Carpet / Vinyl","Carpet installed as per plan"
"53e7e9f0-76a4-5824-8b55-2fbf422c31c9","","checkpoint-status","not-started","","","TRUE","TRUE","Site QA","Floor Finishes","WING C","C.42A ENSUITE","Carpet / Vinyl","Joints sealed with heat welded seams and mitres as per AS 1884-2012"
"63e09edf-8d6d-5b77-b218-3edd9d6e55c9","","checkpoint-status","not-started","","","TRUE","TRUE","Site QA","Floor Finishes","WING C","C.42A ENSUITE","Carpet / Vinyl","Vinyl skirt and coving used as per finishes markup - 150mm height"
"f7444a67-0f8b-5a0b-9014-2f14c2c6a4a0","","checkpoint-status","not-started","","","TRUE","TRUE","Site QA","Floor Finishes","WING C","C.42A ENSUITE","Carpet / Vinyl","Installer Sign Off: Carpet / Vinyl installed as per manufacturer's instructions"
"ee48b36a-7118-52af-b827-cd5adbbe6367","","checkpoint-status","not-started","","","TRUE","TRUE","Site QA","Floor Finishes","WING C","C.42A ENSUITE","Carpet / Vinyl","Add-Floors Sign Off"
"35860ad2-ad74-5a24-bccd-e27c14655f0f","","checkpoint-status","not-started","","","TRUE","TRUE","Site QA","Floor Finishes","WING C","C.42A ENSUITE","Carpet / Vinyl","Foreman installation sign off"
"04782ee1-4c83-5ab5-ac8d-acfd1fb7cabb","","checkpoint-group","not-started","","","FALSE","FALSE","Site QA","Floor Finishes","WING C","C.42A ENSUITE","Wall Finish"
"a10bb77a-2454-5e40-83cd-eab7c1eaef1c","","checkpoint-status","not-started","","","TRUE","TRUE","Site QA","Floor Finishes","WING C","C.42A ENSUITE","Wall Finish","Wall Finish installed as per plan"
"60d7241f-2c46-5d47-96fe-21f629d0f10a","","checkpoint-group","not-started","","","FALSE","FALSE","Site QA","Floor Finishes","WING C","C.42A ENSUITE","Protection and Handover"
"84ef2551-ab95-55dd-ace2-94630916566b","","checkpoint-status","not-started","","","TRUE","TRUE","Site QA","Floor Finishes","WING C","C.42A ENSUITE","Protection and Handover","Installation complete, checked and reviewed - as per specification"
"2f5b7059-3bb6-51c4-92be-401aad726c15","","checkpoint-status","not-started","","","TRUE","TRUE","Site QA","Floor Finishes","WING C","C.42A ENSUITE","Protection and Handover","Floor protected with bubbleweave floor protection or polyweave"
"fd343a58-3cd8-5b22-839e-4863d041e2ae","","checkpoint-status","not-started","","","TRUE","TRUE","Site QA","Floor Finishes","WING C","C.42A ENSUITE","Protection and Handover","Installer Sign Off: Protection installed as per manufacturer's instructions"
"dbd73446-d19c-4c2f-b7d6-6d7a57ef5464","","checklist-sectioned","not-started","5a8a68d1221a9e608c282940756e19ac2c3c1dd54ffd7888cef6f74664a05c9a","checklist","FALSE","FALSE","Site QA","Floor Finishes","WING C","C.43"
"a859b2ba-4227-5633-a2c4-237386735a86","","checkpoint-group","not-started","","","FALSE","FALSE","Site QA","Floor Finishes","WING C","C.43","Subfloor, Floor Preparation, Adhesive"
"815dd6b1-2131-5b32-bb4c-0e500869a5f0","","checkpoint-status","not-started","","","TRUE","TRUE","Site QA","Floor Finishes","WING C","C.43","Subfloor, Floor Preparation, Adhesive","Confirm area of work is accessible & acceptable to commence (If not comment below)"
"d5e6f39f-c47f-5b55-b762-e47571603ae1","","checkpoint-status","not-started","","","TRUE","TRUE","Site QA","Floor Finishes","WING C","C.43","Subfloor, Floor Preparation, Adhesive","Subfloor mechanically diamond ground"
"81054e2d-8f5a-4a15-82fa-42e1ff496e30","","checkpoint-status","not-started","","","TRUE","TRUE","Site QA","Floor Finishes","WING C","C.43","Subfloor, Floor Preparation, Adhesive","Floor preparation product installed in accordance with manufacturer's instructions"
"9b2e9579-7a4e-5836-94ba-fd9c8f2d7e4a","","checkpoint-status","not-started","","","TRUE","TRUE","Site QA","Floor Finishes","WING C","C.43","Subfloor, Floor Preparation, Adhesive","Floor transitions installed as per instructions from builder"
"513c3757-efa5-4759-9e75-ee7ac1b6c861","","checkpoint-status","not-started","","","TRUE","TRUE","Site QA","Floor Finishes","WING C","C.43","Subfloor, Floor Preparation, Adhesive","Waterproof tested for falls, and water test completed by waterproofers"
"3519c268-2c32-54c6-9497-358e6db5f5d7","","checkpoint-status","not-started","","","TRUE","TRUE","Site QA","Floor Finishes","WING C","C.43","Subfloor, Floor Preparation, Adhesive","Correct adhesive used"
"f264d0d2-9176-5b97-b3aa-b602e709858a","","checkpoint-group","not-started","","","FALSE","FALSE","Site QA","Floor Finishes","WING C","C.43","Carpet / Vinyl"
"ce286900-c4f7-5bd4-8856-a38edbe39ba1","","checkpoint-status","not-started","","","TRUE","TRUE","Site QA","Floor Finishes","WING C","C.43","Carpet / Vinyl","Confirm area of work is accessible & acceptable to commence (If not comment below)"
"37534853-010a-5324-b099-92ea9240570d","","checkpoint-status","not-started","","","TRUE","TRUE","Site QA","Floor Finishes","WING C","C.43","Carpet / Vinyl","Vinyl installed as per plan"
"790d474b-6bf6-59fe-a648-9d09078a9079","","checkpoint-status","not-started","","","TRUE","TRUE","Site QA","Floor Finishes","WING C","C.43","Carpet / Vinyl","Carpet installed as per plan"
"9543d509-2b29-50fe-be10-4da29675dce7","","checkpoint-status","not-started","","","TRUE","TRUE","Site QA","Floor Finishes","WING C","C.43","Carpet / Vinyl","Joints sealed with heat welded seams and mitres as per AS 1884-2012"
"e01a54f7-6bbc-5926-8d0a-ec13cbeca4c6","","checkpoint-status","not-started","","","TRUE","TRUE","Site QA","Floor Finishes","WING C","C.43","Carpet / Vinyl","Vinyl skirt and coving used as per finishes markup - 150mm height"
"13667599-07b4-5e4d-a55f-1cc920211bd4","","checkpoint-status","not-started","","","TRUE","TRUE","Site QA","Floor Finishes","WING C","C.43","Carpet / Vinyl","Installer Sign Off: Carpet / Vinyl installed as per manufacturer's instructions"
"476774d0-0b73-59ec-bd3d-bcfab05f3040","","checkpoint-status","not-started","","","TRUE","TRUE","Site QA","Floor Finishes","WING C","C.43","Carpet / Vinyl","Add-Floors Sign Off"
"a0213f49-cef3-5210-b4f6-7e113acb0f5c","","checkpoint-status","not-started","","","TRUE","TRUE","Site QA","Floor Finishes","WING C","C.43","Carpet / Vinyl","Foreman installation sign off"
"591b15e4-2ffa-568d-abe9-70b474e2aed3","","checkpoint-group","not-started","","","FALSE","FALSE","Site QA","Floor Finishes","WING C","C.43","Wall Finish"
"3a4ac09a-282a-54c1-99e0-298ca2596c6b","","checkpoint-status","not-started","","","TRUE","TRUE","Site QA","Floor Finishes","WING C","C.43","Wall Finish","Wall Finish installed as per plan"
"adaec63c-d547-554e-95ce-3b47e863fca9","","checkpoint-group","not-started","","","FALSE","FALSE","Site QA","Floor Finishes","WING C","C.43","Protection and Handover"
"104b50d7-91ab-52ca-83ac-6079d985598f","","checkpoint-status","not-started","","","TRUE","TRUE","Site QA","Floor Finishes","WING C","C.43","Protection and Handover","Installation complete, checked and reviewed - as per specification"
"bb04af8b-a367-5322-9517-c6e7f4e898c8","","checkpoint-status","not-started","","","TRUE","TRUE","Site QA","Floor Finishes","WING C","C.43","Protection and Handover","Floor protected with bubbleweave floor protection or polyweave"
"e3283b4a-0c75-572e-9216-aed86c5cbee4","","checkpoint-status","not-started","","","TRUE","TRUE","Site QA","Floor Finishes","WING C","C.43","Protection and Handover","Installer Sign Off: Protection installed as per manufacturer's instructions"
"3201bade-9380-4e65-aa68-248158fa973d","","checklist-sectioned","not-started","5a8a68d1221a9e608c282940756e19ac2c3c1dd54ffd7888cef6f74664a05c9a","checklist","FALSE","FALSE","Site QA","Floor Finishes","WING C","C.43A ENSUITE"
"f3684b99-854b-563b-b1b2-aa5ae4437b5e","","checkpoint-group","not-started","","","FALSE","FALSE","Site QA","Floor Finishes","WING C","C.43A ENSUITE","Subfloor, Floor Preparation, Adhesive"
"1a1324e5-d457-5b61-a985-640cbb597ca3","","checkpoint-status","not-started","","","TRUE","TRUE","Site QA","Floor Finishes","WING C","C.43A ENSUITE","Subfloor, Floor Preparation, Adhesive","Confirm area of work is accessible & acceptable to commence (If not comment below)"
"3d9c322f-b258-5e40-b6ef-f1f3a2992c2f","","checkpoint-status","not-started","","","TRUE","TRUE","Site QA","Floor Finishes","WING C","C.43A ENSUITE","Subfloor, Floor Preparation, Adhesive","Subfloor mechanically diamond ground"
"a8dbd820-1f37-4c72-a4ad-45c9c33619ab","","checkpoint-status","not-started","","","TRUE","TRUE","Site QA","Floor Finishes","WING C","C.43A ENSUITE","Subfloor, Floor Preparation, Adhesive","Floor preparation product installed in accordance with manufacturer's instructions"
"86bbb21a-fef7-5a8a-9704-a7751c9724ef","","checkpoint-status","not-started","","","TRUE","TRUE","Site QA","Floor Finishes","WING C","C.43A ENSUITE","Subfloor, Floor Preparation, Adhesive","Floor transitions installed as per instructions from builder"
"d4568d69-6bd5-4be6-9ee8-11ee1ff85763","","checkpoint-status","not-started","","","TRUE","TRUE","Site QA","Floor Finishes","WING C","C.43A ENSUITE","Subfloor, Floor Preparation, Adhesive","Waterproof tested for falls, and water test completed by waterproofers"
"b76d0601-af9e-59b6-82fc-6bb2a5105a93","","checkpoint-status","not-started","","","TRUE","TRUE","Site QA","Floor Finishes","WING C","C.43A ENSUITE","Subfloor, Floor Preparation, Adhesive","Correct adhesive used"
"a77aa8d0-f183-5685-879e-5e2a63d24e58","","checkpoint-group","not-started","","","FALSE","FALSE","Site QA","Floor Finishes","WING C","C.43A ENSUITE","Carpet / Vinyl"
"42dc5221-8a54-5531-bed0-11b704283bf4","","checkpoint-status","not-started","","","TRUE","TRUE","Site QA","Floor Finishes","WING C","C.43A ENSUITE","Carpet / Vinyl","Confirm area of work is accessible & acceptable to commence (If not comment below)"
"d88c6b98-ed0c-5b61-b2a1-952abe0396b4","","checkpoint-status","not-started","","","TRUE","TRUE","Site QA","Floor Finishes","WING C","C.43A ENSUITE","Carpet / Vinyl","Vinyl installed as per plan"
"c53940dc-1e83-5973-9427-b538c870fe55","","checkpoint-status","not-started","","","TRUE","TRUE","Site QA","Floor Finishes","WING C","C.43A ENSUITE","Carpet / Vinyl","Carpet installed as per plan"
"2ca8db81-1900-5a00-b4f9-d30bd5e90bae","","checkpoint-status","not-started","","","TRUE","TRUE","Site QA","Floor Finishes","WING C","C.43A ENSUITE","Carpet / Vinyl","Joints sealed with heat welded seams and mitres as per AS 1884-2012"
"44ee0078-f63e-535a-83fb-c5ae5bfcfadf","","checkpoint-status","not-started","","","TRUE","TRUE","Site QA","Floor Finishes","WING C","C.43A ENSUITE","Carpet / Vinyl","Vinyl skirt and coving used as per finishes markup - 150mm height"
"abd3eeef-0715-5cb9-bb14-b3a4687b1b19","","checkpoint-status","not-started","","","TRUE","TRUE","Site QA","Floor Finishes","WING C","C.43A ENSUITE","Carpet / Vinyl","Installer Sign Off: Carpet / Vinyl installed as per manufacturer's instructions"
"064243b5-af86-59d5-bd50-fa7b250430e4","","checkpoint-status","not-started","","","TRUE","TRUE","Site QA","Floor Finishes","WING C","C.43A ENSUITE","Carpet / Vinyl","Add-Floors Sign Off"
"6c39ea5b-5e13-56e8-bd80-e5bc51d2b0ec","","checkpoint-status","not-started","","","TRUE","TRUE","Site QA","Floor Finishes","WING C","C.43A ENSUITE","Carpet / Vinyl","Foreman installation sign off"
"1295121c-2b27-5879-9808-3438fb819d6c","","checkpoint-group","not-started","","","FALSE","FALSE","Site QA","Floor Finishes","WING C","C.43A ENSUITE","Wall Finish"
"370c2fc4-20ba-5b92-97da-8dbd513d76ae","","checkpoint-status","not-started","","","TRUE","TRUE","Site QA","Floor Finishes","WING C","C.43A ENSUITE","Wall Finish","Wall Finish installed as per plan"
"cac66b9b-9fc4-5013-a651-a32ffdc3fc7c","","checkpoint-group","not-started","","","FALSE","FALSE","Site QA","Floor Finishes","WING C","C.43A ENSUITE","Protection and Handover"
"cbe95fd5-4bef-5a9b-b32b-cb27636d9d3d","","checkpoint-status","not-started","","","TRUE","TRUE","Site QA","Floor Finishes","WING C","C.43A ENSUITE","Protection and Handover","Installation complete, checked and reviewed - as per specification"
"c60c36b9-4c66-5626-b45d-140231b79c5a","","checkpoint-status","not-started","","","TRUE","TRUE","Site QA","Floor Finishes","WING C","C.43A ENSUITE","Protection and Handover","Floor protected with bubbleweave floor protection or polyweave"
"99141eed-3ee8-5390-b2cd-034e8a3c284c","","checkpoint-status","not-started","","","TRUE","TRUE","Site QA","Floor Finishes","WING C","C.43A ENSUITE","Protection and Handover","Installer Sign Off: Protection installed as per manufacturer's instructions"
"d57ea03c-3265-4ee4-91f8-b41e76470a1d","","checklist-sectioned","not-started","5a8a68d1221a9e608c282940756e19ac2c3c1dd54ffd7888cef6f74664a05c9a","checklist","FALSE","FALSE","Site QA","Floor Finishes","WING C","C.48 BED"
"64408e5d-a09e-5a23-ae49-031a1b4665d4","","checkpoint-group","not-started","","","FALSE","FALSE","Site QA","Floor Finishes","WING C","C.48 BED","Subfloor, Floor Preparation, Adhesive"
"d4368a69-b3a4-54c7-b2d1-9fd44599bf2b","","checkpoint-status","not-started","","","TRUE","TRUE","Site QA","Floor Finishes","WING C","C.48 BED","Subfloor, Floor Preparation, Adhesive","Confirm area of work is accessible & acceptable to commence (If not comment below)"
"7a1f3f35-a02c-5a29-84a8-9766e7f634e9","","checkpoint-status","not-started","","","TRUE","TRUE","Site QA","Floor Finishes","WING C","C.48 BED","Subfloor, Floor Preparation, Adhesive","Subfloor mechanically diamond ground"
"9d498ce3-caf2-4f6e-9ae4-4a2cf8d49396","","checkpoint-status","not-started","","","TRUE","TRUE","Site QA","Floor Finishes","WING C","C.48 BED","Subfloor, Floor Preparation, Adhesive","Floor preparation product installed in accordance with manufacturer's instructions"
"88784aa3-7acb-5ac8-8214-390de2126844","","checkpoint-status","not-started","","","TRUE","TRUE","Site QA","Floor Finishes","WING C","C.48 BED","Subfloor, Floor Preparation, Adhesive","Floor transitions installed as per instructions from builder"
"e8528231-bedf-4745-8c18-48022f03b714","","checkpoint-status","not-started","","","TRUE","TRUE","Site QA","Floor Finishes","WING C","C.48 BED","Subfloor, Floor Preparation, Adhesive","Waterproof tested for falls, and water test completed by waterproofers"
"580e9d73-9def-5d6a-b929-9650db05cba7","","checkpoint-status","not-started","","","TRUE","TRUE","Site QA","Floor Finishes","WING C","C.48 BED","Subfloor, Floor Preparation, Adhesive","Correct adhesive used"
"7cfe0b2b-53da-591b-a8ca-d28a6d702365","","checkpoint-group","not-started","","","FALSE","FALSE","Site QA","Floor Finishes","WING C","C.48 BED","Carpet / Vinyl"
"d80390e9-44fa-5a31-aee5-48999ba7cbe0","","checkpoint-status","not-started","","","TRUE","TRUE","Site QA","Floor Finishes","WING C","C.48 BED","Carpet / Vinyl","Confirm area of work is accessible & acceptable to commence (If not comment below)"
"c951d7cc-14dd-5275-84b8-ed30238960b9","","checkpoint-status","not-started","","","TRUE","TRUE","Site QA","Floor Finishes","WING C","C.48 BED","Carpet / Vinyl","Vinyl installed as per plan"
"9a969fb6-2a1a-5a6c-94c9-d25f331b3bad","","checkpoint-status","not-started","","","TRUE","TRUE","Site QA","Floor Finishes","WING C","C.48 BED","Carpet / Vinyl","Carpet installed as per plan"
"591eda2d-07a7-522e-b8a0-ccbeff6e9dfc","","checkpoint-status","not-started","","","TRUE","TRUE","Site QA","Floor Finishes","WING C","C.48 BED","Carpet / Vinyl","Joints sealed with heat welded seams and mitres as per AS 1884-2012"
"fb410a2f-07cb-577b-9b86-8bf4991c9476","","checkpoint-status","not-started","","","TRUE","TRUE","Site QA","Floor Finishes","WING C","C.48 BED","Carpet / Vinyl","Vinyl skirt and coving used as per finishes markup - 150mm height"
"87d76c34-8920-5ef6-b5a5-a65346397f71","","checkpoint-status","not-started","","","TRUE","TRUE","Site QA","Floor Finishes","WING C","C.48 BED","Carpet / Vinyl","Installer Sign Off: Carpet / Vinyl installed as per manufacturer's instructions"
"5b9993d0-3070-5cec-9415-c14fdc819533","","checkpoint-status","not-started","","","TRUE","TRUE","Site QA","Floor Finishes","WING C","C.48 BED","Carpet / Vinyl","Add-Floors Sign Off"
"e1f8a1cd-f148-5db8-aaec-9b5b6ae289a6","","checkpoint-status","not-started","","","TRUE","TRUE","Site QA","Floor Finishes","WING C","C.48 BED","Carpet / Vinyl","Foreman installation sign off"
"5066e00e-6516-57e2-9eee-1c31f4491545","","checkpoint-group","not-started","","","FALSE","FALSE","Site QA","Floor Finishes","WING C","C.48 BED","Wall Finish"
"ca2b40f3-5906-5c07-8145-9c3b981200ac","","checkpoint-status","not-started","","","TRUE","TRUE","Site QA","Floor Finishes","WING C","C.48 BED","Wall Finish","Wall Finish installed as per plan"
"7b198e61-9626-559b-89d9-d4fefe63ff79","","checkpoint-group","not-started","","","FALSE","FALSE","Site QA","Floor Finishes","WING C","C.48 BED","Protection and Handover"
"919c9512-b6ac-5bbb-913e-329e0d473c26","","checkpoint-status","not-started","","","TRUE","TRUE","Site QA","Floor Finishes","WING C","C.48 BED","Protection and Handover","Installation complete, checked and reviewed - as per specification"
"076f969d-8f6c-5256-bcfe-0d1b8d997265","","checkpoint-status","not-started","","","TRUE","TRUE","Site QA","Floor Finishes","WING C","C.48 BED","Protection and Handover","Floor protected with bubbleweave floor protection or polyweave"
"f110aa18-b04f-5b08-9998-c026e3632b22","","checkpoint-status","not-started","","","TRUE","TRUE","Site QA","Floor Finishes","WING C","C.48 BED","Protection and Handover","Installer Sign Off: Protection installed as per manufacturer's instructions"
"a2655ae3-b14d-413a-ae5e-2460d7a28197","","checklist-sectioned","not-started","5a8a68d1221a9e608c282940756e19ac2c3c1dd54ffd7888cef6f74664a05c9a","checklist","FALSE","FALSE","Site QA","Floor Finishes","WING C","C.48A ACC ENSUITE"
"06730834-9a21-5e5f-926f-75a0f90be8c8","","checkpoint-group","not-started","","","FALSE","FALSE","Site QA","Floor Finishes","WING C","C.48A ACC ENSUITE","Subfloor, Floor Preparation, Adhesive"
"fc7d4474-cffd-5cda-b8cb-7092e8b0c0ac","","checkpoint-status","not-started","","","TRUE","TRUE","Site QA","Floor Finishes","WING C","C.48A ACC ENSUITE","Subfloor, Floor Preparation, Adhesive","Confirm area of work is accessible & acceptable to commence (If not comment below)"
"df04aa58-c84c-585e-b12e-de217efe8f26","","checkpoint-status","not-started","","","TRUE","TRUE","Site QA","Floor Finishes","WING C","C.48A ACC ENSUITE","Subfloor, Floor Preparation, Adhesive","Subfloor mechanically diamond ground"
"f3898905-c65e-4641-8228-38ecb6de0f69","","checkpoint-status","not-started","","","TRUE","TRUE","Site QA","Floor Finishes","WING C","C.48A ACC ENSUITE","Subfloor, Floor Preparation, Adhesive","Floor preparation product installed in accordance with manufacturer's instructions"
"337efdc4-562a-56ac-9728-771a8233cfd0","","checkpoint-status","not-started","","","TRUE","TRUE","Site QA","Floor Finishes","WING C","C.48A ACC ENSUITE","Subfloor, Floor Preparation, Adhesive","Floor transitions installed as per instructions from builder"
"c63dfad5-ebc0-4262-a77d-c2b41bb0eae3","","checkpoint-status","not-started","","","TRUE","TRUE","Site QA","Floor Finishes","WING C","C.48A ACC ENSUITE","Subfloor, Floor Preparation, Adhesive","Waterproof tested for falls, and water test completed by waterproofers"
"e37a1f57-8bed-540b-8d24-66c745aaf1ea","","checkpoint-status","not-started","","","TRUE","TRUE","Site QA","Floor Finishes","WING C","C.48A ACC ENSUITE","Subfloor, Floor Preparation, Adhesive","Correct adhesive used"
"0cdcfd0b-cff8-5b45-a9b8-df411f2dcec5","","checkpoint-group","not-started","","","FALSE","FALSE","Site QA","Floor Finishes","WING C","C.48A ACC ENSUITE","Carpet / Vinyl"
"28dad9df-c78f-5eeb-922e-0a5761f36724","","checkpoint-status","not-started","","","TRUE","TRUE","Site QA","Floor Finishes","WING C","C.48A ACC ENSUITE","Carpet / Vinyl","Confirm area of work is accessible & acceptable to commence (If not comment below)"
"5720791d-f59d-530c-af82-43aaddc53cba","","checkpoint-status","not-started","","","TRUE","TRUE","Site QA","Floor Finishes","WING C","C.48A ACC ENSUITE","Carpet / Vinyl","Vinyl installed as per plan"
"6f7df258-3fdd-5f97-9496-4f859890a460","","checkpoint-status","not-started","","","TRUE","TRUE","Site QA","Floor Finishes","WING C","C.48A ACC ENSUITE","Carpet / Vinyl","Carpet installed as per plan"
"48f69b3a-51c8-5d80-9baa-27428a514d70","","checkpoint-status","not-started","","","TRUE","TRUE","Site QA","Floor Finishes","WING C","C.48A ACC ENSUITE","Carpet / Vinyl","Joints sealed with heat welded seams and mitres as per AS 1884-2012"
"447d4b1f-9f08-5f67-a881-2afbf7a8060f","","checkpoint-status","not-started","","","TRUE","TRUE","Site QA","Floor Finishes","WING C","C.48A ACC ENSUITE","Carpet / Vinyl","Vinyl skirt and coving used as per finishes markup - 150mm height"
"a732e85c-f8a0-5555-89ab-d490c1fb91a5","","checkpoint-status","not-started","","","TRUE","TRUE","Site QA","Floor Finishes","WING C","C.48A ACC ENSUITE","Carpet / Vinyl","Installer Sign Off: Carpet / Vinyl installed as per manufacturer's instructions"
"dbc1fb91-77de-5de7-ae6e-52c79b1b6bad","","checkpoint-status","not-started","","","TRUE","TRUE","Site QA","Floor Finishes","WING C","C.48A ACC ENSUITE","Carpet / Vinyl","Add-Floors Sign Off"
"ca03c0d0-d8f9-5faa-9f96-dd3747822967","","checkpoint-status","not-started","","","TRUE","TRUE","Site QA","Floor Finishes","WING C","C.48A ACC ENSUITE","Carpet / Vinyl","Foreman installation sign off"
"050e2df6-594c-5587-a161-efb118a78689","","checkpoint-group","not-started","","","FALSE","FALSE","Site QA","Floor Finishes","WING C","C.48A ACC ENSUITE","Wall Finish"
"b9cdc8ce-7471-5e41-9a08-085cb40e4d6e","","checkpoint-status","not-started","","","TRUE","TRUE","Site QA","Floor Finishes","WING C","C.48A ACC ENSUITE","Wall Finish","Wall Finish installed as per plan"
"abc3aba2-cf0b-529f-9301-323b170658b0","","checkpoint-group","not-started","","","FALSE","FALSE","Site QA","Floor Finishes","WING C","C.48A ACC ENSUITE","Protection and Handover"
"c6e7e4ea-2bc5-5e1b-81dd-f4d0698d16fa","","checkpoint-status","not-started","","","TRUE","TRUE","Site QA","Floor Finishes","WING C","C.48A ACC ENSUITE","Protection and Handover","Installation complete, checked and reviewed - as per specification"
"39124409-bc72-56d4-b200-70316162230f","","checkpoint-status","not-started","","","TRUE","TRUE","Site QA","Floor Finishes","WING C","C.48A ACC ENSUITE","Protection and Handover","Floor protected with bubbleweave floor protection or polyweave"
"7c9cddc3-d0a2-5290-8bd9-14f894b636c7","","checkpoint-status","not-started","","","TRUE","TRUE","Site QA","Floor Finishes","WING C","C.48A ACC ENSUITE","Protection and Handover","Installer Sign Off: Protection installed as per manufacturer's instructions"
"4f1b55e8-4ed2-4839-a727-27a1ee38146d","","checklist-sectioned","not-started","5a8a68d1221a9e608c282940756e19ac2c3c1dd54ffd7888cef6f74664a05c9a","checklist","FALSE","FALSE","Site QA","Floor Finishes","WING C","C.49 BED"
"9a42b835-4318-567f-a0b6-0a3ff9ae7153","","checkpoint-group","not-started","","","FALSE","FALSE","Site QA","Floor Finishes","WING C","C.49 BED","Subfloor, Floor Preparation, Adhesive"
"340f2f49-b0a2-5554-b85c-86f9497332db","","checkpoint-status","not-started","","","TRUE","TRUE","Site QA","Floor Finishes","WING C","C.49 BED","Subfloor, Floor Preparation, Adhesive","Confirm area of work is accessible & acceptable to commence (If not comment below)"
"2ae63ba4-b8c1-523d-adcf-c7c49f6410ff","","checkpoint-status","not-started","","","TRUE","TRUE","Site QA","Floor Finishes","WING C","C.49 BED","Subfloor, Floor Preparation, Adhesive","Subfloor mechanically diamond ground"
"5b21088a-3589-4975-b1bb-9f59efa396fc","","checkpoint-status","not-started","","","TRUE","TRUE","Site QA","Floor Finishes","WING C","C.49 BED","Subfloor, Floor Preparation, Adhesive","Floor preparation product installed in accordance with manufacturer's instructions"
"171531f0-91a7-52d1-8828-97a17ff0883d","","checkpoint-status","not-started","","","TRUE","TRUE","Site QA","Floor Finishes","WING C","C.49 BED","Subfloor, Floor Preparation, Adhesive","Floor transitions installed as per instructions from builder"
"c9c4585f-aed4-4537-be66-4fda869dc06c","","checkpoint-status","not-started","","","TRUE","TRUE","Site QA","Floor Finishes","WING C","C.49 BED","Subfloor, Floor Preparation, Adhesive","Waterproof tested for falls, and water test completed by waterproofers"
"0ac989c7-5310-5425-9556-30a4e9fbfec2","","checkpoint-status","not-started","","","TRUE","TRUE","Site QA","Floor Finishes","WING C","C.49 BED","Subfloor, Floor Preparation, Adhesive","Correct adhesive used"
"aa5c5940-5e43-5a88-80d6-2e7b87a15491","","checkpoint-group","not-started","","","FALSE","FALSE","Site QA","Floor Finishes","WING C","C.49 BED","Carpet / Vinyl"
"1efb97a6-84fa-53d1-9b5a-d3747115e71f","","checkpoint-status","not-started","","","TRUE","TRUE","Site QA","Floor Finishes","WING C","C.49 BED","Carpet / Vinyl","Confirm area of work is accessible & acceptable to commence (If not comment below)"
"4ad50b21-aa22-5677-9bd5-09b419c9aec8","","checkpoint-status","not-started","","","TRUE","TRUE","Site QA","Floor Finishes","WING C","C.49 BED","Carpet / Vinyl","Vinyl installed as per plan"
"9894bf4e-9f67-5cdd-836d-48aa718be8a7","","checkpoint-status","not-started","","","TRUE","TRUE","Site QA","Floor Finishes","WING C","C.49 BED","Carpet / Vinyl","Carpet installed as per plan"
"d652b080-ec1c-5ba7-ae3d-8ffe2de178ba","","checkpoint-status","not-started","","","TRUE","TRUE","Site QA","Floor Finishes","WING C","C.49 BED","Carpet / Vinyl","Joints sealed with heat welded seams and mitres as per AS 1884-2012"
"160ce186-c04f-52e1-8100-aec4858d0d38","","checkpoint-status","not-started","","","TRUE","TRUE","Site QA","Floor Finishes","WING C","C.49 BED","Carpet / Vinyl","Vinyl skirt and coving used as per finishes markup - 150mm height"
"2bdb3e3e-5102-5087-b349-25dc67e5c331","","checkpoint-status","not-started","","","TRUE","TRUE","Site QA","Floor Finishes","WING C","C.49 BED","Carpet / Vinyl","Installer Sign Off: Carpet / Vinyl installed as per manufacturer's instructions"
"449b43de-7d9a-53d5-8059-a4a403b47a99","","checkpoint-status","not-started","","","TRUE","TRUE","Site QA","Floor Finishes","WING C","C.49 BED","Carpet / Vinyl","Add-Floors Sign Off"
"cc49619e-db09-5ec4-9c08-87ec14e3b386","","checkpoint-status","not-started","","","TRUE","TRUE","Site QA","Floor Finishes","WING C","C.49 BED","Carpet / Vinyl","Foreman installation sign off"
"3fd4ba33-165a-5ad2-9a7b-06cf8b96910b","","checkpoint-group","not-started","","","FALSE","FALSE","Site QA","Floor Finishes","WING C","C.49 BED","Wall Finish"
"bd287d98-f0c6-5337-8cf5-cc0159bb5496","","checkpoint-status","not-started","","","TRUE","TRUE","Site QA","Floor Finishes","WING C","C.49 BED","Wall Finish","Wall Finish installed as per plan"
"fd7e0846-a25e-57ec-8e9a-420d683b60bc","","checkpoint-group","not-started","","","FALSE","FALSE","Site QA","Floor Finishes","WING C","C.49 BED","Protection and Handover"
"f8825b07-a5d9-5254-817f-d7bf568e1239","","checkpoint-status","not-started","","","TRUE","TRUE","Site QA","Floor Finishes","WING C","C.49 BED","Protection and Handover","Installation complete, checked and reviewed - as per specification"
"3798393a-5deb-50cf-bdf4-6a65d2eb71bf","","checkpoint-status","not-started","","","TRUE","TRUE","Site QA","Floor Finishes","WING C","C.49 BED","Protection and Handover","Floor protected with bubbleweave floor protection or polyweave"
"121e68c5-2d2f-520e-838b-f28e692fbdfb","","checkpoint-status","not-started","","","TRUE","TRUE","Site QA","Floor Finishes","WING C","C.49 BED","Protection and Handover","Installer Sign Off: Protection installed as per manufacturer's instructions"
"e02e1578-86f2-4142-a20e-2d7f3eee5b1d","","checklist-sectioned","not-started","5a8a68d1221a9e608c282940756e19ac2c3c1dd54ffd7888cef6f74664a05c9a","checklist","FALSE","FALSE","Site QA","Floor Finishes","WING C","C.49A ACC ENSUITE"
"0286afff-8c9d-5eb0-8da0-00f46f8362c8","","checkpoint-group","not-started","","","FALSE","FALSE","Site QA","Floor Finishes","WING C","C.49A ACC ENSUITE","Subfloor, Floor Preparation, Adhesive"
"a38ae23b-4081-52ca-abf1-2f68095701fd","","checkpoint-status","not-started","","","TRUE","TRUE","Site QA","Floor Finishes","WING C","C.49A ACC ENSUITE","Subfloor, Floor Preparation, Adhesive","Confirm area of work is accessible & acceptable to commence (If not comment below)"
"7ce6d0f1-d711-5f21-ab74-970c05371c91","","checkpoint-status","not-started","","","TRUE","TRUE","Site QA","Floor Finishes","WING C","C.49A ACC ENSUITE","Subfloor, Floor Preparation, Adhesive","Subfloor mechanically diamond ground"
"d99f155e-4203-44f7-a534-9f2ea3e23a06","","checkpoint-status","not-started","","","TRUE","TRUE","Site QA","Floor Finishes","WING C","C.49A ACC ENSUITE","Subfloor, Floor Preparation, Adhesive","Floor preparation product installed in accordance with manufacturer's instructions"
"46f332bd-c48a-56fa-9dd1-4d7e3d30d635","","checkpoint-status","not-started","","","TRUE","TRUE","Site QA","Floor Finishes","WING C","C.49A ACC ENSUITE","Subfloor, Floor Preparation, Adhesive","Floor transitions installed as per instructions from builder"
"89ae3c42-fa5b-40ab-8bee-860cae05f318","","checkpoint-status","not-started","","","TRUE","TRUE","Site QA","Floor Finishes","WING C","C.49A ACC ENSUITE","Subfloor, Floor Preparation, Adhesive","Waterproof tested for falls, and water test completed by waterproofers"
"d28e079c-ccad-5902-bc4f-9359739fb674","","checkpoint-status","not-started","","","TRUE","TRUE","Site QA","Floor Finishes","WING C","C.49A ACC ENSUITE","Subfloor, Floor Preparation, Adhesive","Correct adhesive used"
"13987409-f073-5ed9-974e-42f4e9346af4","","checkpoint-group","not-started","","","FALSE","FALSE","Site QA","Floor Finishes","WING C","C.49A ACC ENSUITE","Carpet / Vinyl"
"20b7d081-a75d-5520-8b5d-7faa8cd0f088","","checkpoint-status","not-started","","","TRUE","TRUE","Site QA","Floor Finishes","WING C","C.49A ACC ENSUITE","Carpet / Vinyl","Confirm area of work is accessible & acceptable to commence (If not comment below)"
"8b232cd9-76d9-5df2-90d4-76f1a61aa33b","","checkpoint-status","not-started","","","TRUE","TRUE","Site QA","Floor Finishes","WING C","C.49A ACC ENSUITE","Carpet / Vinyl","Vinyl installed as per plan"
"d6d656e0-faba-5d60-9b73-730c7d66d5d1","","checkpoint-status","not-started","","","TRUE","TRUE","Site QA","Floor Finishes","WING C","C.49A ACC ENSUITE","Carpet / Vinyl","Carpet installed as per plan"
"c93c9ee1-5926-5579-a539-22b63df293f9","","checkpoint-status","not-started","","","TRUE","TRUE","Site QA","Floor Finishes","WING C","C.49A ACC ENSUITE","Carpet / Vinyl","Joints sealed with heat welded seams and mitres as per AS 1884-2012"
"04fdcb36-04f1-5dcf-ba40-a1ce7bce578a","","checkpoint-status","not-started","","","TRUE","TRUE","Site QA","Floor Finishes","WING C","C.49A ACC ENSUITE","Carpet / Vinyl","Vinyl skirt and coving used as per finishes markup - 150mm height"
"e77ceb37-21ea-5f85-bf57-16ae11b8a35d","","checkpoint-status","not-started","","","TRUE","TRUE","Site QA","Floor Finishes","WING C","C.49A ACC ENSUITE","Carpet / Vinyl","Installer Sign Off: Carpet / Vinyl installed as per manufacturer's instructions"
"ae2014c6-34dc-5df7-ae34-7b7a86d26ef2","","checkpoint-status","not-started","","","TRUE","TRUE","Site QA","Floor Finishes","WING C","C.49A ACC ENSUITE","Carpet / Vinyl","Add-Floors Sign Off"
"c4d46a9f-6713-5e0b-8475-88bf5f30c199","","checkpoint-status","not-started","","","TRUE","TRUE","Site QA","Floor Finishes","WING C","C.49A ACC ENSUITE","Carpet / Vinyl","Foreman installation sign off"
"d22e8998-ac44-5bd4-bbf5-233fac854546","","checkpoint-group","not-started","","","FALSE","FALSE","Site QA","Floor Finishes","WING C","C.49A ACC ENSUITE","Wall Finish"
"d06bb51f-5342-52c6-8cb0-a6b8e158c5f5","","checkpoint-status","not-started","","","TRUE","TRUE","Site QA","Floor Finishes","WING C","C.49A ACC ENSUITE","Wall Finish","Wall Finish installed as per plan"
"406c354d-e08d-5b40-9dc7-1087658a474e","","checkpoint-group","not-started","","","FALSE","FALSE","Site QA","Floor Finishes","WING C","C.49A ACC ENSUITE","Protection and Handover"
"3d24f7dc-dcb7-58fc-9900-c9757d9b1ca6","","checkpoint-status","not-started","","","TRUE","TRUE","Site QA","Floor Finishes","WING C","C.49A ACC ENSUITE","Protection and Handover","Installation complete, checked and reviewed - as per specification"
"0e35b659-5b7a-5768-908c-b16c544497a1","","checkpoint-status","not-started","","","TRUE","TRUE","Site QA","Floor Finishes","WING C","C.49A ACC ENSUITE","Protection and Handover","Floor protected with bubbleweave floor protection or polyweave"
"282c2299-6124-589e-9c5f-dd092d175998","","checkpoint-status","not-started","","","TRUE","TRUE","Site QA","Floor Finishes","WING C","C.49A ACC ENSUITE","Protection and Handover","Installer Sign Off: Protection installed as per manufacturer's instructions"
"70a05399-5125-49d1-8fcf-4243079f79d4","","checklist-sectioned","not-started","5a8a68d1221a9e608c282940756e19ac2c3c1dd54ffd7888cef6f74664a05c9a","checklist","FALSE","FALSE","Site QA","Floor Finishes","WING C","C.50 BED"
"4f1ab62a-114c-5676-b17b-ed2ecf0af85b","","checkpoint-group","not-started","","","FALSE","FALSE","Site QA","Floor Finishes","WING C","C.50 BED","Subfloor, Floor Preparation, Adhesive"
"b5fdfdcb-e196-531c-9804-a48ccdd83eb2","","checkpoint-status","not-started","","","TRUE","TRUE","Site QA","Floor Finishes","WING C","C.50 BED","Subfloor, Floor Preparation, Adhesive","Confirm area of work is accessible & acceptable to commence (If not comment below)"
"24ebf671-b5c1-5396-b441-23ed830671a5","","checkpoint-status","not-started","","","TRUE","TRUE","Site QA","Floor Finishes","WING C","C.50 BED","Subfloor, Floor Preparation, Adhesive","Subfloor mechanically diamond ground"
"1fa97463-8bb2-4e7d-baf7-fe0fe08841a3","","checkpoint-status","not-started","","","TRUE","TRUE","Site QA","Floor Finishes","WING C","C.50 BED","Subfloor, Floor Preparation, Adhesive","Floor preparation product installed in accordance with manufacturer's instructions"
"47250a8c-4af8-5488-9d74-0d73272af646","","checkpoint-status","not-started","","","TRUE","TRUE","Site QA","Floor Finishes","WING C","C.50 BED","Subfloor, Floor Preparation, Adhesive","Floor transitions installed as per instructions from builder"
"6d2c058c-34ae-4c27-9845-11362c86c452","","checkpoint-status","not-started","","","TRUE","TRUE","Site QA","Floor Finishes","WING C","C.50 BED","Subfloor, Floor Preparation, Adhesive","Waterproof tested for falls, and water test completed by waterproofers"
"7e9ea12d-03d4-5650-b654-b7d3ac0e9ac4","","checkpoint-status","not-started","","","TRUE","TRUE","Site QA","Floor Finishes","WING C","C.50 BED","Subfloor, Floor Preparation, Adhesive","Correct adhesive used"
"2e814fdc-ea7c-55f7-993f-912cba3bdf5d","","checkpoint-group","not-started","","","FALSE","FALSE","Site QA","Floor Finishes","WING C","C.50 BED","Carpet / Vinyl"
"26e82939-7bb9-5651-b78b-c1e7e6a1f198","","checkpoint-status","not-started","","","TRUE","TRUE","Site QA","Floor Finishes","WING C","C.50 BED","Carpet / Vinyl","Confirm area of work is accessible & acceptable to commence (If not comment below)"
"05b03831-8e4e-593e-bae1-e8cf4082aa2c","","checkpoint-status","not-started","","","TRUE","TRUE","Site QA","Floor Finishes","WING C","C.50 BED","Carpet / Vinyl","Vinyl installed as per plan"
"fb4e651e-5197-53a6-bc6f-747d0027ee44","","checkpoint-status","not-started","","","TRUE","TRUE","Site QA","Floor Finishes","WING C","C.50 BED","Carpet / Vinyl","Carpet installed as per plan"
"093d340e-85b4-585b-afc3-0a99744eab18","","checkpoint-status","not-started","","","TRUE","TRUE","Site QA","Floor Finishes","WING C","C.50 BED","Carpet / Vinyl","Joints sealed with heat welded seams and mitres as per AS 1884-2012"
"5f07277b-75c9-5189-9f93-171538a59dd7","","checkpoint-status","not-started","","","TRUE","TRUE","Site QA","Floor Finishes","WING C","C.50 BED","Carpet / Vinyl","Vinyl skirt and coving used as per finishes markup - 150mm height"
"8a916339-d0c7-5e5c-a616-540703011525","","checkpoint-status","not-started","","","TRUE","TRUE","Site QA","Floor Finishes","WING C","C.50 BED","Carpet / Vinyl","Installer Sign Off: Carpet / Vinyl installed as per manufacturer's instructions"
"7a633b54-0695-5823-9a3e-b8da72c8f97d","","checkpoint-status","not-started","","","TRUE","TRUE","Site QA","Floor Finishes","WING C","C.50 BED","Carpet / Vinyl","Add-Floors Sign Off"
"662cc7e4-4a9f-5ae8-8876-76999830fa4a","","checkpoint-status","not-started","","","TRUE","TRUE","Site QA","Floor Finishes","WING C","C.50 BED","Carpet / Vinyl","Foreman installation sign off"
"f2c42f8b-e5c0-5e68-bbcf-0a5499a2a646","","checkpoint-group","not-started","","","FALSE","FALSE","Site QA","Floor Finishes","WING C","C.50 BED","Wall Finish"
"42403286-c106-59e0-b7e2-ee3b4e9df14e","","checkpoint-status","not-started","","","TRUE","TRUE","Site QA","Floor Finishes","WING C","C.50 BED","Wall Finish","Wall Finish installed as per plan"
"c176ffee-8744-5866-affd-b96944ca30d1","","checkpoint-group","not-started","","","FALSE","FALSE","Site QA","Floor Finishes","WING C","C.50 BED","Protection and Handover"
"993f98c7-d067-55dc-8c8c-b6c38d39122f","","checkpoint-status","not-started","","","TRUE","TRUE","Site QA","Floor Finishes","WING C","C.50 BED","Protection and Handover","Installation complete, checked and reviewed - as per specification"
"6be00c6f-561f-59e8-b637-77d185e05d78","","checkpoint-status","not-started","","","TRUE","TRUE","Site QA","Floor Finishes","WING C","C.50 BED","Protection and Handover","Floor protected with bubbleweave floor protection or polyweave"
"e47eee8a-5fa1-53fa-9964-73be5262587d","","checkpoint-status","not-started","","","TRUE","TRUE","Site QA","Floor Finishes","WING C","C.50 BED","Protection and Handover","Installer Sign Off: Protection installed as per manufacturer's instructions"
"b5868213-73f5-47f7-8985-13c6d9908e5f","","checklist-sectioned","not-started","5a8a68d1221a9e608c282940756e19ac2c3c1dd54ffd7888cef6f74664a05c9a","checklist","FALSE","FALSE","Site QA","Floor Finishes","WING C","C.50A ENSUITE"
"9b864a76-a98a-567e-aeca-5b2a49ebaaed","","checkpoint-group","not-started","","","FALSE","FALSE","Site QA","Floor Finishes","WING C","C.50A ENSUITE","Subfloor, Floor Preparation, Adhesive"
"43939e6e-7309-52a6-b68d-78611889daaf","","checkpoint-status","not-started","","","TRUE","TRUE","Site QA","Floor Finishes","WING C","C.50A ENSUITE","Subfloor, Floor Preparation, Adhesive","Confirm area of work is accessible & acceptable to commence (If not comment below)"
"2cc02f25-dfe2-5ab0-8a1e-8df6bbf97d96","","checkpoint-status","not-started","","","TRUE","TRUE","Site QA","Floor Finishes","WING C","C.50A ENSUITE","Subfloor, Floor Preparation, Adhesive","Subfloor mechanically diamond ground"
"d8952346-4696-4f1e-9b1a-ba8909ece971","","checkpoint-status","not-started","","","TRUE","TRUE","Site QA","Floor Finishes","WING C","C.50A ENSUITE","Subfloor, Floor Preparation, Adhesive","Floor preparation product installed in accordance with manufacturer's instructions"
"365eb2d7-1d5e-585e-9fbb-72683a376987","","checkpoint-status","not-started","","","TRUE","TRUE","Site QA","Floor Finishes","WING C","C.50A ENSUITE","Subfloor, Floor Preparation, Adhesive","Floor transitions installed as per instructions from builder"
"b25fdecd-5376-484c-93cb-4938581b6375","","checkpoint-status","not-started","","","TRUE","TRUE","Site QA","Floor Finishes","WING C","C.50A ENSUITE","Subfloor, Floor Preparation, Adhesive","Waterproof tested for falls, and water test completed by waterproofers"
"7896406e-a27e-55f3-9bf4-56684722dc0f","","checkpoint-status","not-started","","","TRUE","TRUE","Site QA","Floor Finishes","WING C","C.50A ENSUITE","Subfloor, Floor Preparation, Adhesive","Correct adhesive used"
"b51a6799-886f-5595-bd8c-d295a8bbdd5f","","checkpoint-group","not-started","","","FALSE","FALSE","Site QA","Floor Finishes","WING C","C.50A ENSUITE","Carpet / Vinyl"
"a2f173ec-bcef-510c-92d2-433953427669","","checkpoint-status","not-started","","","TRUE","TRUE","Site QA","Floor Finishes","WING C","C.50A ENSUITE","Carpet / Vinyl","Confirm area of work is accessible & acceptable to commence (If not comment below)"
"527254b4-adc8-5450-9ead-6029009774da","","checkpoint-status","not-started","","","TRUE","TRUE","Site QA","Floor Finishes","WING C","C.50A ENSUITE","Carpet / Vinyl","Vinyl installed as per plan"
"27ce885d-cce3-59b2-a842-e732866e4b8e","","checkpoint-status","not-started","","","TRUE","TRUE","Site QA","Floor Finishes","WING C","C.50A ENSUITE","Carpet / Vinyl","Carpet installed as per plan"
"1a2157c2-a787-5412-9cd8-ecc1e237fc5e","","checkpoint-status","not-started","","","TRUE","TRUE","Site QA","Floor Finishes","WING C","C.50A ENSUITE","Carpet / Vinyl","Joints sealed with heat welded seams and mitres as per AS 1884-2012"
"9bf1392c-f81a-5f15-8e1d-535c2053b6b3","","checkpoint-status","not-started","","","TRUE","TRUE","Site QA","Floor Finishes","WING C","C.50A ENSUITE","Carpet / Vinyl","Vinyl skirt and coving used as per finishes markup - 150mm height"
"c80b3dfe-bd60-5801-ac2a-e201220056f8","","checkpoint-status","not-started","","","TRUE","TRUE","Site QA","Floor Finishes","WING C","C.50A ENSUITE","Carpet / Vinyl","Installer Sign Off: Carpet / Vinyl installed as per manufacturer's instructions"
"27725313-83e6-51a5-9a5c-1e099ffb2649","","checkpoint-status","not-started","","","TRUE","TRUE","Site QA","Floor Finishes","WING C","C.50A ENSUITE","Carpet / Vinyl","Add-Floors Sign Off"
"bd4c67e2-7979-50ef-90be-1ed1f0ac85fd","","checkpoint-status","not-started","","","TRUE","TRUE","Site QA","Floor Finishes","WING C","C.50A ENSUITE","Carpet / Vinyl","Foreman installation sign off"
"eeee9794-3889-503c-b5ca-c4b8f2f931a5","","checkpoint-group","not-started","","","FALSE","FALSE","Site QA","Floor Finishes","WING C","C.50A ENSUITE","Wall Finish"
"f6302d4a-eef7-5ec0-ae4a-471974f66c3f","","checkpoint-status","not-started","","","TRUE","TRUE","Site QA","Floor Finishes","WING C","C.50A ENSUITE","Wall Finish","Wall Finish installed as per plan"
"3cc7e28e-a4ef-5f54-875b-d8acb12fe71c","","checkpoint-group","not-started","","","FALSE","FALSE","Site QA","Floor Finishes","WING C","C.50A ENSUITE","Protection and Handover"
"8623ee76-042e-5ceb-8e3f-f0b2367ada2d","","checkpoint-status","not-started","","","TRUE","TRUE","Site QA","Floor Finishes","WING C","C.50A ENSUITE","Protection and Handover","Installation complete, checked and reviewed - as per specification"
"02943f42-4df7-580c-966d-70a3f0389c20","","checkpoint-status","not-started","","","TRUE","TRUE","Site QA","Floor Finishes","WING C","C.50A ENSUITE","Protection and Handover","Floor protected with bubbleweave floor protection or polyweave"
"99d70d40-19f3-5f44-929f-6deaf55abe63","","checkpoint-status","not-started","","","TRUE","TRUE","Site QA","Floor Finishes","WING C","C.50A ENSUITE","Protection and Handover","Installer Sign Off: Protection installed as per manufacturer's instructions"
"acd8e8f0-7934-4345-bd04-2b1c5cdf9514","","checklist-sectioned","not-started","5a8a68d1221a9e608c282940756e19ac2c3c1dd54ffd7888cef6f74664a05c9a","checklist","FALSE","FALSE","Site QA","Floor Finishes","WING C","C.51 BED"
"af659585-5175-5fb9-8e03-384574559574","","checkpoint-group","not-started","","","FALSE","FALSE","Site QA","Floor Finishes","WING C","C.51 BED","Subfloor, Floor Preparation, Adhesive"
"b951b458-238b-507d-8886-0d5d7f11439b","","checkpoint-status","not-started","","","TRUE","TRUE","Site QA","Floor Finishes","WING C","C.51 BED","Subfloor, Floor Preparation, Adhesive","Confirm area of work is accessible & acceptable to commence (If not comment below)"
"9b5e5a24-fd7d-58b5-8961-68d3c8c96787","","checkpoint-status","not-started","","","TRUE","TRUE","Site QA","Floor Finishes","WING C","C.51 BED","Subfloor, Floor Preparation, Adhesive","Subfloor mechanically diamond ground"
"2976be86-e151-4b68-b995-518fa39aaff0","","checkpoint-status","not-started","","","TRUE","TRUE","Site QA","Floor Finishes","WING C","C.51 BED","Subfloor, Floor Preparation, Adhesive","Floor preparation product installed in accordance with manufacturer's instructions"
"8b44c9a1-2c7a-5c85-8561-d60e1aa9f870","","checkpoint-status","not-started","","","TRUE","TRUE","Site QA","Floor Finishes","WING C","C.51 BED","Subfloor, Floor Preparation, Adhesive","Floor transitions installed as per instructions from builder"
"37e95dd0-28f6-43c1-ad3b-914b81f97695","","checkpoint-status","not-started","","","TRUE","TRUE","Site QA","Floor Finishes","WING C","C.51 BED","Subfloor, Floor Preparation, Adhesive","Waterproof tested for falls, and water test completed by waterproofers"
"6d8d2406-b277-5c23-8542-3dae70182ae0","","checkpoint-status","not-started","","","TRUE","TRUE","Site QA","Floor Finishes","WING C","C.51 BED","Subfloor, Floor Preparation, Adhesive","Correct adhesive used"
"372c3ac3-8ff1-53fb-bb51-ce7f70868c80","","checkpoint-group","not-started","","","FALSE","FALSE","Site QA","Floor Finishes","WING C","C.51 BED","Carpet / Vinyl"
"34733a0b-cecb-5c4e-ba70-daa5347949c6","","checkpoint-status","not-started","","","TRUE","TRUE","Site QA","Floor Finishes","WING C","C.51 BED","Carpet / Vinyl","Confirm area of work is accessible & acceptable to commence (If not comment below)"
"4a6c7c8d-1733-59a0-8d05-8469bba5ae65","","checkpoint-status","not-started","","","TRUE","TRUE","Site QA","Floor Finishes","WING C","C.51 BED","Carpet / Vinyl","Vinyl installed as per plan"
"d1e6824d-221a-510d-9f19-a97d75fe4527","","checkpoint-status","not-started","","","TRUE","TRUE","Site QA","Floor Finishes","WING C","C.51 BED","Carpet / Vinyl","Carpet installed as per plan"
"311f2ce3-54fa-52c7-b01c-f80e12ce99d4","","checkpoint-status","not-started","","","TRUE","TRUE","Site QA","Floor Finishes","WING C","C.51 BED","Carpet / Vinyl","Joints sealed with heat welded seams and mitres as per AS 1884-2012"
"9c2166ec-ff5f-5a34-a4a4-baafbd75f896","","checkpoint-status","not-started","","","TRUE","TRUE","Site QA","Floor Finishes","WING C","C.51 BED","Carpet / Vinyl","Vinyl skirt and coving used as per finishes markup - 150mm height"
"c9e96df5-70a5-5757-af52-517395b70491","","checkpoint-status","not-started","","","TRUE","TRUE","Site QA","Floor Finishes","WING C","C.51 BED","Carpet / Vinyl","Installer Sign Off: Carpet / Vinyl installed as per manufacturer's instructions"
"051d59a8-babf-5be5-bbb8-663457060b05","","checkpoint-status","not-started","","","TRUE","TRUE","Site QA","Floor Finishes","WING C","C.51 BED","Carpet / Vinyl","Add-Floors Sign Off"
"7a9acebf-3b3a-5b4f-be11-00e9e7820557","","checkpoint-status","not-started","","","TRUE","TRUE","Site QA","Floor Finishes","WING C","C.51 BED","Carpet / Vinyl","Foreman installation sign off"
"571a73a0-8636-5a31-9cc7-59fae8acae39","","checkpoint-group","not-started","","","FALSE","FALSE","Site QA","Floor Finishes","WING C","C.51 BED","Wall Finish"
"457ace0b-654d-5d89-ad38-48a440a9ca4f","","checkpoint-status","not-started","","","TRUE","TRUE","Site QA","Floor Finishes","WING C","C.51 BED","Wall Finish","Wall Finish installed as per plan"
"57dda6a8-f04b-50b1-a5dd-8936b16885fa","","checkpoint-group","not-started","","","FALSE","FALSE","Site QA","Floor Finishes","WING C","C.51 BED","Protection and Handover"
"17b205c5-b4f0-50ae-a2d7-579f4660a671","","checkpoint-status","not-started","","","TRUE","TRUE","Site QA","Floor Finishes","WING C","C.51 BED","Protection and Handover","Installation complete, checked and reviewed - as per specification"
"ca2b2dd6-439d-567a-81d7-d3c42d0cdfb1","","checkpoint-status","not-started","","","TRUE","TRUE","Site QA","Floor Finishes","WING C","C.51 BED","Protection and Handover","Floor protected with bubbleweave floor protection or polyweave"
"203cfe1d-3d14-5380-b42a-3994e73b24a8","","checkpoint-status","not-started","","","TRUE","TRUE","Site QA","Floor Finishes","WING C","C.51 BED","Protection and Handover","Installer Sign Off: Protection installed as per manufacturer's instructions"
"9a2d36ea-ba1b-4c2d-a05d-9d10f24b88b8","","checklist-sectioned","not-started","5a8a68d1221a9e608c282940756e19ac2c3c1dd54ffd7888cef6f74664a05c9a","checklist","FALSE","FALSE","Site QA","Floor Finishes","WING C","C.51A ENSUITE"
"150cf2f6-8ba1-5bfa-ace5-1198bd9c2ab9","","checkpoint-group","not-started","","","FALSE","FALSE","Site QA","Floor Finishes","WING C","C.51A ENSUITE","Subfloor, Floor Preparation, Adhesive"
"3efa239c-49c5-56a6-b3a9-1ea91d53d26b","","checkpoint-status","not-started","","","TRUE","TRUE","Site QA","Floor Finishes","WING C","C.51A ENSUITE","Subfloor, Floor Preparation, Adhesive","Confirm area of work is accessible & acceptable to commence (If not comment below)"
"1b909600-9726-572e-8dc4-a55856b48c2f","","checkpoint-status","not-started","","","TRUE","TRUE","Site QA","Floor Finishes","WING C","C.51A ENSUITE","Subfloor, Floor Preparation, Adhesive","Subfloor mechanically diamond ground"
"fa5b6a1b-f726-44b2-b9a9-83b612de8ffa","","checkpoint-status","not-started","","","TRUE","TRUE","Site QA","Floor Finishes","WING C","C.51A ENSUITE","Subfloor, Floor Preparation, Adhesive","Floor preparation product installed in accordance with manufacturer's instructions"
"5c31689b-0782-5476-92b6-ea8cf74fd35e","","checkpoint-status","not-started","","","TRUE","TRUE","Site QA","Floor Finishes","WING C","C.51A ENSUITE","Subfloor, Floor Preparation, Adhesive","Floor transitions installed as per instructions from builder"
"436bf313-0d43-4de0-b7b2-23fc9e2fdf1a","","checkpoint-status","not-started","","","TRUE","TRUE","Site QA","Floor Finishes","WING C","C.51A ENSUITE","Subfloor, Floor Preparation, Adhesive","Waterproof tested for falls, and water test completed by waterproofers"
"b6b74038-89ed-5ea6-a213-8face2f7e286","","checkpoint-status","not-started","","","TRUE","TRUE","Site QA","Floor Finishes","WING C","C.51A ENSUITE","Subfloor, Floor Preparation, Adhesive","Correct adhesive used"
"dfa88e46-317c-56a6-9d6e-e384792582ef","","checkpoint-group","not-started","","","FALSE","FALSE","Site QA","Floor Finishes","WING C","C.51A ENSUITE","Carpet / Vinyl"
"843fc605-0f22-57fa-8e0e-2438ea8ecccf","","checkpoint-status","not-started","","","TRUE","TRUE","Site QA","Floor Finishes","WING C","C.51A ENSUITE","Carpet / Vinyl","Confirm area of work is accessible & acceptable to commence (If not comment below)"
"1f7026a3-d217-5d42-9049-3fd1ccc88a34","","checkpoint-status","not-started","","","TRUE","TRUE","Site QA","Floor Finishes","WING C","C.51A ENSUITE","Carpet / Vinyl","Vinyl installed as per plan"
"ca5875da-e25e-5636-909f-49cd6d032b24","","checkpoint-status","not-started","","","TRUE","TRUE","Site QA","Floor Finishes","WING C","C.51A ENSUITE","Carpet / Vinyl","Carpet installed as per plan"
"98edb6ac-8f2a-58ce-a3c4-8f00e3142250","","checkpoint-status","not-started","","","TRUE","TRUE","Site QA","Floor Finishes","WING C","C.51A ENSUITE","Carpet / Vinyl","Joints sealed with heat welded seams and mitres as per AS 1884-2012"
"7aefe723-851d-5c46-bbce-01e196c43321","","checkpoint-status","not-started","","","TRUE","TRUE","Site QA","Floor Finishes","WING C","C.51A ENSUITE","Carpet / Vinyl","Vinyl skirt and coving used as per finishes markup - 150mm height"
"edfabe0b-280b-5341-957c-17e0f6da8105","","checkpoint-status","not-started","","","TRUE","TRUE","Site QA","Floor Finishes","WING C","C.51A ENSUITE","Carpet / Vinyl","Installer Sign Off: Carpet / Vinyl installed as per manufacturer's instructions"
"5d58188b-4a21-5538-aded-04103abe28a4","","checkpoint-status","not-started","","","TRUE","TRUE","Site QA","Floor Finishes","WING C","C.51A ENSUITE","Carpet / Vinyl","Add-Floors Sign Off"
"6e151647-c70c-5ecf-b364-3a457dc9cdab","","checkpoint-status","not-started","","","TRUE","TRUE","Site QA","Floor Finishes","WING C","C.51A ENSUITE","Carpet / Vinyl","Foreman installation sign off"
"903392ba-40e3-5b3b-8058-4b066a25348b","","checkpoint-group","not-started","","","FALSE","FALSE","Site QA","Floor Finishes","WING C","C.51A ENSUITE","Wall Finish"
"955970df-116f-5eb3-9ffc-812c86368c5a","","checkpoint-status","not-started","","","TRUE","TRUE","Site QA","Floor Finishes","WING C","C.51A ENSUITE","Wall Finish","Wall Finish installed as per plan"
"6ee0e682-ea2b-5aa0-8615-0f21e80090bd","","checkpoint-group","not-started","","","FALSE","FALSE","Site QA","Floor Finishes","WING C","C.51A ENSUITE","Protection and Handover"
"7c77719c-7bdb-5ae2-bb85-5108602405b1","","checkpoint-status","not-started","","","TRUE","TRUE","Site QA","Floor Finishes","WING C","C.51A ENSUITE","Protection and Handover","Installation complete, checked and reviewed - as per specification"
"e33ba9fe-658a-50d4-90ae-96f6351b8bb6","","checkpoint-status","not-started","","","TRUE","TRUE","Site QA","Floor Finishes","WING C","C.51A ENSUITE","Protection and Handover","Floor protected with bubbleweave floor protection or polyweave"
"3a8b9ccb-044e-51ff-8617-fb932198ee5d","","checkpoint-status","not-started","","","TRUE","TRUE","Site QA","Floor Finishes","WING C","C.51A ENSUITE","Protection and Handover","Installer Sign Off: Protection installed as per manufacturer's instructions"
"55882d87-5518-43bc-84d1-72590a823e05","","checklist-sectioned","not-started","5a8a68d1221a9e608c282940756e19ac2c3c1dd54ffd7888cef6f74664a05c9a","checklist","FALSE","FALSE","Site QA","Floor Finishes","WING C","C.52 BED"
"f3c371a3-9e4c-577f-8bf3-f4c36aa5b8a7","","checkpoint-group","not-started","","","FALSE","FALSE","Site QA","Floor Finishes","WING C","C.52 BED","Subfloor, Floor Preparation, Adhesive"
"4483ed67-6fd3-5031-b0f8-ef62452c7250","","checkpoint-status","not-started","","","TRUE","TRUE","Site QA","Floor Finishes","WING C","C.52 BED","Subfloor, Floor Preparation, Adhesive","Confirm area of work is accessible & acceptable to commence (If not comment below)"
"fc952080-3f07-527a-bf39-58d458d126be","","checkpoint-status","not-started","","","TRUE","TRUE","Site QA","Floor Finishes","WING C","C.52 BED","Subfloor, Floor Preparation, Adhesive","Subfloor mechanically diamond ground"
"df26fb2d-abc6-43b7-b02e-7e53f2a08738","","checkpoint-status","not-started","","","TRUE","TRUE","Site QA","Floor Finishes","WING C","C.52 BED","Subfloor, Floor Preparation, Adhesive","Floor preparation product installed in accordance with manufacturer's instructions"
"c5a72720-d3c9-509b-8fa3-4c5f39cc7862","","checkpoint-status","not-started","","","TRUE","TRUE","Site QA","Floor Finishes","WING C","C.52 BED","Subfloor, Floor Preparation, Adhesive","Floor transitions installed as per instructions from builder"
"c5035f88-3431-4338-88bc-165680654a80","","checkpoint-status","not-started","","","TRUE","TRUE","Site QA","Floor Finishes","WING C","C.52 BED","Subfloor, Floor Preparation, Adhesive","Waterproof tested for falls, and water test completed by waterproofers"
"67b0bc0d-35c0-575a-8b3c-c55c39b42a47","","checkpoint-status","not-started","","","TRUE","TRUE","Site QA","Floor Finishes","WING C","C.52 BED","Subfloor, Floor Preparation, Adhesive","Correct adhesive used"
"74c9dfb0-cd40-58d7-adae-8e0f77de0e39","","checkpoint-group","not-started","","","FALSE","FALSE","Site QA","Floor Finishes","WING C","C.52 BED","Carpet / Vinyl"
"dd4b382c-3532-59d2-91af-b74cd73f26e5","","checkpoint-status","not-started","","","TRUE","TRUE","Site QA","Floor Finishes","WING C","C.52 BED","Carpet / Vinyl","Confirm area of work is accessible & acceptable to commence (If not comment below)"
"f909eae7-3b77-5afb-8265-2ee20f00f705","","checkpoint-status","not-started","","","TRUE","TRUE","Site QA","Floor Finishes","WING C","C.52 BED","Carpet / Vinyl","Vinyl installed as per plan"
"5fd51bf2-aafc-58e1-8c4c-a934d3dc4459","","checkpoint-status","not-started","","","TRUE","TRUE","Site QA","Floor Finishes","WING C","C.52 BED","Carpet / Vinyl","Carpet installed as per plan"
"ae86ead9-619c-54f3-a760-7cf974bb0143","","checkpoint-status","not-started","","","TRUE","TRUE","Site QA","Floor Finishes","WING C","C.52 BED","Carpet / Vinyl","Joints sealed with heat welded seams and mitres as per AS 1884-2012"
"e80e2a8c-3189-5a16-a705-d5932fd8f85a","","checkpoint-status","not-started","","","TRUE","TRUE","Site QA","Floor Finishes","WING C","C.52 BED","Carpet / Vinyl","Vinyl skirt and coving used as per finishes markup - 150mm height"
"3c077cce-7509-5fe8-890c-ae981eeb8c90","","checkpoint-status","not-started","","","TRUE","TRUE","Site QA","Floor Finishes","WING C","C.52 BED","Carpet / Vinyl","Installer Sign Off: Carpet / Vinyl installed as per manufacturer's instructions"
"cb954310-0052-56ab-8eb7-bbe66dbaad43","","checkpoint-status","not-started","","","TRUE","TRUE","Site QA","Floor Finishes","WING C","C.52 BED","Carpet / Vinyl","Add-Floors Sign Off"
"7a06cfe4-09c0-51a8-977e-691b0a8d6a77","","checkpoint-status","not-started","","","TRUE","TRUE","Site QA","Floor Finishes","WING C","C.52 BED","Carpet / Vinyl","Foreman installation sign off"
"5d81b75e-fb84-5fd6-b474-c51ba2e2e8ed","","checkpoint-group","not-started","","","FALSE","FALSE","Site QA","Floor Finishes","WING C","C.52 BED","Wall Finish"
"b44f7a24-b031-511b-b2ca-72b1ea5cd0f0","","checkpoint-status","not-started","","","TRUE","TRUE","Site QA","Floor Finishes","WING C","C.52 BED","Wall Finish","Wall Finish installed as per plan"
"eb1b9684-e7d8-5404-afe5-8fe7eadd3be1","","checkpoint-group","not-started","","","FALSE","FALSE","Site QA","Floor Finishes","WING C","C.52 BED","Protection and Handover"
"65b39e39-c1db-5f26-b6f5-83ddb14c8627","","checkpoint-status","not-started","","","TRUE","TRUE","Site QA","Floor Finishes","WING C","C.52 BED","Protection and Handover","Installation complete, checked and reviewed - as per specification"
"8cd503a9-9b65-5947-8643-dba003248e7e","","checkpoint-status","not-started","","","TRUE","TRUE","Site QA","Floor Finishes","WING C","C.52 BED","Protection and Handover","Floor protected with bubbleweave floor protection or polyweave"
"280bbef9-f16e-5ad0-97d7-4d6e79f49f7d","","checkpoint-status","not-started","","","TRUE","TRUE","Site QA","Floor Finishes","WING C","C.52 BED","Protection and Handover","Installer Sign Off: Protection installed as per manufacturer's instructions"
"cae75ed7-9fd6-4edb-a693-76d2f118a405","","checklist-sectioned","not-started","5a8a68d1221a9e608c282940756e19ac2c3c1dd54ffd7888cef6f74664a05c9a","checklist","FALSE","FALSE","Site QA","Floor Finishes","WING C","C.52A ENSUITE"
"bbe9f6b2-0d81-5981-badf-605e08a5f5a6","","checkpoint-group","not-started","","","FALSE","FALSE","Site QA","Floor Finishes","WING C","C.52A ENSUITE","Subfloor, Floor Preparation, Adhesive"
"03ce85f5-6f6d-5974-ac63-5b01f2587bff","","checkpoint-status","not-started","","","TRUE","TRUE","Site QA","Floor Finishes","WING C","C.52A ENSUITE","Subfloor, Floor Preparation, Adhesive","Confirm area of work is accessible & acceptable to commence (If not comment below)"
"0f56058b-36a1-5665-91ac-b3e3c9c2dffc","","checkpoint-status","not-started","","","TRUE","TRUE","Site QA","Floor Finishes","WING C","C.52A ENSUITE","Subfloor, Floor Preparation, Adhesive","Subfloor mechanically diamond ground"
"d2dcfbb1-a606-41c0-9c30-9853a1bd3575","","checkpoint-status","not-started","","","TRUE","TRUE","Site QA","Floor Finishes","WING C","C.52A ENSUITE","Subfloor, Floor Preparation, Adhesive","Floor preparation product installed in accordance with manufacturer's instructions"
"f8e7af7f-7c8b-5c35-89ff-8f25b0167852","","checkpoint-status","not-started","","","TRUE","TRUE","Site QA","Floor Finishes","WING C","C.52A ENSUITE","Subfloor, Floor Preparation, Adhesive","Floor transitions installed as per instructions from builder"
"393069ad-d23c-4fd5-a35f-0d9b91542cf4","","checkpoint-status","not-started","","","TRUE","TRUE","Site QA","Floor Finishes","WING C","C.52A ENSUITE","Subfloor, Floor Preparation, Adhesive","Waterproof tested for falls, and water test completed by waterproofers"
"8bf9256c-0402-5505-9213-86ace2172cb7","","checkpoint-status","not-started","","","TRUE","TRUE","Site QA","Floor Finishes","WING C","C.52A ENSUITE","Subfloor, Floor Preparation, Adhesive","Correct adhesive used"
"ae560711-583d-5586-a4c9-42c1d2132278","","checkpoint-group","not-started","","","FALSE","FALSE","Site QA","Floor Finishes","WING C","C.52A ENSUITE","Carpet / Vinyl"
"3925d85d-461f-5b06-8a48-37273317fd55","","checkpoint-status","not-started","","","TRUE","TRUE","Site QA","Floor Finishes","WING C","C.52A ENSUITE","Carpet / Vinyl","Confirm area of work is accessible & acceptable to commence (If not comment below)"
"cd3a479a-ab39-5bca-aadf-ba47670d406d","","checkpoint-status","not-started","","","TRUE","TRUE","Site QA","Floor Finishes","WING C","C.52A ENSUITE","Carpet / Vinyl","Vinyl installed as per plan"
"783031b9-dbd0-5f36-a724-10818dabcb16","","checkpoint-status","not-started","","","TRUE","TRUE","Site QA","Floor Finishes","WING C","C.52A ENSUITE","Carpet / Vinyl","Carpet installed as per plan"
"eabe299d-0238-5e78-8294-cf3eeda6f44f","","checkpoint-status","not-started","","","TRUE","TRUE","Site QA","Floor Finishes","WING C","C.52A ENSUITE","Carpet / Vinyl","Joints sealed with heat welded seams and mitres as per AS 1884-2012"
"c1c29c08-2a7a-532d-9377-05e6193da7f3","","checkpoint-status","not-started","","","TRUE","TRUE","Site QA","Floor Finishes","WING C","C.52A ENSUITE","Carpet / Vinyl","Vinyl skirt and coving used as per finishes markup - 150mm height"
"bba08ac6-8795-5881-803c-45871d8d045f","","checkpoint-status","not-started","","","TRUE","TRUE","Site QA","Floor Finishes","WING C","C.52A ENSUITE","Carpet / Vinyl","Installer Sign Off: Carpet / Vinyl installed as per manufacturer's instructions"
"29141cb6-fc21-5156-92cc-4804dd8be5c7","","checkpoint-status","not-started","","","TRUE","TRUE","Site QA","Floor Finishes","WING C","C.52A ENSUITE","Carpet / Vinyl","Add-Floors Sign Off"
"9c797c20-0dd9-5c32-b96e-d7c04dc63838","","checkpoint-status","not-started","","","TRUE","TRUE","Site QA","Floor Finishes","WING C","C.52A ENSUITE","Carpet / Vinyl","Foreman installation sign off"
"f43f9f66-1904-5330-8b49-f7b83e8517e9","","checkpoint-group","not-started","","","FALSE","FALSE","Site QA","Floor Finishes","WING C","C.52A ENSUITE","Wall Finish"
"1fcbdc61-f602-5c1e-8833-b98837b84ca4","","checkpoint-status","not-started","","","TRUE","TRUE","Site QA","Floor Finishes","WING C","C.52A ENSUITE","Wall Finish","Wall Finish installed as per plan"
"87caf797-9247-5e65-9c90-0720dde17d2e","","checkpoint-group","not-started","","","FALSE","FALSE","Site QA","Floor Finishes","WING C","C.52A ENSUITE","Protection and Handover"
"cfddd4b6-3293-55d6-aacd-94d4a0105b43","","checkpoint-status","not-started","","","TRUE","TRUE","Site QA","Floor Finishes","WING C","C.52A ENSUITE","Protection and Handover","Installation complete, checked and reviewed - as per specification"
"8c300814-f1bd-5b23-b09e-c4b146aeb6fb","","checkpoint-status","not-started","","","TRUE","TRUE","Site QA","Floor Finishes","WING C","C.52A ENSUITE","Protection and Handover","Floor protected with bubbleweave floor protection or polyweave"
"30c87b9c-c476-5a38-8a23-9a30898b34a5","","checkpoint-status","not-started","","","TRUE","TRUE","Site QA","Floor Finishes","WING C","C.52A ENSUITE","Protection and Handover","Installer Sign Off: Protection installed as per manufacturer's instructions"
"0c9e3796-3521-4702-81b0-2fab8ce8fc4b","","checklist-sectioned","not-started","5a8a68d1221a9e608c282940756e19ac2c3c1dd54ffd7888cef6f74664a05c9a","checklist","FALSE","FALSE","Site QA","Floor Finishes","WING C","C.53 BED"
"d2f6e06f-1672-53ad-bace-46bdf5dee8a3","","checkpoint-group","not-started","","","FALSE","FALSE","Site QA","Floor Finishes","WING C","C.53 BED","Subfloor, Floor Preparation, Adhesive"
"4799e2a3-8eba-5d9a-a014-1465023dd7c3","","checkpoint-status","not-started","","","TRUE","TRUE","Site QA","Floor Finishes","WING C","C.53 BED","Subfloor, Floor Preparation, Adhesive","Confirm area of work is accessible & acceptable to commence (If not comment below)"
"216b9024-d2ef-5e7e-a49d-e15f268afa30","","checkpoint-status","not-started","","","TRUE","TRUE","Site QA","Floor Finishes","WING C","C.53 BED","Subfloor, Floor Preparation, Adhesive","Subfloor mechanically diamond ground"
"c35b423c-882a-4748-83d9-10e676ac2cd7","","checkpoint-status","not-started","","","TRUE","TRUE","Site QA","Floor Finishes","WING C","C.53 BED","Subfloor, Floor Preparation, Adhesive","Floor preparation product installed in accordance with manufacturer's instructions"
"0eefb8e3-2d2d-5336-a11b-a90b8438f503","","checkpoint-status","not-started","","","TRUE","TRUE","Site QA","Floor Finishes","WING C","C.53 BED","Subfloor, Floor Preparation, Adhesive","Floor transitions installed as per instructions from builder"
"f5a0d514-3994-477c-b887-d9d582df85ba","","checkpoint-status","not-started","","","TRUE","TRUE","Site QA","Floor Finishes","WING C","C.53 BED","Subfloor, Floor Preparation, Adhesive","Waterproof tested for falls, and water test completed by waterproofers"
"54c320fb-1f49-56fd-92bf-1ea046d181ff","","checkpoint-status","not-started","","","TRUE","TRUE","Site QA","Floor Finishes","WING C","C.53 BED","Subfloor, Floor Preparation, Adhesive","Correct adhesive used"
"c1485b75-4aa5-5224-9dd5-a8a133c15fdd","","checkpoint-group","not-started","","","FALSE","FALSE","Site QA","Floor Finishes","WING C","C.53 BED","Carpet / Vinyl"
"3f64199d-af78-5c71-ba87-2686119706ec","","checkpoint-status","not-started","","","TRUE","TRUE","Site QA","Floor Finishes","WING C","C.53 BED","Carpet / Vinyl","Confirm area of work is accessible & acceptable to commence (If not comment below)"
"30a73d23-ebd1-5d8f-9b36-844d1e057744","","checkpoint-status","not-started","","","TRUE","TRUE","Site QA","Floor Finishes","WING C","C.53 BED","Carpet / Vinyl","Vinyl installed as per plan"
"affbf20d-738d-55d4-91bd-c46def9ae9a6","","checkpoint-status","not-started","","","TRUE","TRUE","Site QA","Floor Finishes","WING C","C.53 BED","Carpet / Vinyl","Carpet installed as per plan"
"fdc57ec5-a927-5a8b-a601-026de4361237","","checkpoint-status","not-started","","","TRUE","TRUE","Site QA","Floor Finishes","WING C","C.53 BED","Carpet / Vinyl","Joints sealed with heat welded seams and mitres as per AS 1884-2012"
"6f2f05f8-9e5a-5748-b002-d836ad0984ce","","checkpoint-status","not-started","","","TRUE","TRUE","Site QA","Floor Finishes","WING C","C.53 BED","Carpet / Vinyl","Vinyl skirt and coving used as per finishes markup - 150mm height"
"76954631-1575-5386-a685-95c414fbb78b","","checkpoint-status","not-started","","","TRUE","TRUE","Site QA","Floor Finishes","WING C","C.53 BED","Carpet / Vinyl","Installer Sign Off: Carpet / Vinyl installed as per manufacturer's instructions"
"48001bf5-3307-5364-839b-c6e329063c85","","checkpoint-status","not-started","","","TRUE","TRUE","Site QA","Floor Finishes","WING C","C.53 BED","Carpet / Vinyl","Add-Floors Sign Off"
"c17367e1-f783-5a90-aae3-f45497b3f5ff","","checkpoint-status","not-started","","","TRUE","TRUE","Site QA","Floor Finishes","WING C","C.53 BED","Carpet / Vinyl","Foreman installation sign off"
"f092da91-e37e-56f7-8f24-463bb5b248be","","checkpoint-group","not-started","","","FALSE","FALSE","Site QA","Floor Finishes","WING C","C.53 BED","Wall Finish"
"65ce7803-653e-53ae-be50-483b6dd4a0c0","","checkpoint-status","not-started","","","TRUE","TRUE","Site QA","Floor Finishes","WING C","C.53 BED","Wall Finish","Wall Finish installed as per plan"
"949d7cb7-f958-5298-a78f-dd8342376e31","","checkpoint-group","not-started","","","FALSE","FALSE","Site QA","Floor Finishes","WING C","C.53 BED","Protection and Handover"
"e895edde-e26d-56bc-a3bb-86411d8f918b","","checkpoint-status","not-started","","","TRUE","TRUE","Site QA","Floor Finishes","WING C","C.53 BED","Protection and Handover","Installation complete, checked and reviewed - as per specification"
"b07bf7c8-a6a2-5db4-bd21-08ba6522c023","","checkpoint-status","not-started","","","TRUE","TRUE","Site QA","Floor Finishes","WING C","C.53 BED","Protection and Handover","Floor protected with bubbleweave floor protection or polyweave"
"c9b3b622-53d8-58f6-8478-341cf9cb2729","","checkpoint-status","not-started","","","TRUE","TRUE","Site QA","Floor Finishes","WING C","C.53 BED","Protection and Handover","Installer Sign Off: Protection installed as per manufacturer's instructions"
"366a753e-f4fa-431d-b9d0-bdb1c450dc0a","","checklist-sectioned","not-started","5a8a68d1221a9e608c282940756e19ac2c3c1dd54ffd7888cef6f74664a05c9a","checklist","FALSE","FALSE","Site QA","Floor Finishes","WING C","C.53A ENSUITE"
"0b0fd594-05b4-5788-aba6-8a9a6f65a98d","","checkpoint-group","not-started","","","FALSE","FALSE","Site QA","Floor Finishes","WING C","C.53A ENSUITE","Subfloor, Floor Preparation, Adhesive"
"609f04fc-60c5-52e5-9998-a361cfb13db8","","checkpoint-status","not-started","","","TRUE","TRUE","Site QA","Floor Finishes","WING C","C.53A ENSUITE","Subfloor, Floor Preparation, Adhesive","Confirm area of work is accessible & acceptable to commence (If not comment below)"
"dccb41f5-7f76-5782-976e-e0e9cd468d53","","checkpoint-status","not-started","","","TRUE","TRUE","Site QA","Floor Finishes","WING C","C.53A ENSUITE","Subfloor, Floor Preparation, Adhesive","Subfloor mechanically diamond ground"
"462fe1f9-c8fa-4442-a822-0f5f723abb3a","","checkpoint-status","not-started","","","TRUE","TRUE","Site QA","Floor Finishes","WING C","C.53A ENSUITE","Subfloor, Floor Preparation, Adhesive","Floor preparation product installed in accordance with manufacturer's instructions"
"6edc5c02-10c3-5cde-b0b0-4e75cf526b20","","checkpoint-status","not-started","","","TRUE","TRUE","Site QA","Floor Finishes","WING C","C.53A ENSUITE","Subfloor, Floor Preparation, Adhesive","Floor transitions installed as per instructions from builder"
"6c4cf920-70a0-4a2b-b9b0-ce2de1cfb36d","","checkpoint-status","not-started","","","TRUE","TRUE","Site QA","Floor Finishes","WING C","C.53A ENSUITE","Subfloor, Floor Preparation, Adhesive","Waterproof tested for falls, and water test completed by waterproofers"
"ddfecb06-d7c8-54a6-85bf-33c1cd060b3a","","checkpoint-status","not-started","","","TRUE","TRUE","Site QA","Floor Finishes","WING C","C.53A ENSUITE","Subfloor, Floor Preparation, Adhesive","Correct adhesive used"
"a53b19c1-3d72-540f-b1ac-e8a3396d07cb","","checkpoint-group","not-started","","","FALSE","FALSE","Site QA","Floor Finishes","WING C","C.53A ENSUITE","Carpet / Vinyl"
"27195802-586a-5bf5-8bc9-01a3ef7fe6c1","","checkpoint-status","not-started","","","TRUE","TRUE","Site QA","Floor Finishes","WING C","C.53A ENSUITE","Carpet / Vinyl","Confirm area of work is accessible & acceptable to commence (If not comment below)"
"81f8c1b4-488c-5e50-adcc-9e752355837d","","checkpoint-status","not-started","","","TRUE","TRUE","Site QA","Floor Finishes","WING C","C.53A ENSUITE","Carpet / Vinyl","Vinyl installed as per plan"
"f9efa518-7066-5c4e-bd22-df4090d9fbd6","","checkpoint-status","not-started","","","TRUE","TRUE","Site QA","Floor Finishes","WING C","C.53A ENSUITE","Carpet / Vinyl","Carpet installed as per plan"
"0dd6fad3-b437-5e2c-af6b-2715c391a8c1","","checkpoint-status","not-started","","","TRUE","TRUE","Site QA","Floor Finishes","WING C","C.53A ENSUITE","Carpet / Vinyl","Joints sealed with heat welded seams and mitres as per AS 1884-2012"
"ed6fa858-be6f-5094-b136-727bd22b5362","","checkpoint-status","not-started","","","TRUE","TRUE","Site QA","Floor Finishes","WING C","C.53A ENSUITE","Carpet / Vinyl","Vinyl skirt and coving used as per finishes markup - 150mm height"
"3ecb6cc8-d51d-5d5c-a723-0624378234ef","","checkpoint-status","not-started","","","TRUE","TRUE","Site QA","Floor Finishes","WING C","C.53A ENSUITE","Carpet / Vinyl","Installer Sign Off: Carpet / Vinyl installed as per manufacturer's instructions"
"c76f52e1-81bf-57bb-9b85-020cff0d6b71","","checkpoint-status","not-started","","","TRUE","TRUE","Site QA","Floor Finishes","WING C","C.53A ENSUITE","Carpet / Vinyl","Add-Floors Sign Off"
"58123c35-02e4-51e5-8c4b-e859221866ea","","checkpoint-status","not-started","","","TRUE","TRUE","Site QA","Floor Finishes","WING C","C.53A ENSUITE","Carpet / Vinyl","Foreman installation sign off"
"cf0cdafb-c80b-5196-bfe8-26c16c8ab275","","checkpoint-group","not-started","","","FALSE","FALSE","Site QA","Floor Finishes","WING C","C.53A ENSUITE","Wall Finish"
"3e19c3dc-9da0-5349-a37e-8957e47009c0","","checkpoint-status","not-started","","","TRUE","TRUE","Site QA","Floor Finishes","WING C","C.53A ENSUITE","Wall Finish","Wall Finish installed as per plan"
"d292e9bf-dcba-5125-aa79-aa097e78e67e","","checkpoint-group","not-started","","","FALSE","FALSE","Site QA","Floor Finishes","WING C","C.53A ENSUITE","Protection and Handover"
"b009a196-82f8-5f60-8bce-4d7646f681ab","","checkpoint-status","not-started","","","TRUE","TRUE","Site QA","Floor Finishes","WING C","C.53A ENSUITE","Protection and Handover","Installation complete, checked and reviewed - as per specification"
"1108047c-61c0-5e7e-ada3-36e1d49bd08c","","checkpoint-status","not-started","","","TRUE","TRUE","Site QA","Floor Finishes","WING C","C.53A ENSUITE","Protection and Handover","Floor protected with bubbleweave floor protection or polyweave"
"f0fa0b94-59ea-5f04-b9fe-331f4527deb0","","checkpoint-status","not-started","","","TRUE","TRUE","Site QA","Floor Finishes","WING C","C.53A ENSUITE","Protection and Handover","Installer Sign Off: Protection installed as per manufacturer's instructions"
"d46d0a51-c246-4130-bcfd-e985ed5999dd","","checklist-sectioned","not-started","5a8a68d1221a9e608c282940756e19ac2c3c1dd54ffd7888cef6f74664a05c9a","checklist","FALSE","FALSE","Site QA","Floor Finishes","WING C","C.54 BED"
"82c46e65-97dc-505f-88b7-5c23c7146db0","","checkpoint-group","not-started","","","FALSE","FALSE","Site QA","Floor Finishes","WING C","C.54 BED","Subfloor, Floor Preparation, Adhesive"
"263cb256-db0d-5441-af4f-e83a04a638e1","","checkpoint-status","not-started","","","TRUE","TRUE","Site QA","Floor Finishes","WING C","C.54 BED","Subfloor, Floor Preparation, Adhesive","Confirm area of work is accessible & acceptable to commence (If not comment below)"
"94cd57ec-b599-53b3-b0dc-a5d20cd21bfd","","checkpoint-status","not-started","","","TRUE","TRUE","Site QA","Floor Finishes","WING C","C.54 BED","Subfloor, Floor Preparation, Adhesive","Subfloor mechanically diamond ground"
"f8ae7ca2-ef87-42f2-8445-a611ac356885","","checkpoint-status","not-started","","","TRUE","TRUE","Site QA","Floor Finishes","WING C","C.54 BED","Subfloor, Floor Preparation, Adhesive","Floor preparation product installed in accordance with manufacturer's instructions"
"e38ddbdf-9377-59f7-bee5-e40ca9a3f3ff","","checkpoint-status","not-started","","","TRUE","TRUE","Site QA","Floor Finishes","WING C","C.54 BED","Subfloor, Floor Preparation, Adhesive","Floor transitions installed as per instructions from builder"
"6cf401a5-6808-467a-8d4a-c020b491ac85","","checkpoint-status","not-started","","","TRUE","TRUE","Site QA","Floor Finishes","WING C","C.54 BED","Subfloor, Floor Preparation, Adhesive","Waterproof tested for falls, and water test completed by waterproofers"
"f530eb08-ef42-5f2e-9317-6be589e4d2d1","","checkpoint-status","not-started","","","TRUE","TRUE","Site QA","Floor Finishes","WING C","C.54 BED","Subfloor, Floor Preparation, Adhesive","Correct adhesive used"
"42ff850d-602a-5989-a7a5-33cc288351a9","","checkpoint-group","not-started","","","FALSE","FALSE","Site QA","Floor Finishes","WING C","C.54 BED","Carpet / Vinyl"
"b9e2f87a-80b7-569d-bdc6-0b10b0b73953","","checkpoint-status","not-started","","","TRUE","TRUE","Site QA","Floor Finishes","WING C","C.54 BED","Carpet / Vinyl","Confirm area of work is accessible & acceptable to commence (If not comment below)"
"94fdbece-c70f-5631-bb99-9c588f4062df","","checkpoint-status","not-started","","","TRUE","TRUE","Site QA","Floor Finishes","WING C","C.54 BED","Carpet / Vinyl","Vinyl installed as per plan"
"45811953-0e70-5323-9f27-acb0ffe4f685","","checkpoint-status","not-started","","","TRUE","TRUE","Site QA","Floor Finishes","WING C","C.54 BED","Carpet / Vinyl","Carpet installed as per plan"
"c3ef4f61-7a8b-52c4-9dd5-c6d1188f2647","","checkpoint-status","not-started","","","TRUE","TRUE","Site QA","Floor Finishes","WING C","C.54 BED","Carpet / Vinyl","Joints sealed with heat welded seams and mitres as per AS 1884-2012"
"1bd20e00-ab2e-5e3d-a852-89ddde4508ca","","checkpoint-status","not-started","","","TRUE","TRUE","Site QA","Floor Finishes","WING C","C.54 BED","Carpet / Vinyl","Vinyl skirt and coving used as per finishes markup - 150mm height"
"4317e0b2-b9a8-57ee-b6b0-593044a13967","","checkpoint-status","not-started","","","TRUE","TRUE","Site QA","Floor Finishes","WING C","C.54 BED","Carpet / Vinyl","Installer Sign Off: Carpet / Vinyl installed as per manufacturer's instructions"
"1f585872-5515-5784-a7ea-a247c138697c","","checkpoint-status","not-started","","","TRUE","TRUE","Site QA","Floor Finishes","WING C","C.54 BED","Carpet / Vinyl","Add-Floors Sign Off"
"b8893520-cddd-5c15-877f-5272c1b7e1f6","","checkpoint-status","not-started","","","TRUE","TRUE","Site QA","Floor Finishes","WING C","C.54 BED","Carpet / Vinyl","Foreman installation sign off"
"908b3d9e-df68-56a3-b46e-4f1d3c6198b4","","checkpoint-group","not-started","","","FALSE","FALSE","Site QA","Floor Finishes","WING C","C.54 BED","Wall Finish"
"946013ba-df37-5743-bdeb-84cca450eb8f","","checkpoint-status","not-started","","","TRUE","TRUE","Site QA","Floor Finishes","WING C","C.54 BED","Wall Finish","Wall Finish installed as per plan"
"a0b764d6-2064-5650-8cbe-559d538b5d9b","","checkpoint-group","not-started","","","FALSE","FALSE","Site QA","Floor Finishes","WING C","C.54 BED","Protection and Handover"
"b2e90428-8edd-5d62-8d34-c16965abe0ce","","checkpoint-status","not-started","","","TRUE","TRUE","Site QA","Floor Finishes","WING C","C.54 BED","Protection and Handover","Installation complete, checked and reviewed - as per specification"
"c0048223-5f59-5309-8a27-461881682981","","checkpoint-status","not-started","","","TRUE","TRUE","Site QA","Floor Finishes","WING C","C.54 BED","Protection and Handover","Floor protected with bubbleweave floor protection or polyweave"
"461c0d02-3aab-5aaa-9f71-f9ec75d69a0e","","checkpoint-status","not-started","","","TRUE","TRUE","Site QA","Floor Finishes","WING C","C.54 BED","Protection and Handover","Installer Sign Off: Protection installed as per manufacturer's instructions"
"9993dd2b-7ae5-4b0d-a968-084d83ba605e","","checklist-sectioned","not-started","5a8a68d1221a9e608c282940756e19ac2c3c1dd54ffd7888cef6f74664a05c9a","checklist","FALSE","FALSE","Site QA","Floor Finishes","WING C","C.54 ENSUITE"
"22046e05-5702-524a-81d4-b9e000fa71d2","","checkpoint-group","not-started","","","FALSE","FALSE","Site QA","Floor Finishes","WING C","C.54 ENSUITE","Subfloor, Floor Preparation, Adhesive"
"8f47c8db-c047-5bf3-9fed-f5f2e4ef2dc1","","checkpoint-status","not-started","","","TRUE","TRUE","Site QA","Floor Finishes","WING C","C.54 ENSUITE","Subfloor, Floor Preparation, Adhesive","Confirm area of work is accessible & acceptable to commence (If not comment below)"
"759bd975-20ec-5812-871c-4e2c1579856c","","checkpoint-status","not-started","","","TRUE","TRUE","Site QA","Floor Finishes","WING C","C.54 ENSUITE","Subfloor, Floor Preparation, Adhesive","Subfloor mechanically diamond ground"
"e8bbf104-ab8c-423c-8cbc-a6e5d3e2f585","","checkpoint-status","not-started","","","TRUE","TRUE","Site QA","Floor Finishes","WING C","C.54 ENSUITE","Subfloor, Floor Preparation, Adhesive","Floor preparation product installed in accordance with manufacturer's instructions"
"9e122e23-e16b-5475-8147-97bd4f92a4ed","","checkpoint-status","not-started","","","TRUE","TRUE","Site QA","Floor Finishes","WING C","C.54 ENSUITE","Subfloor, Floor Preparation, Adhesive","Floor transitions installed as per instructions from builder"
"e055a932-0bec-421e-84b7-c5a1057b7da6","","checkpoint-status","not-started","","","TRUE","TRUE","Site QA","Floor Finishes","WING C","C.54 ENSUITE","Subfloor, Floor Preparation, Adhesive","Waterproof tested for falls, and water test completed by waterproofers"
"8ea23273-bbb2-5815-8932-63e744907dab","","checkpoint-status","not-started","","","TRUE","TRUE","Site QA","Floor Finishes","WING C","C.54 ENSUITE","Subfloor, Floor Preparation, Adhesive","Correct adhesive used"
"8c43b90f-8439-56a0-a604-73091bc76a8b","","checkpoint-group","not-started","","","FALSE","FALSE","Site QA","Floor Finishes","WING C","C.54 ENSUITE","Carpet / Vinyl"
"9b643f6b-99e9-5392-9e80-46675980293d","","checkpoint-status","not-started","","","TRUE","TRUE","Site QA","Floor Finishes","WING C","C.54 ENSUITE","Carpet / Vinyl","Confirm area of work is accessible & acceptable to commence (If not comment below)"
"80140c3b-7b9e-591d-9399-bff017df6376","","checkpoint-status","not-started","","","TRUE","TRUE","Site QA","Floor Finishes","WING C","C.54 ENSUITE","Carpet / Vinyl","Vinyl installed as per plan"
"87e8c2b0-6249-5c50-b855-6d35b7b555e7","","checkpoint-status","not-started","","","TRUE","TRUE","Site QA","Floor Finishes","WING C","C.54 ENSUITE","Carpet / Vinyl","Carpet installed as per plan"
"fc51f798-c371-52a0-ba30-121bcb6dff5d","","checkpoint-status","not-started","","","TRUE","TRUE","Site QA","Floor Finishes","WING C","C.54 ENSUITE","Carpet / Vinyl","Joints sealed with heat welded seams and mitres as per AS 1884-2012"
"1c4ec83f-a17a-53d4-975c-aadf772ca509","","checkpoint-status","not-started","","","TRUE","TRUE","Site QA","Floor Finishes","WING C","C.54 ENSUITE","Carpet / Vinyl","Vinyl skirt and coving used as per finishes markup - 150mm height"
"eca94462-7a7d-57a4-b20b-540fabf29016","","checkpoint-status","not-started","","","TRUE","TRUE","Site QA","Floor Finishes","WING C","C.54 ENSUITE","Carpet / Vinyl","Installer Sign Off: Carpet / Vinyl installed as per manufacturer's instructions"
"6d8cb0d3-f071-5d51-a6de-747578de1216","","checkpoint-status","not-started","","","TRUE","TRUE","Site QA","Floor Finishes","WING C","C.54 ENSUITE","Carpet / Vinyl","Add-Floors Sign Off"
"c73c2e9e-6ce6-57a9-8b2b-7cb3c9817a76","","checkpoint-status","not-started","","","TRUE","TRUE","Site QA","Floor Finishes","WING C","C.54 ENSUITE","Carpet / Vinyl","Foreman installation sign off"
"4747ece3-4b69-55ad-ad5c-6d64693fe31b","","checkpoint-group","not-started","","","FALSE","FALSE","Site QA","Floor Finishes","WING C","C.54 ENSUITE","Wall Finish"
"b31cd8c4-d142-57cc-95f3-dc6994ed541d","","checkpoint-status","not-started","","","TRUE","TRUE","Site QA","Floor Finishes","WING C","C.54 ENSUITE","Wall Finish","Wall Finish installed as per plan"
"d20990cd-7fe7-5d92-8c6c-f9f12d75d39a","","checkpoint-group","not-started","","","FALSE","FALSE","Site QA","Floor Finishes","WING C","C.54 ENSUITE","Protection and Handover"
"2665b2b3-9b70-5102-b59e-e74c27f4465c","","checkpoint-status","not-started","","","TRUE","TRUE","Site QA","Floor Finishes","WING C","C.54 ENSUITE","Protection and Handover","Installation complete, checked and reviewed - as per specification"
"44426d69-5673-5003-b7fe-9ae2e62cba9e","","checkpoint-status","not-started","","","TRUE","TRUE","Site QA","Floor Finishes","WING C","C.54 ENSUITE","Protection and Handover","Floor protected with bubbleweave floor protection or polyweave"
"c33610dd-25db-5849-9f0c-558cc4b3a996","","checkpoint-status","not-started","","","TRUE","TRUE","Site QA","Floor Finishes","WING C","C.54 ENSUITE","Protection and Handover","Installer Sign Off: Protection installed as per manufacturer's instructions"
"27982408-5c57-46fa-8593-d9fa0b386de8","","checklist-sectioned","not-started","5a8a68d1221a9e608c282940756e19ac2c3c1dd54ffd7888cef6f74664a05c9a","checklist","FALSE","FALSE","Site QA","Floor Finishes","WING C","C.55 BED"
"16e90087-d8c2-5c51-b67c-e9af370eb9e7","","checkpoint-group","not-started","","","FALSE","FALSE","Site QA","Floor Finishes","WING C","C.55 BED","Subfloor, Floor Preparation, Adhesive"
"df8a7cfe-ba5b-5245-accd-831fadee7c7d","","checkpoint-status","not-started","","","TRUE","TRUE","Site QA","Floor Finishes","WING C","C.55 BED","Subfloor, Floor Preparation, Adhesive","Confirm area of work is accessible & acceptable to commence (If not comment below)"
"dbc6c6c2-4e37-515f-b489-13003b8d51dc","","checkpoint-status","not-started","","","TRUE","TRUE","Site QA","Floor Finishes","WING C","C.55 BED","Subfloor, Floor Preparation, Adhesive","Subfloor mechanically diamond ground"
"7a22b0ee-e909-4a7b-85b1-cce64f1ef945","","checkpoint-status","not-started","","","TRUE","TRUE","Site QA","Floor Finishes","WING C","C.55 BED","Subfloor, Floor Preparation, Adhesive","Floor preparation product installed in accordance with manufacturer's instructions"
"64b678bb-508f-58c5-9b36-dc84db913482","","checkpoint-status","not-started","","","TRUE","TRUE","Site QA","Floor Finishes","WING C","C.55 BED","Subfloor, Floor Preparation, Adhesive","Floor transitions installed as per instructions from builder"
"798eb71c-76c0-4347-9df9-71596bc55d13","","checkpoint-status","not-started","","","TRUE","TRUE","Site QA","Floor Finishes","WING C","C.55 BED","Subfloor, Floor Preparation, Adhesive","Waterproof tested for falls, and water test completed by waterproofers"
"e3b76b8c-ec96-545b-bab5-48c90f7f01d0","","checkpoint-status","not-started","","","TRUE","TRUE","Site QA","Floor Finishes","WING C","C.55 BED","Subfloor, Floor Preparation, Adhesive","Correct adhesive used"
"2a8d8456-fe88-51bf-b7ff-1addfe619acb","","checkpoint-group","not-started","","","FALSE","FALSE","Site QA","Floor Finishes","WING C","C.55 BED","Carpet / Vinyl"
"aecebc56-b01d-5560-b721-adc06311b102","","checkpoint-status","not-started","","","TRUE","TRUE","Site QA","Floor Finishes","WING C","C.55 BED","Carpet / Vinyl","Confirm area of work is accessible & acceptable to commence (If not comment below)"
"03fdcaaf-b61d-57ba-8483-6826f6d9aef7","","checkpoint-status","not-started","","","TRUE","TRUE","Site QA","Floor Finishes","WING C","C.55 BED","Carpet / Vinyl","Vinyl installed as per plan"
"0cea97eb-7c5b-54f1-8fe3-cbeb5d36dc78","","checkpoint-status","not-started","","","TRUE","TRUE","Site QA","Floor Finishes","WING C","C.55 BED","Carpet / Vinyl","Carpet installed as per plan"
"a8df3183-ab35-504a-8fad-26719bc6557a","","checkpoint-status","not-started","","","TRUE","TRUE","Site QA","Floor Finishes","WING C","C.55 BED","Carpet / Vinyl","Joints sealed with heat welded seams and mitres as per AS 1884-2012"
"a20d4130-2200-5b15-bfca-6e97c34dcda5","","checkpoint-status","not-started","","","TRUE","TRUE","Site QA","Floor Finishes","WING C","C.55 BED","Carpet / Vinyl","Vinyl skirt and coving used as per finishes markup - 150mm height"
"eda9a7f8-27b1-5c0a-95d5-40032391a04b","","checkpoint-status","not-started","","","TRUE","TRUE","Site QA","Floor Finishes","WING C","C.55 BED","Carpet / Vinyl","Installer Sign Off: Carpet / Vinyl installed as per manufacturer's instructions"
"93a149d3-5fba-566b-a081-c6f332e46e34","","checkpoint-status","not-started","","","TRUE","TRUE","Site QA","Floor Finishes","WING C","C.55 BED","Carpet / Vinyl","Add-Floors Sign Off"
"0a5cff30-80f5-5790-9fc9-e9cfa4349176","","checkpoint-status","not-started","","","TRUE","TRUE","Site QA","Floor Finishes","WING C","C.55 BED","Carpet / Vinyl","Foreman installation sign off"
"3ca48055-3f48-525c-a310-5f990c652c31","","checkpoint-group","not-started","","","FALSE","FALSE","Site QA","Floor Finishes","WING C","C.55 BED","Wall Finish"
"8836a3c5-7767-534e-bbce-5dbc55ff1792","","checkpoint-status","not-started","","","TRUE","TRUE","Site QA","Floor Finishes","WING C","C.55 BED","Wall Finish","Wall Finish installed as per plan"
"290d6470-095e-54bb-bf43-9f819c37718d","","checkpoint-group","not-started","","","FALSE","FALSE","Site QA","Floor Finishes","WING C","C.55 BED","Protection and Handover"
"2871c662-405b-5443-be1b-9cc8c682041c","","checkpoint-status","not-started","","","TRUE","TRUE","Site QA","Floor Finishes","WING C","C.55 BED","Protection and Handover","Installation complete, checked and reviewed - as per specification"
"1689f09d-da23-53a3-9e5c-c9ebfe2d3697","","checkpoint-status","not-started","","","TRUE","TRUE","Site QA","Floor Finishes","WING C","C.55 BED","Protection and Handover","Floor protected with bubbleweave floor protection or polyweave"
"a656a9b6-719d-5e0b-bd2a-0d78549bb3a5","","checkpoint-status","not-started","","","TRUE","TRUE","Site QA","Floor Finishes","WING C","C.55 BED","Protection and Handover","Installer Sign Off: Protection installed as per manufacturer's instructions"
"c68bd7c8-162d-43ec-adf9-9b2f3c6718ba","","checklist-sectioned","not-started","5a8a68d1221a9e608c282940756e19ac2c3c1dd54ffd7888cef6f74664a05c9a","checklist","FALSE","FALSE","Site QA","Floor Finishes","WING C","C.55A ENSUITE"
"adbd9bf7-7494-5dfb-9b8a-81593de0e636","","checkpoint-group","not-started","","","FALSE","FALSE","Site QA","Floor Finishes","WING C","C.55A ENSUITE","Subfloor, Floor Preparation, Adhesive"
"d3c4931a-b34c-508c-aa69-1c1875be3f70","","checkpoint-status","not-started","","","TRUE","TRUE","Site QA","Floor Finishes","WING C","C.55A ENSUITE","Subfloor, Floor Preparation, Adhesive","Confirm area of work is accessible & acceptable to commence (If not comment below)"
"5232ab54-dff9-5e47-b2c4-3910396b9d9e","","checkpoint-status","not-started","","","TRUE","TRUE","Site QA","Floor Finishes","WING C","C.55A ENSUITE","Subfloor, Floor Preparation, Adhesive","Subfloor mechanically diamond ground"
"6bd08112-1754-4cbc-bf79-8700746157fb","","checkpoint-status","not-started","","","TRUE","TRUE","Site QA","Floor Finishes","WING C","C.55A ENSUITE","Subfloor, Floor Preparation, Adhesive","Floor preparation product installed in accordance with manufacturer's instructions"
"67278331-5cda-54d1-acb9-d81ab8af11c4","","checkpoint-status","not-started","","","TRUE","TRUE","Site QA","Floor Finishes","WING C","C.55A ENSUITE","Subfloor, Floor Preparation, Adhesive","Floor transitions installed as per instructions from builder"
"44e7a426-da34-4934-a3d3-ef1066acf3a0","","checkpoint-status","not-started","","","TRUE","TRUE","Site QA","Floor Finishes","WING C","C.55A ENSUITE","Subfloor, Floor Preparation, Adhesive","Waterproof tested for falls, and water test completed by waterproofers"
"8806bf8a-a51d-546e-8a72-45d92c219b77","","checkpoint-status","not-started","","","TRUE","TRUE","Site QA","Floor Finishes","WING C","C.55A ENSUITE","Subfloor, Floor Preparation, Adhesive","Correct adhesive used"
"849e9fde-fdd3-5d2c-bd94-45a4eaa99136","","checkpoint-group","not-started","","","FALSE","FALSE","Site QA","Floor Finishes","WING C","C.55A ENSUITE","Carpet / Vinyl"
"7404d359-684f-5b13-b3c0-74ed137748da","","checkpoint-status","not-started","","","TRUE","TRUE","Site QA","Floor Finishes","WING C","C.55A ENSUITE","Carpet / Vinyl","Confirm area of work is accessible & acceptable to commence (If not comment below)"
"a0443679-404f-5d22-b948-4d4aa4600c7a","","checkpoint-status","not-started","","","TRUE","TRUE","Site QA","Floor Finishes","WING C","C.55A ENSUITE","Carpet / Vinyl","Vinyl installed as per plan"
"5519786b-4825-58eb-bd5a-db3cd559c216","","checkpoint-status","not-started","","","TRUE","TRUE","Site QA","Floor Finishes","WING C","C.55A ENSUITE","Carpet / Vinyl","Carpet installed as per plan"
"818c1cbd-01e5-531e-ac53-edb532a113ea","","checkpoint-status","not-started","","","TRUE","TRUE","Site QA","Floor Finishes","WING C","C.55A ENSUITE","Carpet / Vinyl","Joints sealed with heat welded seams and mitres as per AS 1884-2012"
"e6501556-f128-5474-bb6d-52e6796b6875","","checkpoint-status","not-started","","","TRUE","TRUE","Site QA","Floor Finishes","WING C","C.55A ENSUITE","Carpet / Vinyl","Vinyl skirt and coving used as per finishes markup - 150mm height"
"0600c9a0-5c37-597a-a34d-85a9bdcc8c08","","checkpoint-status","not-started","","","TRUE","TRUE","Site QA","Floor Finishes","WING C","C.55A ENSUITE","Carpet / Vinyl","Installer Sign Off: Carpet / Vinyl installed as per manufacturer's instructions"
"e1ff14c4-2aed-5626-a5a6-6964118e6966","","checkpoint-status","not-started","","","TRUE","TRUE","Site QA","Floor Finishes","WING C","C.55A ENSUITE","Carpet / Vinyl","Add-Floors Sign Off"
"7633ef55-c620-5363-92d8-a4cef774f2af","","checkpoint-status","not-started","","","TRUE","TRUE","Site QA","Floor Finishes","WING C","C.55A ENSUITE","Carpet / Vinyl","Foreman installation sign off"
"6a49253c-f4e9-5a37-a1be-fef99dc5f727","","checkpoint-group","not-started","","","FALSE","FALSE","Site QA","Floor Finishes","WING C","C.55A ENSUITE","Wall Finish"
"1cce77e5-f9e0-5c12-ba1a-7c219bda2529","","checkpoint-status","not-started","","","TRUE","TRUE","Site QA","Floor Finishes","WING C","C.55A ENSUITE","Wall Finish","Wall Finish installed as per plan"
"c6920bb4-b177-58a9-8caf-079fa2098b2d","","checkpoint-group","not-started","","","FALSE","FALSE","Site QA","Floor Finishes","WING C","C.55A ENSUITE","Protection and Handover"
"a4411851-c0c8-555c-a9f5-daa0c7f2b36f","","checkpoint-status","not-started","","","TRUE","TRUE","Site QA","Floor Finishes","WING C","C.55A ENSUITE","Protection and Handover","Installation complete, checked and reviewed - as per specification"
"18d260a1-664c-5ef3-9b6c-311310d4feb8","","checkpoint-status","not-started","","","TRUE","TRUE","Site QA","Floor Finishes","WING C","C.55A ENSUITE","Protection and Handover","Floor protected with bubbleweave floor protection or polyweave"
"9673d9f2-fd6c-5d21-9d6d-e39fceddddb0","","checkpoint-status","not-started","","","TRUE","TRUE","Site QA","Floor Finishes","WING C","C.55A ENSUITE","Protection and Handover","Installer Sign Off: Protection installed as per manufacturer's instructions"
"d2bb8ca3-4644-4833-bffc-4d28a764e7e5","","checklist-sectioned","not-started","5a8a68d1221a9e608c282940756e19ac2c3c1dd54ffd7888cef6f74664a05c9a","checklist","FALSE","FALSE","Site QA","Floor Finishes","WING C","C.56 BED"
"977beb4a-5934-55bd-ad66-323bf945d8be","","checkpoint-group","not-started","","","FALSE","FALSE","Site QA","Floor Finishes","WING C","C.56 BED","Subfloor, Floor Preparation, Adhesive"
"d438f9db-c581-5519-b55d-0fa3c7e0a89b","","checkpoint-status","not-started","","","TRUE","TRUE","Site QA","Floor Finishes","WING C","C.56 BED","Subfloor, Floor Preparation, Adhesive","Confirm area of work is accessible & acceptable to commence (If not comment below)"
"58a017cd-5e20-571a-ad4a-17f8d6c573db","","checkpoint-status","not-started","","","TRUE","TRUE","Site QA","Floor Finishes","WING C","C.56 BED","Subfloor, Floor Preparation, Adhesive","Subfloor mechanically diamond ground"
"7d10e9ca-90c0-46fd-92c4-69ab59461f27","","checkpoint-status","not-started","","","TRUE","TRUE","Site QA","Floor Finishes","WING C","C.56 BED","Subfloor, Floor Preparation, Adhesive","Floor preparation product installed in accordance with manufacturer's instructions"
"6e3bf3b0-c322-5c59-bc55-6f55b16c2c86","","checkpoint-status","not-started","","","TRUE","TRUE","Site QA","Floor Finishes","WING C","C.56 BED","Subfloor, Floor Preparation, Adhesive","Floor transitions installed as per instructions from builder"
"f288a29a-d8ac-4df3-a11a-4e41ef925cd1","","checkpoint-status","not-started","","","TRUE","TRUE","Site QA","Floor Finishes","WING C","C.56 BED","Subfloor, Floor Preparation, Adhesive","Waterproof tested for falls, and water test completed by waterproofers"
"63e9cd4d-20cf-52fd-aab2-8e2e6dbec41b","","checkpoint-status","not-started","","","TRUE","TRUE","Site QA","Floor Finishes","WING C","C.56 BED","Subfloor, Floor Preparation, Adhesive","Correct adhesive used"
"6b9ec091-98ee-5ad7-89ec-a15ec3f0a392","","checkpoint-group","not-started","","","FALSE","FALSE","Site QA","Floor Finishes","WING C","C.56 BED","Carpet / Vinyl"
"cce31963-bc28-523b-8944-dfcb1145bbf8","","checkpoint-status","not-started","","","TRUE","TRUE","Site QA","Floor Finishes","WING C","C.56 BED","Carpet / Vinyl","Confirm area of work is accessible & acceptable to commence (If not comment below)"
"4e667dbb-1382-5261-978b-dabab8f22f0e","","checkpoint-status","not-started","","","TRUE","TRUE","Site QA","Floor Finishes","WING C","C.56 BED","Carpet / Vinyl","Vinyl installed as per plan"
"8e51e40a-ad29-53b5-94a6-0198e7843df5","","checkpoint-status","not-started","","","TRUE","TRUE","Site QA","Floor Finishes","WING C","C.56 BED","Carpet / Vinyl","Carpet installed as per plan"
"381d2220-7be8-5b6e-8924-dc1e51da1607","","checkpoint-status","not-started","","","TRUE","TRUE","Site QA","Floor Finishes","WING C","C.56 BED","Carpet / Vinyl","Joints sealed with heat welded seams and mitres as per AS 1884-2012"
"5db15397-4583-57e9-af44-28bb49af9381","","checkpoint-status","not-started","","","TRUE","TRUE","Site QA","Floor Finishes","WING C","C.56 BED","Carpet / Vinyl","Vinyl skirt and coving used as per finishes markup - 150mm height"
"4699af28-a013-5e26-a89c-0549dbcde079","","checkpoint-status","not-started","","","TRUE","TRUE","Site QA","Floor Finishes","WING C","C.56 BED","Carpet / Vinyl","Installer Sign Off: Carpet / Vinyl installed as per manufacturer's instructions"
"a529863b-a374-546b-b9af-9d0f23e3ba82","","checkpoint-status","not-started","","","TRUE","TRUE","Site QA","Floor Finishes","WING C","C.56 BED","Carpet / Vinyl","Add-Floors Sign Off"
"4574ab6d-4189-5221-b6e0-cee96549ab5d","","checkpoint-status","not-started","","","TRUE","TRUE","Site QA","Floor Finishes","WING C","C.56 BED","Carpet / Vinyl","Foreman installation sign off"
"64c040dc-407c-57aa-a283-9d06da608722","","checkpoint-group","not-started","","","FALSE","FALSE","Site QA","Floor Finishes","WING C","C.56 BED","Wall Finish"
"9eec5b95-c2d0-57ef-ad54-b021353502d0","","checkpoint-status","not-started","","","TRUE","TRUE","Site QA","Floor Finishes","WING C","C.56 BED","Wall Finish","Wall Finish installed as per plan"
"49eb36c2-1c2a-53af-94a0-f92450979e7c","","checkpoint-group","not-started","","","FALSE","FALSE","Site QA","Floor Finishes","WING C","C.56 BED","Protection and Handover"
"3adc7dd9-af58-588a-bb66-0b46a4da5578","","checkpoint-status","not-started","","","TRUE","TRUE","Site QA","Floor Finishes","WING C","C.56 BED","Protection and Handover","Installation complete, checked and reviewed - as per specification"
"14d76262-669e-5542-9940-5a2353a8aa0b","","checkpoint-status","not-started","","","TRUE","TRUE","Site QA","Floor Finishes","WING C","C.56 BED","Protection and Handover","Floor protected with bubbleweave floor protection or polyweave"
"027a7ba7-3501-5734-ad97-60485ef87e2b","","checkpoint-status","not-started","","","TRUE","TRUE","Site QA","Floor Finishes","WING C","C.56 BED","Protection and Handover","Installer Sign Off: Protection installed as per manufacturer's instructions"
"b0d06500-6cbd-4413-9afc-c2f922af013d","","checklist-sectioned","not-started","5a8a68d1221a9e608c282940756e19ac2c3c1dd54ffd7888cef6f74664a05c9a","checklist","FALSE","FALSE","Site QA","Floor Finishes","WING C","C.56A ENSUITE"
"d0c1c82c-b0b5-5237-b75c-f1f3caabb10e","","checkpoint-group","not-started","","","FALSE","FALSE","Site QA","Floor Finishes","WING C","C.56A ENSUITE","Subfloor, Floor Preparation, Adhesive"
"a3920570-61b1-5d97-928b-9ce61a4843d8","","checkpoint-status","not-started","","","TRUE","TRUE","Site QA","Floor Finishes","WING C","C.56A ENSUITE","Subfloor, Floor Preparation, Adhesive","Confirm area of work is accessible & acceptable to commence (If not comment below)"
"90c61980-3c1a-57a9-ba26-80e189ae927d","","checkpoint-status","not-started","","","TRUE","TRUE","Site QA","Floor Finishes","WING C","C.56A ENSUITE","Subfloor, Floor Preparation, Adhesive","Subfloor mechanically diamond ground"
"d19295f7-3d0e-4469-8c8f-0eff88e5c42c","","checkpoint-status","not-started","","","TRUE","TRUE","Site QA","Floor Finishes","WING C","C.56A ENSUITE","Subfloor, Floor Preparation, Adhesive","Floor preparation product installed in accordance with manufacturer's instructions"
"8d065a6f-5297-5afd-9af2-f06173f54365","","checkpoint-status","not-started","","","TRUE","TRUE","Site QA","Floor Finishes","WING C","C.56A ENSUITE","Subfloor, Floor Preparation, Adhesive","Floor transitions installed as per instructions from builder"
"b29c65e6-e703-470f-90cb-4b4b64cdbfae","","checkpoint-status","not-started","","","TRUE","TRUE","Site QA","Floor Finishes","WING C","C.56A ENSUITE","Subfloor, Floor Preparation, Adhesive","Waterproof tested for falls, and water test completed by waterproofers"
"60c01ecb-c033-5824-8921-61c61b2d4d88","","checkpoint-status","not-started","","","TRUE","TRUE","Site QA","Floor Finishes","WING C","C.56A ENSUITE","Subfloor, Floor Preparation, Adhesive","Correct adhesive used"
"3e350d42-dbb5-52b6-ac9f-7cbd6ac8b205","","checkpoint-group","not-started","","","FALSE","FALSE","Site QA","Floor Finishes","WING C","C.56A ENSUITE","Carpet / Vinyl"
"81afda1c-11e2-5ffb-9902-eab3d5c30612","","checkpoint-status","not-started","","","TRUE","TRUE","Site QA","Floor Finishes","WING C","C.56A ENSUITE","Carpet / Vinyl","Confirm area of work is accessible & acceptable to commence (If not comment below)"
"a819fd9e-476f-5341-ad8f-940052c0b90e","","checkpoint-status","not-started","","","TRUE","TRUE","Site QA","Floor Finishes","WING C","C.56A ENSUITE","Carpet / Vinyl","Vinyl installed as per plan"
"ef5cdf28-2bc2-57a4-85be-04c72e9fe9c8","","checkpoint-status","not-started","","","TRUE","TRUE","Site QA","Floor Finishes","WING C","C.56A ENSUITE","Carpet / Vinyl","Carpet installed as per plan"
"6ed61e0a-3cfe-5bec-b1e1-97e4c9d7feb5","","checkpoint-status","not-started","","","TRUE","TRUE","Site QA","Floor Finishes","WING C","C.56A ENSUITE","Carpet / Vinyl","Joints sealed with heat welded seams and mitres as per AS 1884-2012"
"ebe11ee1-2edf-5123-a899-bbbd7a641e12","","checkpoint-status","not-started","","","TRUE","TRUE","Site QA","Floor Finishes","WING C","C.56A ENSUITE","Carpet / Vinyl","Vinyl skirt and coving used as per finishes markup - 150mm height"
"820b5a81-c9f9-5d78-b046-b81250123ca1","","checkpoint-status","not-started","","","TRUE","TRUE","Site QA","Floor Finishes","WING C","C.56A ENSUITE","Carpet / Vinyl","Installer Sign Off: Carpet / Vinyl installed as per manufacturer's instructions"
"5382c89a-c0af-51d5-8d0f-7d4f7d619880","","checkpoint-status","not-started","","","TRUE","TRUE","Site QA","Floor Finishes","WING C","C.56A ENSUITE","Carpet / Vinyl","Add-Floors Sign Off"
"b79b7e72-3190-527d-baf4-c589734e20c7","","checkpoint-status","not-started","","","TRUE","TRUE","Site QA","Floor Finishes","WING C","C.56A ENSUITE","Carpet / Vinyl","Foreman installation sign off"
"9927adae-a388-5dfa-8d25-22f1eaf87786","","checkpoint-group","not-started","","","FALSE","FALSE","Site QA","Floor Finishes","WING C","C.56A ENSUITE","Wall Finish"
"82c05f60-33f5-561e-8297-b87d55cf09b8","","checkpoint-status","not-started","","","TRUE","TRUE","Site QA","Floor Finishes","WING C","C.56A ENSUITE","Wall Finish","Wall Finish installed as per plan"
"7b8b56a0-1b0e-5e48-9c3f-bdfa4d51d4c0","","checkpoint-group","not-started","","","FALSE","FALSE","Site QA","Floor Finishes","WING C","C.56A ENSUITE","Protection and Handover"
"f5acab6e-ad11-5b20-a13f-7f1dfcd97988","","checkpoint-status","not-started","","","TRUE","TRUE","Site QA","Floor Finishes","WING C","C.56A ENSUITE","Protection and Handover","Installation complete, checked and reviewed - as per specification"
"160b5a96-985e-5086-9726-ac2de070d467","","checkpoint-status","not-started","","","TRUE","TRUE","Site QA","Floor Finishes","WING C","C.56A ENSUITE","Protection and Handover","Floor protected with bubbleweave floor protection or polyweave"
"04f4c807-2d5f-50dd-abee-8ad7f9665e2b","","checkpoint-status","not-started","","","TRUE","TRUE","Site QA","Floor Finishes","WING C","C.56A ENSUITE","Protection and Handover","Installer Sign Off: Protection installed as per manufacturer's instructions"
"cd9ace64-1a96-4e73-b338-a18ad4809eee","","checklist-sectioned","not-started","5a8a68d1221a9e608c282940756e19ac2c3c1dd54ffd7888cef6f74664a05c9a","checklist","FALSE","FALSE","Site QA","Floor Finishes","WING C","C.57 BED"
"eb6b9f9d-4360-5e99-ae5a-f648cba0bf69","","checkpoint-group","not-started","","","FALSE","FALSE","Site QA","Floor Finishes","WING C","C.57 BED","Subfloor, Floor Preparation, Adhesive"
"53b4db6f-22e7-5cec-95ef-9703782b6521","","checkpoint-status","not-started","","","TRUE","TRUE","Site QA","Floor Finishes","WING C","C.57 BED","Subfloor, Floor Preparation, Adhesive","Confirm area of work is accessible & acceptable to commence (If not comment below)"
"7904df91-ba99-5ecb-8650-1bd4eb73f510","","checkpoint-status","not-started","","","TRUE","TRUE","Site QA","Floor Finishes","WING C","C.57 BED","Subfloor, Floor Preparation, Adhesive","Subfloor mechanically diamond ground"
"eed28556-791a-4769-8b51-6bfda4596969","","checkpoint-status","not-started","","","TRUE","TRUE","Site QA","Floor Finishes","WING C","C.57 BED","Subfloor, Floor Preparation, Adhesive","Floor preparation product installed in accordance with manufacturer's instructions"
"dcec8b9f-275f-5fff-8500-3e2d001947ed","","checkpoint-status","not-started","","","TRUE","TRUE","Site QA","Floor Finishes","WING C","C.57 BED","Subfloor, Floor Preparation, Adhesive","Floor transitions installed as per instructions from builder"
"b62bd0bb-fb53-45af-be0d-a18d5d3c693a","","checkpoint-status","not-started","","","TRUE","TRUE","Site QA","Floor Finishes","WING C","C.57 BED","Subfloor, Floor Preparation, Adhesive","Waterproof tested for falls, and water test completed by waterproofers"
"4dbf0db2-dc89-5163-a0a4-10020322b353","","checkpoint-status","not-started","","","TRUE","TRUE","Site QA","Floor Finishes","WING C","C.57 BED","Subfloor, Floor Preparation, Adhesive","Correct adhesive used"
"93fab0e7-35f7-5675-a04d-da1b8dc2b289","","checkpoint-group","not-started","","","FALSE","FALSE","Site QA","Floor Finishes","WING C","C.57 BED","Carpet / Vinyl"
"8bd0c23e-1f80-5bf0-9e1c-19646533699e","","checkpoint-status","not-started","","","TRUE","TRUE","Site QA","Floor Finishes","WING C","C.57 BED","Carpet / Vinyl","Confirm area of work is accessible & acceptable to commence (If not comment below)"
"71bd45c5-7f62-5759-b6e6-f02d6d5ffda3","","checkpoint-status","not-started","","","TRUE","TRUE","Site QA","Floor Finishes","WING C","C.57 BED","Carpet / Vinyl","Vinyl installed as per plan"
"0f792ea7-cd06-54fd-bb7b-18e85af760d4","","checkpoint-status","not-started","","","TRUE","TRUE","Site QA","Floor Finishes","WING C","C.57 BED","Carpet / Vinyl","Carpet installed as per plan"
"a5ab9642-eacd-5e5b-87ec-ae08fcbf5986","","checkpoint-status","not-started","","","TRUE","TRUE","Site QA","Floor Finishes","WING C","C.57 BED","Carpet / Vinyl","Joints sealed with heat welded seams and mitres as per AS 1884-2012"
"2abed998-c691-5b96-a345-b46633632b4b","","checkpoint-status","not-started","","","TRUE","TRUE","Site QA","Floor Finishes","WING C","C.57 BED","Carpet / Vinyl","Vinyl skirt and coving used as per finishes markup - 150mm height"
"56886f85-d71c-5113-97c7-4a3ca34c6eee","","checkpoint-status","not-started","","","TRUE","TRUE","Site QA","Floor Finishes","WING C","C.57 BED","Carpet / Vinyl","Installer Sign Off: Carpet / Vinyl installed as per manufacturer's instructions"
"ede109df-c5b7-59a6-af95-9d5506ac9b72","","checkpoint-status","not-started","","","TRUE","TRUE","Site QA","Floor Finishes","WING C","C.57 BED","Carpet / Vinyl","Add-Floors Sign Off"
"33f9e7dd-b9c6-50c0-8a9e-57ea8a31bef7","","checkpoint-status","not-started","","","TRUE","TRUE","Site QA","Floor Finishes","WING C","C.57 BED","Carpet / Vinyl","Foreman installation sign off"
"85b4e003-ddd6-5bf9-a1ad-5e21cb70edf9","","checkpoint-group","not-started","","","FALSE","FALSE","Site QA","Floor Finishes","WING C","C.57 BED","Wall Finish"
"a710aef9-de83-5159-93b5-23aebd57ef90","","checkpoint-status","not-started","","","TRUE","TRUE","Site QA","Floor Finishes","WING C","C.57 BED","Wall Finish","Wall Finish installed as per plan"
"97037c85-fd3d-5960-9c96-d4818b49b9dc","","checkpoint-group","not-started","","","FALSE","FALSE","Site QA","Floor Finishes","WING C","C.57 BED","Protection and Handover"
"264948df-f129-5976-b7c9-bd12e4065f9a","","checkpoint-status","not-started","","","TRUE","TRUE","Site QA","Floor Finishes","WING C","C.57 BED","Protection and Handover","Installation complete, checked and reviewed - as per specification"
"e68f0704-472d-59c7-9be0-cf3cc199a759","","checkpoint-status","not-started","","","TRUE","TRUE","Site QA","Floor Finishes","WING C","C.57 BED","Protection and Handover","Floor protected with bubbleweave floor protection or polyweave"
"2afec4a7-b332-5fee-9676-f077f71d434f","","checkpoint-status","not-started","","","TRUE","TRUE","Site QA","Floor Finishes","WING C","C.57 BED","Protection and Handover","Installer Sign Off: Protection installed as per manufacturer's instructions"
"7d59def5-eaa7-4840-b5eb-05af829b5ea3","","checklist-sectioned","not-started","5a8a68d1221a9e608c282940756e19ac2c3c1dd54ffd7888cef6f74664a05c9a","checklist","FALSE","FALSE","Site QA","Floor Finishes","WING C","C.57A ENSUITE"
"2e39dbba-eccb-5da2-82f4-5ead5b6ca48c","","checkpoint-group","not-started","","","FALSE","FALSE","Site QA","Floor Finishes","WING C","C.57A ENSUITE","Subfloor, Floor Preparation, Adhesive"
"58bff7f1-a37d-57de-a8d7-7df18c8fe155","","checkpoint-status","not-started","","","TRUE","TRUE","Site QA","Floor Finishes","WING C","C.57A ENSUITE","Subfloor, Floor Preparation, Adhesive","Confirm area of work is accessible & acceptable to commence (If not comment below)"
"e0708eed-d99f-5fe8-8f34-6b404ec49434","","checkpoint-status","not-started","","","TRUE","TRUE","Site QA","Floor Finishes","WING C","C.57A ENSUITE","Subfloor, Floor Preparation, Adhesive","Subfloor mechanically diamond ground"
"49a29f51-9b91-4e32-bfa1-b5a95ccf4d1c","","checkpoint-status","not-started","","","TRUE","TRUE","Site QA","Floor Finishes","WING C","C.57A ENSUITE","Subfloor, Floor Preparation, Adhesive","Floor preparation product installed in accordance with manufacturer's instructions"
"ef8e615b-1732-5ba9-bb84-23de58bf6c57","","checkpoint-status","not-started","","","TRUE","TRUE","Site QA","Floor Finishes","WING C","C.57A ENSUITE","Subfloor, Floor Preparation, Adhesive","Floor transitions installed as per instructions from builder"
"d59d2360-bc42-42f5-bed5-d4018c03e9e4","","checkpoint-status","not-started","","","TRUE","TRUE","Site QA","Floor Finishes","WING C","C.57A ENSUITE","Subfloor, Floor Preparation, Adhesive","Waterproof tested for falls, and water test completed by waterproofers"
"edc36e25-ef13-555c-9dfc-788dc5be79d3","","checkpoint-status","not-started","","","TRUE","TRUE","Site QA","Floor Finishes","WING C","C.57A ENSUITE","Subfloor, Floor Preparation, Adhesive","Correct adhesive used"
"857416ba-2bf3-5a31-a48a-356684238ee0","","checkpoint-group","not-started","","","FALSE","FALSE","Site QA","Floor Finishes","WING C","C.57A ENSUITE","Carpet / Vinyl"
"a0c8e82d-c37e-5637-ad2e-4767f7acf514","","checkpoint-status","not-started","","","TRUE","TRUE","Site QA","Floor Finishes","WING C","C.57A ENSUITE","Carpet / Vinyl","Confirm area of work is accessible & acceptable to commence (If not comment below)"
"90b9a27f-e782-5357-b23d-1ce1d68bb527","","checkpoint-status","not-started","","","TRUE","TRUE","Site QA","Floor Finishes","WING C","C.57A ENSUITE","Carpet / Vinyl","Vinyl installed as per plan"
"6dc9ed6f-0bfa-5ee4-b234-1c8ca89a3c9d","","checkpoint-status","not-started","","","TRUE","TRUE","Site QA","Floor Finishes","WING C","C.57A ENSUITE","Carpet / Vinyl","Carpet installed as per plan"
"8b22edce-7754-519a-a517-6f0498e1e5fc","","checkpoint-status","not-started","","","TRUE","TRUE","Site QA","Floor Finishes","WING C","C.57A ENSUITE","Carpet / Vinyl","Joints sealed with heat welded seams and mitres as per AS 1884-2012"
"a3bbcd78-b8a3-58fc-879e-1dc89ec4c3ef","","checkpoint-status","not-started","","","TRUE","TRUE","Site QA","Floor Finishes","WING C","C.57A ENSUITE","Carpet / Vinyl","Vinyl skirt and coving used as per finishes markup - 150mm height"
"ded4c9f9-90a1-5d3c-a1ce-416b94d97643","","checkpoint-status","not-started","","","TRUE","TRUE","Site QA","Floor Finishes","WING C","C.57A ENSUITE","Carpet / Vinyl","Installer Sign Off: Carpet / Vinyl installed as per manufacturer's instructions"
"25d35219-7a55-5546-aeae-288dceb66e5d","","checkpoint-status","not-started","","","TRUE","TRUE","Site QA","Floor Finishes","WING C","C.57A ENSUITE","Carpet / Vinyl","Add-Floors Sign Off"
"70c9a3bf-db27-50d2-9756-903d781e0022","","checkpoint-status","not-started","","","TRUE","TRUE","Site QA","Floor Finishes","WING C","C.57A ENSUITE","Carpet / Vinyl","Foreman installation sign off"
"2d10df76-47af-544d-8b9f-7894f1ba6b5d","","checkpoint-group","not-started","","","FALSE","FALSE","Site QA","Floor Finishes","WING C","C.57A ENSUITE","Wall Finish"
"90f407a6-9a9a-55c1-876d-b1f70bf57f4a","","checkpoint-status","not-started","","","TRUE","TRUE","Site QA","Floor Finishes","WING C","C.57A ENSUITE","Wall Finish","Wall Finish installed as per plan"
"1cb67365-dd82-5aef-9022-7e62c60bd8f6","","checkpoint-group","not-started","","","FALSE","FALSE","Site QA","Floor Finishes","WING C","C.57A ENSUITE","Protection and Handover"
"e35413c7-84f1-57d0-882e-24ceedc3edc5","","checkpoint-status","not-started","","","TRUE","TRUE","Site QA","Floor Finishes","WING C","C.57A ENSUITE","Protection and Handover","Installation complete, checked and reviewed - as per specification"
"b9442c77-f7b1-58bd-b981-845e7a9942f4","","checkpoint-status","not-started","","","TRUE","TRUE","Site QA","Floor Finishes","WING C","C.57A ENSUITE","Protection and Handover","Floor protected with bubbleweave floor protection or polyweave"
"bba7f3e7-359e-576c-97ac-3b11607202fc","","checkpoint-status","not-started","","","TRUE","TRUE","Site QA","Floor Finishes","WING C","C.57A ENSUITE","Protection and Handover","Installer Sign Off: Protection installed as per manufacturer's instructions"
"a3afcc80-2100-4147-924c-01cc3622a7dc","","checklist-sectioned","not-started","5a8a68d1221a9e608c282940756e19ac2c3c1dd54ffd7888cef6f74664a05c9a","checklist","FALSE","FALSE","Site QA","Floor Finishes","WING C","C.58 BED"
"06b9fd01-3faa-56eb-a44f-c08ce482d5fc","","checkpoint-group","not-started","","","FALSE","FALSE","Site QA","Floor Finishes","WING C","C.58 BED","Subfloor, Floor Preparation, Adhesive"
"13c55370-46d1-5aed-8300-20372eb0003b","","checkpoint-status","not-started","","","TRUE","TRUE","Site QA","Floor Finishes","WING C","C.58 BED","Subfloor, Floor Preparation, Adhesive","Confirm area of work is accessible & acceptable to commence (If not comment below)"
"eee5026c-02e7-5e42-b7c8-ebb87bdd2576","","checkpoint-status","not-started","","","TRUE","TRUE","Site QA","Floor Finishes","WING C","C.58 BED","Subfloor, Floor Preparation, Adhesive","Subfloor mechanically diamond ground"
"9aeb7a1a-de26-4e54-8b2b-2aa99f25ea93","","checkpoint-status","not-started","","","TRUE","TRUE","Site QA","Floor Finishes","WING C","C.58 BED","Subfloor, Floor Preparation, Adhesive","Floor preparation product installed in accordance with manufacturer's instructions"
"ba119142-cd27-55c3-9f84-884f35d30fb9","","checkpoint-status","not-started","","","TRUE","TRUE","Site QA","Floor Finishes","WING C","C.58 BED","Subfloor, Floor Preparation, Adhesive","Floor transitions installed as per instructions from builder"
"07c581d9-43c6-46b5-b214-669b62e09c75","","checkpoint-status","not-started","","","TRUE","TRUE","Site QA","Floor Finishes","WING C","C.58 BED","Subfloor, Floor Preparation, Adhesive","Waterproof tested for falls, and water test completed by waterproofers"
"1d4ba11a-5df1-51a3-965d-c67cbe4c80ff","","checkpoint-status","not-started","","","TRUE","TRUE","Site QA","Floor Finishes","WING C","C.58 BED","Subfloor, Floor Preparation, Adhesive","Correct adhesive used"
"6f866210-276a-5870-bd87-28da8b602d23","","checkpoint-group","not-started","","","FALSE","FALSE","Site QA","Floor Finishes","WING C","C.58 BED","Carpet / Vinyl"
"0923ac3d-dbcb-5669-b9f7-164d485e57e5","","checkpoint-status","not-started","","","TRUE","TRUE","Site QA","Floor Finishes","WING C","C.58 BED","Carpet / Vinyl","Confirm area of work is accessible & acceptable to commence (If not comment below)"
"5b458961-5051-5a90-8d32-c83ec1ef2d30","","checkpoint-status","not-started","","","TRUE","TRUE","Site QA","Floor Finishes","WING C","C.58 BED","Carpet / Vinyl","Vinyl installed as per plan"
"1da87dbc-7c8c-59dd-ae52-9d62690a05d3","","checkpoint-status","not-started","","","TRUE","TRUE","Site QA","Floor Finishes","WING C","C.58 BED","Carpet / Vinyl","Carpet installed as per plan"
"9f9d98bc-6594-51a9-bffb-49acf433f387","","checkpoint-status","not-started","","","TRUE","TRUE","Site QA","Floor Finishes","WING C","C.58 BED","Carpet / Vinyl","Joints sealed with heat welded seams and mitres as per AS 1884-2012"
"aa9b13bc-7097-5ab3-bf5b-797d376621e0","","checkpoint-status","not-started","","","TRUE","TRUE","Site QA","Floor Finishes","WING C","C.58 BED","Carpet / Vinyl","Vinyl skirt and coving used as per finishes markup - 150mm height"
"e6a928bf-33c2-525e-be37-b421f615545f","","checkpoint-status","not-started","","","TRUE","TRUE","Site QA","Floor Finishes","WING C","C.58 BED","Carpet / Vinyl","Installer Sign Off: Carpet / Vinyl installed as per manufacturer's instructions"
"b9ddd572-72cc-5e7f-b801-336d57bb75e3","","checkpoint-status","not-started","","","TRUE","TRUE","Site QA","Floor Finishes","WING C","C.58 BED","Carpet / Vinyl","Add-Floors Sign Off"
"5d6f6d3d-7018-5ed6-8bd0-c46e0abce1c6","","checkpoint-status","not-started","","","TRUE","TRUE","Site QA","Floor Finishes","WING C","C.58 BED","Carpet / Vinyl","Foreman installation sign off"
"bf628e8a-d472-573f-8357-588de6ddb910","","checkpoint-group","not-started","","","FALSE","FALSE","Site QA","Floor Finishes","WING C","C.58 BED","Wall Finish"
"78da9e37-a479-5d5c-a009-a02c39b05b75","","checkpoint-status","not-started","","","TRUE","TRUE","Site QA","Floor Finishes","WING C","C.58 BED","Wall Finish","Wall Finish installed as per plan"
"4e11e17c-53e3-5be9-8f3c-7cf0cd112cd4","","checkpoint-group","not-started","","","FALSE","FALSE","Site QA","Floor Finishes","WING C","C.58 BED","Protection and Handover"
"4e4c5932-7c49-563f-bdf1-f49f7423204d","","checkpoint-status","not-started","","","TRUE","TRUE","Site QA","Floor Finishes","WING C","C.58 BED","Protection and Handover","Installation complete, checked and reviewed - as per specification"
"aeb955df-e5ad-5a56-8d27-f146d9009e0e","","checkpoint-status","not-started","","","TRUE","TRUE","Site QA","Floor Finishes","WING C","C.58 BED","Protection and Handover","Floor protected with bubbleweave floor protection or polyweave"
"7669c004-5823-50b2-b62e-c20843bdf66e","","checkpoint-status","not-started","","","TRUE","TRUE","Site QA","Floor Finishes","WING C","C.58 BED","Protection and Handover","Installer Sign Off: Protection installed as per manufacturer's instructions"
"9d693631-a69f-496d-8ad7-cfe5b22418d9","","checklist-sectioned","not-started","5a8a68d1221a9e608c282940756e19ac2c3c1dd54ffd7888cef6f74664a05c9a","checklist","FALSE","FALSE","Site QA","Floor Finishes","WING C","C.58A ENSUITE"
"43944310-698e-500b-9c78-ec5b3f465da3","","checkpoint-group","not-started","","","FALSE","FALSE","Site QA","Floor Finishes","WING C","C.58A ENSUITE","Subfloor, Floor Preparation, Adhesive"
"13f361df-8923-5fda-b8a5-be075848e2a9","","checkpoint-status","not-started","","","TRUE","TRUE","Site QA","Floor Finishes","WING C","C.58A ENSUITE","Subfloor, Floor Preparation, Adhesive","Confirm area of work is accessible & acceptable to commence (If not comment below)"
"cfe09a2f-abc6-5c7f-b2b3-6ab61df438ea","","checkpoint-status","not-started","","","TRUE","TRUE","Site QA","Floor Finishes","WING C","C.58A ENSUITE","Subfloor, Floor Preparation, Adhesive","Subfloor mechanically diamond ground"
"9460ede4-3262-41d8-912d-e6a5cd6eb714","","checkpoint-status","not-started","","","TRUE","TRUE","Site QA","Floor Finishes","WING C","C.58A ENSUITE","Subfloor, Floor Preparation, Adhesive","Floor preparation product installed in accordance with manufacturer's instructions"
"bb9da65b-8767-5a0b-8d38-ed27c01769e3","","checkpoint-status","not-started","","","TRUE","TRUE","Site QA","Floor Finishes","WING C","C.58A ENSUITE","Subfloor, Floor Preparation, Adhesive","Floor transitions installed as per instructions from builder"
"fc1478df-b93d-4fe4-9129-06e89ec08d13","","checkpoint-status","not-started","","","TRUE","TRUE","Site QA","Floor Finishes","WING C","C.58A ENSUITE","Subfloor, Floor Preparation, Adhesive","Waterproof tested for falls, and water test completed by waterproofers"
"7f0bf23a-c7b6-5daf-a9b0-464d4083bf19","","checkpoint-status","not-started","","","TRUE","TRUE","Site QA","Floor Finishes","WING C","C.58A ENSUITE","Subfloor, Floor Preparation, Adhesive","Correct adhesive used"
"269ab596-0481-561b-8c0d-dc3f480bf8f5","","checkpoint-group","not-started","","","FALSE","FALSE","Site QA","Floor Finishes","WING C","C.58A ENSUITE","Carpet / Vinyl"
"91ab6b53-517e-538d-b8f0-461eaa6ea7b5","","checkpoint-status","not-started","","","TRUE","TRUE","Site QA","Floor Finishes","WING C","C.58A ENSUITE","Carpet / Vinyl","Confirm area of work is accessible & acceptable to commence (If not comment below)"
"f10f9aac-46aa-55b5-9cdb-04a6788dd08d","","checkpoint-status","not-started","","","TRUE","TRUE","Site QA","Floor Finishes","WING C","C.58A ENSUITE","Carpet / Vinyl","Vinyl installed as per plan"
"c9777d1c-a7f8-5d9a-8178-de744fcdf345","","checkpoint-status","not-started","","","TRUE","TRUE","Site QA","Floor Finishes","WING C","C.58A ENSUITE","Carpet / Vinyl","Carpet installed as per plan"
"03243690-133d-54c7-966e-7973a4fdd6d9","","checkpoint-status","not-started","","","TRUE","TRUE","Site QA","Floor Finishes","WING C","C.58A ENSUITE","Carpet / Vinyl","Joints sealed with heat welded seams and mitres as per AS 1884-2012"
"cf62980f-743e-5991-af6f-a283278cc1ba","","checkpoint-status","not-started","","","TRUE","TRUE","Site QA","Floor Finishes","WING C","C.58A ENSUITE","Carpet / Vinyl","Vinyl skirt and coving used as per finishes markup - 150mm height"
"e60ea6b5-71a2-5fbc-8f3b-3f5578f483fd","","checkpoint-status","not-started","","","TRUE","TRUE","Site QA","Floor Finishes","WING C","C.58A ENSUITE","Carpet / Vinyl","Installer Sign Off: Carpet / Vinyl installed as per manufacturer's instructions"
"752267fe-daed-581a-aea8-093bd5bb8283","","checkpoint-status","not-started","","","TRUE","TRUE","Site QA","Floor Finishes","WING C","C.58A ENSUITE","Carpet / Vinyl","Add-Floors Sign Off"
"8a3c70f2-9e8b-5da3-9634-1e0aa44c1c69","","checkpoint-status","not-started","","","TRUE","TRUE","Site QA","Floor Finishes","WING C","C.58A ENSUITE","Carpet / Vinyl","Foreman installation sign off"
"9d1544b8-8675-56b7-b68e-25821940dc13","","checkpoint-group","not-started","","","FALSE","FALSE","Site QA","Floor Finishes","WING C","C.58A ENSUITE","Wall Finish"
"8a1e35bc-3fbb-563a-b06f-01b13f706063","","checkpoint-status","not-started","","","TRUE","TRUE","Site QA","Floor Finishes","WING C","C.58A ENSUITE","Wall Finish","Wall Finish installed as per plan"
"778c4c26-b8f9-5682-b334-aaf0cf72a88d","","checkpoint-group","not-started","","","FALSE","FALSE","Site QA","Floor Finishes","WING C","C.58A ENSUITE","Protection and Handover"
"c0fd6040-2b62-551f-8795-1832f9cdaa6d","","checkpoint-status","not-started","","","TRUE","TRUE","Site QA","Floor Finishes","WING C","C.58A ENSUITE","Protection and Handover","Installation complete, checked and reviewed - as per specification"
"0a114abc-9472-5d2e-8919-8772755ff4e3","","checkpoint-status","not-started","","","TRUE","TRUE","Site QA","Floor Finishes","WING C","C.58A ENSUITE","Protection and Handover","Floor protected with bubbleweave floor protection or polyweave"
"3f804a9e-93c2-573b-b297-7b18145509a2","","checkpoint-status","not-started","","","TRUE","TRUE","Site QA","Floor Finishes","WING C","C.58A ENSUITE","Protection and Handover","Installer Sign Off: Protection installed as per manufacturer's instructions"
"a3a415b6-0345-4abc-a004-98cbd13111dd","","checklist-sectioned","not-started","5a8a68d1221a9e608c282940756e19ac2c3c1dd54ffd7888cef6f74664a05c9a","checklist","FALSE","FALSE","Site QA","Floor Finishes","WING C","DINING, CORRIDORS"
"74911bd6-10fc-5338-9196-cb0e9ba95ea6","","checkpoint-group","not-started","","","FALSE","FALSE","Site QA","Floor Finishes","WING C","DINING, CORRIDORS","Subfloor, Floor Preparation, Adhesive"
"e1034b54-83ca-5a4d-a29d-a30f468974f4","","checkpoint-status","not-started","","","TRUE","TRUE","Site QA","Floor Finishes","WING C","DINING, CORRIDORS","Subfloor, Floor Preparation, Adhesive","Confirm area of work is accessible & acceptable to commence (If not comment below)"
"477a8d6a-11c3-5db7-8601-4d4ee66eb675","","checkpoint-status","not-started","","","TRUE","TRUE","Site QA","Floor Finishes","WING C","DINING, CORRIDORS","Subfloor, Floor Preparation, Adhesive","Subfloor mechanically diamond ground"
"9e37da50-9387-4396-873f-2f1853245c2d","","checkpoint-status","not-started","","","TRUE","TRUE","Site QA","Floor Finishes","WING C","DINING, CORRIDORS","Subfloor, Floor Preparation, Adhesive","Floor preparation product installed in accordance with manufacturer's instructions"
"fb907293-5973-5fae-8e21-d8ee14c3a25c","","checkpoint-status","not-started","","","TRUE","TRUE","Site QA","Floor Finishes","WING C","DINING, CORRIDORS","Subfloor, Floor Preparation, Adhesive","Floor transitions installed as per instructions from builder"
"e0976498-ab1f-406d-8000-94b33aed28d5","","checkpoint-status","not-started","","","TRUE","TRUE","Site QA","Floor Finishes","WING C","DINING, CORRIDORS","Subfloor, Floor Preparation, Adhesive","Waterproof tested for falls, and water test completed by waterproofers"
"db5f1d6d-39d7-5100-b5fc-73cc716194a7","","checkpoint-status","not-started","","","TRUE","TRUE","Site QA","Floor Finishes","WING C","DINING, CORRIDORS","Subfloor, Floor Preparation, Adhesive","Correct adhesive used"
"f0626ef9-702e-5af1-9af7-0fe13914a470","","checkpoint-group","not-started","","","FALSE","FALSE","Site QA","Floor Finishes","WING C","DINING, CORRIDORS","Carpet / Vinyl"
"a386f2e6-7df9-5bfa-9e1a-f29a2d37a811","","checkpoint-status","not-started","","","TRUE","TRUE","Site QA","Floor Finishes","WING C","DINING, CORRIDORS","Carpet / Vinyl","Confirm area of work is accessible & acceptable to commence (If not comment below)"
"2ce1d1b2-937c-5f96-bfc0-0211e36abc2a","","checkpoint-status","not-started","","","TRUE","TRUE","Site QA","Floor Finishes","WING C","DINING, CORRIDORS","Carpet / Vinyl","Vinyl installed as per plan"
"d441a5b4-7753-5141-a8f4-f36e5be15699","","checkpoint-status","not-started","","","TRUE","TRUE","Site QA","Floor Finishes","WING C","DINING, CORRIDORS","Carpet / Vinyl","Carpet installed as per plan"
"c91672d0-e59a-5020-9f3f-f21c3e1a1654","","checkpoint-status","not-started","","","TRUE","TRUE","Site QA","Floor Finishes","WING C","DINING, CORRIDORS","Carpet / Vinyl","Joints sealed with heat welded seams and mitres as per AS 1884-2012"
"8ae7a2e5-fa8b-535c-b2a5-659af79f840e","","checkpoint-status","not-started","","","TRUE","TRUE","Site QA","Floor Finishes","WING C","DINING, CORRIDORS","Carpet / Vinyl","Vinyl skirt and coving used as per finishes markup - 150mm height"
"1b2696d6-8f80-528c-86ab-3b7af85dc2c0","","checkpoint-status","not-started","","","TRUE","TRUE","Site QA","Floor Finishes","WING C","DINING, CORRIDORS","Carpet / Vinyl","Installer Sign Off: Carpet / Vinyl installed as per manufacturer's instructions"
"44d36f36-86de-571f-a038-4c3eb956c63e","","checkpoint-status","not-started","","","TRUE","TRUE","Site QA","Floor Finishes","WING C","DINING, CORRIDORS","Carpet / Vinyl","Add-Floors Sign Off"
"51b27925-ac86-5752-8a12-57b123a7090b","","checkpoint-status","not-started","","","TRUE","TRUE","Site QA","Floor Finishes","WING C","DINING, CORRIDORS","Carpet / Vinyl","Foreman installation sign off"
"d40cc178-f90c-5f13-b886-1d3d6320207a","","checkpoint-group","not-started","","","FALSE","FALSE","Site QA","Floor Finishes","WING C","DINING, CORRIDORS","Wall Finish"
"01fad689-d23f-5f8a-b398-f3b1efdf2ca8","","checkpoint-status","not-started","","","TRUE","TRUE","Site QA","Floor Finishes","WING C","DINING, CORRIDORS","Wall Finish","Wall Finish installed as per plan"
"259b8696-c65d-5a3b-b8c5-efdbd5871d6b","","checkpoint-group","not-started","","","FALSE","FALSE","Site QA","Floor Finishes","WING C","DINING, CORRIDORS","Protection and Handover"
"c987830f-0c19-5e92-9139-c0a4bb5bcf55","","checkpoint-status","not-started","","","TRUE","TRUE","Site QA","Floor Finishes","WING C","DINING, CORRIDORS","Protection and Handover","Installation complete, checked and reviewed - as per specification"
"6e2ccc72-469e-56fa-808c-d15a2cc5f6cc","","checkpoint-status","not-started","","","TRUE","TRUE","Site QA","Floor Finishes","WING C","DINING, CORRIDORS","Protection and Handover","Floor protected with bubbleweave floor protection or polyweave"
"e0ddb53f-c304-5172-befb-dfbb26a83198","","checkpoint-status","not-started","","","TRUE","TRUE","Site QA","Floor Finishes","WING C","DINING, CORRIDORS","Protection and Handover","Installer Sign Off: Protection installed as per manufacturer's instructions"
"783b8098-6e4f-44e6-b9a9-d7bdaba5859e","","checklist-sectioned","not-started","5a8a68d1221a9e608c282940756e19ac2c3c1dd54ffd7888cef6f74664a05c9a","checklist","FALSE","FALSE","Site QA","Floor Finishes","WING C","SITTING, CORRIDORS, LINEN"
"9cf4586a-7790-5fca-a73e-785b533d2386","","checkpoint-group","not-started","","","FALSE","FALSE","Site QA","Floor Finishes","WING C","SITTING, CORRIDORS, LINEN","Subfloor, Floor Preparation, Adhesive"
"ce9d1693-10be-5cea-a74a-4dd874cb5264","","checkpoint-status","not-started","","","TRUE","TRUE","Site QA","Floor Finishes","WING C","SITTING, CORRIDORS, LINEN","Subfloor, Floor Preparation, Adhesive","Confirm area of work is accessible & acceptable to commence (If not comment below)"
"281394ea-e43f-5bdc-8280-072eb3beb3bc","","checkpoint-status","not-started","","","TRUE","TRUE","Site QA","Floor Finishes","WING C","SITTING, CORRIDORS, LINEN","Subfloor, Floor Preparation, Adhesive","Subfloor mechanically diamond ground"
"683c622f-de39-46b2-b311-4c036846a762","","checkpoint-status","not-started","","","TRUE","TRUE","Site QA","Floor Finishes","WING C","SITTING, CORRIDORS, LINEN","Subfloor, Floor Preparation, Adhesive","Floor preparation product installed in accordance with manufacturer's instructions"
"5a804f82-5f49-5f1c-9265-80bdccad4395","","checkpoint-status","not-started","","","TRUE","TRUE","Site QA","Floor Finishes","WING C","SITTING, CORRIDORS, LINEN","Subfloor, Floor Preparation, Adhesive","Floor transitions installed as per instructions from builder"
"193965d7-2d47-4542-aec4-f7f479d7ebde","","checkpoint-status","not-started","","","TRUE","TRUE","Site QA","Floor Finishes","WING C","SITTING, CORRIDORS, LINEN","Subfloor, Floor Preparation, Adhesive","Waterproof tested for falls, and water test completed by waterproofers"
"3a6e270c-f047-5a46-b198-394dc5520e8b","","checkpoint-status","not-started","","","TRUE","TRUE","Site QA","Floor Finishes","WING C","SITTING, CORRIDORS, LINEN","Subfloor, Floor Preparation, Adhesive","Correct adhesive used"
"5c6040d0-5a4d-5674-ad8a-55e0c1f4c8b8","","checkpoint-group","not-started","","","FALSE","FALSE","Site QA","Floor Finishes","WING C","SITTING, CORRIDORS, LINEN","Carpet / Vinyl"
"09e529b2-6d59-569e-aa1d-eb84bbd67060","","checkpoint-status","not-started","","","TRUE","TRUE","Site QA","Floor Finishes","WING C","SITTING, CORRIDORS, LINEN","Carpet / Vinyl","Confirm area of work is accessible & acceptable to commence (If not comment below)"
"491b7a82-1717-5fa1-a3e2-d96a96470248","","checkpoint-status","not-started","","","TRUE","TRUE","Site QA","Floor Finishes","WING C","SITTING, CORRIDORS, LINEN","Carpet / Vinyl","Vinyl installed as per plan"
"22b175d5-1347-5192-85f0-7e2635d81764","","checkpoint-status","not-started","","","TRUE","TRUE","Site QA","Floor Finishes","WING C","SITTING, CORRIDORS, LINEN","Carpet / Vinyl","Carpet installed as per plan"
"f2f248c7-a338-5ed2-a44b-e69164a20d51","","checkpoint-status","not-started","","","TRUE","TRUE","Site QA","Floor Finishes","WING C","SITTING, CORRIDORS, LINEN","Carpet / Vinyl","Joints sealed with heat welded seams and mitres as per AS 1884-2012"
"940806ea-9dfa-535d-8a6a-9986b678ebdc","","checkpoint-status","not-started","","","TRUE","TRUE","Site QA","Floor Finishes","WING C","SITTING, CORRIDORS, LINEN","Carpet / Vinyl","Vinyl skirt and coving used as per finishes markup - 150mm height"
"2b027092-6eab-5494-b43d-ae062bd83e6e","","checkpoint-status","not-started","","","TRUE","TRUE","Site QA","Floor Finishes","WING C","SITTING, CORRIDORS, LINEN","Carpet / Vinyl","Installer Sign Off: Carpet / Vinyl installed as per manufacturer's instructions"
"5741c19d-53e4-5e8a-9bc1-df4037fe24d9","","checkpoint-status","not-started","","","TRUE","TRUE","Site QA","Floor Finishes","WING C","SITTING, CORRIDORS, LINEN","Carpet / Vinyl","Add-Floors Sign Off"
"78aaa5c9-636f-53ee-9055-c134682da147","","checkpoint-status","not-started","","","TRUE","TRUE","Site QA","Floor Finishes","WING C","SITTING, CORRIDORS, LINEN","Carpet / Vinyl","Foreman installation sign off"
"28abaaed-2235-5690-8b53-da18e6448c64","","checkpoint-group","not-started","","","FALSE","FALSE","Site QA","Floor Finishes","WING C","SITTING, CORRIDORS, LINEN","Wall Finish"
"a7254cbf-be32-50b0-8ad3-fc88690a3845","","checkpoint-status","not-started","","","TRUE","TRUE","Site QA","Floor Finishes","WING C","SITTING, CORRIDORS, LINEN","Wall Finish","Wall Finish installed as per plan"
"2a5b0fa9-a07d-5d6c-82c2-d3f84443ad89","","checkpoint-group","not-started","","","FALSE","FALSE","Site QA","Floor Finishes","WING C","SITTING, CORRIDORS, LINEN","Protection and Handover"
"34b46a45-b17b-5062-beb9-007226e2109b","","checkpoint-status","not-started","","","TRUE","TRUE","Site QA","Floor Finishes","WING C","SITTING, CORRIDORS, LINEN","Protection and Handover","Installation complete, checked and reviewed - as per specification"
"6efdb571-a53a-5687-bac6-2cb0e4a32932","","checkpoint-status","not-started","","","TRUE","TRUE","Site QA","Floor Finishes","WING C","SITTING, CORRIDORS, LINEN","Protection and Handover","Floor protected with bubbleweave floor protection or polyweave"
"1f4facdf-ed14-5551-9ec7-c50863629f4e","","checkpoint-status","not-started","","","TRUE","TRUE","Site QA","Floor Finishes","WING C","SITTING, CORRIDORS, LINEN","Protection and Handover","Installer Sign Off: Protection installed as per manufacturer's instructions"
"085c8b9d-bed6-493f-9949-0bc66597667a","","checklist-sectioned","not-started","5a8a68d1221a9e608c282940756e19ac2c3c1dd54ffd7888cef6f74664a05c9a","checklist","FALSE","FALSE","Site QA","Floor Finishes","WING C","SITTING, LINEN, CORRIDOR"
"1b8b038e-238d-5d0e-b4a6-ff9339766141","","checkpoint-group","not-started","","","FALSE","FALSE","Site QA","Floor Finishes","WING C","SITTING, LINEN, CORRIDOR","Subfloor, Floor Preparation, Adhesive"
"0ba5b5fb-3ebf-57fe-8c9c-e9d9705d98e5","","checkpoint-status","not-started","","","TRUE","TRUE","Site QA","Floor Finishes","WING C","SITTING, LINEN, CORRIDOR","Subfloor, Floor Preparation, Adhesive","Confirm area of work is accessible & acceptable to commence (If not comment below)"
"29d9483d-ce76-553f-b11c-99c56cdd3b73","","checkpoint-status","not-started","","","TRUE","TRUE","Site QA","Floor Finishes","WING C","SITTING, LINEN, CORRIDOR","Subfloor, Floor Preparation, Adhesive","Subfloor mechanically diamond ground"
"6d674160-9136-4bc7-b1c8-9bcba8a55566","","checkpoint-status","not-started","","","TRUE","TRUE","Site QA","Floor Finishes","WING C","SITTING, LINEN, CORRIDOR","Subfloor, Floor Preparation, Adhesive","Floor preparation product installed in accordance with manufacturer's instructions"
"4cd0cecf-55da-5815-99f1-4adbe1fca1f8","","checkpoint-status","not-started","","","TRUE","TRUE","Site QA","Floor Finishes","WING C","SITTING, LINEN, CORRIDOR","Subfloor, Floor Preparation, Adhesive","Floor transitions installed as per instructions from builder"
"0f8ed9f1-631f-481e-91d1-81bce0a075e4","","checkpoint-status","not-started","","","TRUE","TRUE","Site QA","Floor Finishes","WING C","SITTING, LINEN, CORRIDOR","Subfloor, Floor Preparation, Adhesive","Waterproof tested for falls, and water test completed by waterproofers"
"620629ef-731d-5d84-ab35-26718f24d12f","","checkpoint-status","not-started","","","TRUE","TRUE","Site QA","Floor Finishes","WING C","SITTING, LINEN, CORRIDOR","Subfloor, Floor Preparation, Adhesive","Correct adhesive used"
"9a5b28f2-106c-518a-be76-55559771db2e","","checkpoint-group","not-started","","","FALSE","FALSE","Site QA","Floor Finishes","WING C","SITTING, LINEN, CORRIDOR","Carpet / Vinyl"
"e1626f69-15f1-5a83-aa47-3fff40a8f42b","","checkpoint-status","not-started","","","TRUE","TRUE","Site QA","Floor Finishes","WING C","SITTING, LINEN, CORRIDOR","Carpet / Vinyl","Confirm area of work is accessible & acceptable to commence (If not comment below)"
"868a0ed2-75b8-54f9-9e1f-6f07ce969f3f","","checkpoint-status","not-started","","","TRUE","TRUE","Site QA","Floor Finishes","WING C","SITTING, LINEN, CORRIDOR","Carpet / Vinyl","Vinyl installed as per plan"
"486f88ae-d7af-5341-8537-b8d294f46219","","checkpoint-status","not-started","","","TRUE","TRUE","Site QA","Floor Finishes","WING C","SITTING, LINEN, CORRIDOR","Carpet / Vinyl","Carpet installed as per plan"
"9010aeba-da28-5593-8a8f-3a9623542cd0","","checkpoint-status","not-started","","","TRUE","TRUE","Site QA","Floor Finishes","WING C","SITTING, LINEN, CORRIDOR","Carpet / Vinyl","Joints sealed with heat welded seams and mitres as per AS 1884-2012"
"f11c7262-ee06-5e1d-91b0-e33cd0c54dda","","checkpoint-status","not-started","","","TRUE","TRUE","Site QA","Floor Finishes","WING C","SITTING, LINEN, CORRIDOR","Carpet / Vinyl","Vinyl skirt and coving used as per finishes markup - 150mm height"
"b02ec58f-ad2c-5a6d-9fab-031982b2ce5e","","checkpoint-status","not-started","","","TRUE","TRUE","Site QA","Floor Finishes","WING C","SITTING, LINEN, CORRIDOR","Carpet / Vinyl","Installer Sign Off: Carpet / Vinyl installed as per manufacturer's instructions"
"d23b0b72-de46-563b-9db2-fcd26371aae3","","checkpoint-status","not-started","","","TRUE","TRUE","Site QA","Floor Finishes","WING C","SITTING, LINEN, CORRIDOR","Carpet / Vinyl","Add-Floors Sign Off"
"a8e375f6-03a9-513e-86fa-eb67f9e15749","","checkpoint-status","not-started","","","TRUE","TRUE","Site QA","Floor Finishes","WING C","SITTING, LINEN, CORRIDOR","Carpet / Vinyl","Foreman installation sign off"
"50078e4e-804c-5058-9aeb-c87ca5555367","","checkpoint-group","not-started","","","FALSE","FALSE","Site QA","Floor Finishes","WING C","SITTING, LINEN, CORRIDOR","Wall Finish"
"438c82e4-d827-577e-8037-eaa1360e4800","","checkpoint-status","not-started","","","TRUE","TRUE","Site QA","Floor Finishes","WING C","SITTING, LINEN, CORRIDOR","Wall Finish","Wall Finish installed as per plan"
"da43c4c8-719c-58fe-a724-3f986086c4dc","","checkpoint-group","not-started","","","FALSE","FALSE","Site QA","Floor Finishes","WING C","SITTING, LINEN, CORRIDOR","Protection and Handover"
"01881430-685a-5da3-b6f7-b01dad54e26d","","checkpoint-status","not-started","","","TRUE","TRUE","Site QA","Floor Finishes","WING C","SITTING, LINEN, CORRIDOR","Protection and Handover","Installation complete, checked and reviewed - as per specification"
"7a163838-90d5-55a5-9eff-1488aa64070a","","checkpoint-status","not-started","","","TRUE","TRUE","Site QA","Floor Finishes","WING C","SITTING, LINEN, CORRIDOR","Protection and Handover","Floor protected with bubbleweave floor protection or polyweave"
"c52240bd-db39-53f3-8558-df4b63ad469c","","checkpoint-status","not-started","","","TRUE","TRUE","Site QA","Floor Finishes","WING C","SITTING, LINEN, CORRIDOR","Protection and Handover","Installer Sign Off: Protection installed as per manufacturer's instructions"
"11f40e98-1e9d-48c5-aefb-d9c4043c73b6","","folder-normal","not-started","","step","TRUE","FALSE","Site QA","Floor Finishes","WING D"
"3333d385-0871-48af-b73f-d22a9f1421e5","","checklist-sectioned","not-started","5a8a68d1221a9e608c282940756e19ac2c3c1dd54ffd7888cef6f74664a05c9a","checklist","FALSE","FALSE","Site QA","Floor Finishes","WING D","CORRIDOR AND ENTRY"
"263a0a5b-3936-57e0-b566-528f0341cdf3","","checkpoint-group","not-started","","","FALSE","FALSE","Site QA","Floor Finishes","WING D","CORRIDOR AND ENTRY","Subfloor, Floor Preparation, Adhesive"
"7b26a06a-8d72-59a5-b29b-8d893dae848c","","checkpoint-status","not-started","","","TRUE","TRUE","Site QA","Floor Finishes","WING D","CORRIDOR AND ENTRY","Subfloor, Floor Preparation, Adhesive","Confirm area of work is accessible & acceptable to commence (If not comment below)"
"b1b41873-3bfe-5ce4-8127-b458d71c332f","","checkpoint-status","not-started","","","TRUE","TRUE","Site QA","Floor Finishes","WING D","CORRIDOR AND ENTRY","Subfloor, Floor Preparation, Adhesive","Subfloor mechanically diamond ground"
"df0ca3f1-15b9-464f-9fbc-3aefe57494a6","","checkpoint-status","not-started","","","TRUE","TRUE","Site QA","Floor Finishes","WING D","CORRIDOR AND ENTRY","Subfloor, Floor Preparation, Adhesive","Floor preparation product installed in accordance with manufacturer's instructions"
"6ea027ae-8e83-50b5-b3e7-2faf522f9671","","checkpoint-status","not-started","","","TRUE","TRUE","Site QA","Floor Finishes","WING D","CORRIDOR AND ENTRY","Subfloor, Floor Preparation, Adhesive","Floor transitions installed as per instructions from builder"
"b19ef48d-652e-4765-b3fb-5cc894eac89d","","checkpoint-status","not-started","","","TRUE","TRUE","Site QA","Floor Finishes","WING D","CORRIDOR AND ENTRY","Subfloor, Floor Preparation, Adhesive","Waterproof tested for falls, and water test completed by waterproofers"
"45ef2083-6aed-59d7-97d9-61752d0cdfb4","","checkpoint-status","not-started","","","TRUE","TRUE","Site QA","Floor Finishes","WING D","CORRIDOR AND ENTRY","Subfloor, Floor Preparation, Adhesive","Correct adhesive used"
"a346f750-13bc-5e5e-a42c-f53ede2df5a5","","checkpoint-group","not-started","","","FALSE","FALSE","Site QA","Floor Finishes","WING D","CORRIDOR AND ENTRY","Carpet / Vinyl"
"97e2cbda-002a-5723-9963-fe59633792d2","","checkpoint-status","not-started","","","TRUE","TRUE","Site QA","Floor Finishes","WING D","CORRIDOR AND ENTRY","Carpet / Vinyl","Confirm area of work is accessible & acceptable to commence (If not comment below)"
"08397091-0b9c-5864-8a10-681024d4a7ad","","checkpoint-status","not-started","","","TRUE","TRUE","Site QA","Floor Finishes","WING D","CORRIDOR AND ENTRY","Carpet / Vinyl","Vinyl installed as per plan"
"08d5e4b2-aced-5731-b60d-0c574ffca29f","","checkpoint-status","not-started","","","TRUE","TRUE","Site QA","Floor Finishes","WING D","CORRIDOR AND ENTRY","Carpet / Vinyl","Carpet installed as per plan"
"a54beb32-4d50-5d9d-9d8b-05e5d5e70e8a","","checkpoint-status","not-started","","","TRUE","TRUE","Site QA","Floor Finishes","WING D","CORRIDOR AND ENTRY","Carpet / Vinyl","Joints sealed with heat welded seams and mitres as per AS 1884-2012"
"5d0a0939-d7f6-5d69-8c74-bef70d60470c","","checkpoint-status","not-started","","","TRUE","TRUE","Site QA","Floor Finishes","WING D","CORRIDOR AND ENTRY","Carpet / Vinyl","Vinyl skirt and coving used as per finishes markup - 150mm height"
"615332ab-9ceb-5d40-8cc6-8c211a9f443d","","checkpoint-status","not-started","","","TRUE","TRUE","Site QA","Floor Finishes","WING D","CORRIDOR AND ENTRY","Carpet / Vinyl","Installer Sign Off: Carpet / Vinyl installed as per manufacturer's instructions"
"19a03ef2-205e-5e07-8f9d-ea33a046ab23","","checkpoint-status","not-started","","","TRUE","TRUE","Site QA","Floor Finishes","WING D","CORRIDOR AND ENTRY","Carpet / Vinyl","Add-Floors Sign Off"
"7dcaaf4a-c7bb-501e-b8f0-d270a575d20f","","checkpoint-status","not-started","","","TRUE","TRUE","Site QA","Floor Finishes","WING D","CORRIDOR AND ENTRY","Carpet / Vinyl","Foreman installation sign off"
"10865d7d-3c83-5a84-acd7-480513b9d2d2","","checkpoint-group","not-started","","","FALSE","FALSE","Site QA","Floor Finishes","WING D","CORRIDOR AND ENTRY","Wall Finish"
"333084b1-1538-56b4-ae36-a548152cd070","","checkpoint-status","not-started","","","TRUE","TRUE","Site QA","Floor Finishes","WING D","CORRIDOR AND ENTRY","Wall Finish","Wall Finish installed as per plan"
"508bff60-6168-5e64-b73f-54044eafe45a","","checkpoint-group","not-started","","","FALSE","FALSE","Site QA","Floor Finishes","WING D","CORRIDOR AND ENTRY","Protection and Handover"
"202039b1-0c32-51b7-b6dc-92f800e43b2e","","checkpoint-status","not-started","","","TRUE","TRUE","Site QA","Floor Finishes","WING D","CORRIDOR AND ENTRY","Protection and Handover","Installation complete, checked and reviewed - as per specification"
"828a16d8-9973-5834-8b67-c8eb281253f5","","checkpoint-status","not-started","","","TRUE","TRUE","Site QA","Floor Finishes","WING D","CORRIDOR AND ENTRY","Protection and Handover","Floor protected with bubbleweave floor protection or polyweave"
"dae82685-39c8-57d8-9d78-2d76a40d5cf7","","checkpoint-status","not-started","","","TRUE","TRUE","Site QA","Floor Finishes","WING D","CORRIDOR AND ENTRY","Protection and Handover","Installer Sign Off: Protection installed as per manufacturer's instructions"
"e79cb34a-751e-4486-8e4d-7996ca993029","","checklist-sectioned","not-started","5a8a68d1221a9e608c282940756e19ac2c3c1dd54ffd7888cef6f74664a05c9a","checklist","FALSE","FALSE","Site QA","Floor Finishes","WING D","D.02 TESTING FOYER"
"f798b2c8-4545-5f15-ad57-9ac39f09fa8f","","checkpoint-group","not-started","","","FALSE","FALSE","Site QA","Floor Finishes","WING D","D.02 TESTING FOYER","Subfloor, Floor Preparation, Adhesive"
"493ba8c2-4225-57c8-82fa-35bed516ee49","","checkpoint-status","not-started","","","TRUE","TRUE","Site QA","Floor Finishes","WING D","D.02 TESTING FOYER","Subfloor, Floor Preparation, Adhesive","Confirm area of work is accessible & acceptable to commence (If not comment below)"
"7d7c302e-e709-51e4-9449-87f9e37330e4","","checkpoint-status","not-started","","","TRUE","TRUE","Site QA","Floor Finishes","WING D","D.02 TESTING FOYER","Subfloor, Floor Preparation, Adhesive","Subfloor mechanically diamond ground"
"ba174ce7-21e7-4345-a2d1-c81657169e1e","","checkpoint-status","not-started","","","TRUE","TRUE","Site QA","Floor Finishes","WING D","D.02 TESTING FOYER","Subfloor, Floor Preparation, Adhesive","Floor preparation product installed in accordance with manufacturer's instructions"
"63703539-1385-58f0-b055-10c8a50afdab","","checkpoint-status","not-started","","","TRUE","TRUE","Site QA","Floor Finishes","WING D","D.02 TESTING FOYER","Subfloor, Floor Preparation, Adhesive","Floor transitions installed as per instructions from builder"
"1f3f19bd-8c3a-4f4f-bd3b-af9c95f690d0","","checkpoint-status","not-started","","","TRUE","TRUE","Site QA","Floor Finishes","WING D","D.02 TESTING FOYER","Subfloor, Floor Preparation, Adhesive","Waterproof tested for falls, and water test completed by waterproofers"
"4850cd4b-0873-54f9-a505-883c233bf8b5","","checkpoint-status","not-started","","","TRUE","TRUE","Site QA","Floor Finishes","WING D","D.02 TESTING FOYER","Subfloor, Floor Preparation, Adhesive","Correct adhesive used"
"88047e0a-3ed8-5ef1-bd4e-323640e87964","","checkpoint-group","not-started","","","FALSE","FALSE","Site QA","Floor Finishes","WING D","D.02 TESTING FOYER","Carpet / Vinyl"
"cdf3e4ea-8a55-56f8-894d-51158e68e978","","checkpoint-status","not-started","","","TRUE","TRUE","Site QA","Floor Finishes","WING D","D.02 TESTING FOYER","Carpet / Vinyl","Confirm area of work is accessible & acceptable to commence (If not comment below)"
"6800a46d-8ca7-5cf3-875f-366ed5b620ad","","checkpoint-status","not-started","","","TRUE","TRUE","Site QA","Floor Finishes","WING D","D.02 TESTING FOYER","Carpet / Vinyl","Vinyl installed as per plan"
"efd54b46-f378-5369-8d69-8142927e4477","","checkpoint-status","not-started","","","TRUE","TRUE","Site QA","Floor Finishes","WING D","D.02 TESTING FOYER","Carpet / Vinyl","Carpet installed as per plan"
"345943f4-d064-523a-b639-689a4d02e52c","","checkpoint-status","not-started","","","TRUE","TRUE","Site QA","Floor Finishes","WING D","D.02 TESTING FOYER","Carpet / Vinyl","Joints sealed with heat welded seams and mitres as per AS 1884-2012"
"f8a76f56-2fc5-520d-b544-aa4a454f1c4e","","checkpoint-status","not-started","","","TRUE","TRUE","Site QA","Floor Finishes","WING D","D.02 TESTING FOYER","Carpet / Vinyl","Vinyl skirt and coving used as per finishes markup - 150mm height"
"0cff1225-d1ec-5f08-b7e6-5a9912bf9176","","checkpoint-status","not-started","","","TRUE","TRUE","Site QA","Floor Finishes","WING D","D.02 TESTING FOYER","Carpet / Vinyl","Installer Sign Off: Carpet / Vinyl installed as per manufacturer's instructions"
"b4c77482-6cde-5200-ad7c-6ca7f04f2d49","","checkpoint-status","not-started","","","TRUE","TRUE","Site QA","Floor Finishes","WING D","D.02 TESTING FOYER","Carpet / Vinyl","Add-Floors Sign Off"
"0cf8a7dc-58d2-5875-a9cb-3ad93ee305c2","","checkpoint-status","not-started","","","TRUE","TRUE","Site QA","Floor Finishes","WING D","D.02 TESTING FOYER","Carpet / Vinyl","Foreman installation sign off"
"e254c593-cb27-56df-889c-c92b8f8e6868","","checkpoint-group","not-started","","","FALSE","FALSE","Site QA","Floor Finishes","WING D","D.02 TESTING FOYER","Wall Finish"
"398719fd-5b09-5414-a502-6a4a01fd3b3e","","checkpoint-status","not-started","","","TRUE","TRUE","Site QA","Floor Finishes","WING D","D.02 TESTING FOYER","Wall Finish","Wall Finish installed as per plan"
"58e29868-7847-54bb-be9f-6ff194f31a9d","","checkpoint-group","not-started","","","FALSE","FALSE","Site QA","Floor Finishes","WING D","D.02 TESTING FOYER","Protection and Handover"
"99e3b7c4-e06e-5cc1-abb4-a64dacd2dc8f","","checkpoint-status","not-started","","","TRUE","TRUE","Site QA","Floor Finishes","WING D","D.02 TESTING FOYER","Protection and Handover","Installation complete, checked and reviewed - as per specification"
"737739db-8992-5fe9-be24-7489328e302a","","checkpoint-status","not-started","","","TRUE","TRUE","Site QA","Floor Finishes","WING D","D.02 TESTING FOYER","Protection and Handover","Floor protected with bubbleweave floor protection or polyweave"
"b7c44c25-a342-539a-b1fd-272c1a47b521","","checkpoint-status","not-started","","","TRUE","TRUE","Site QA","Floor Finishes","WING D","D.02 TESTING FOYER","Protection and Handover","Installer Sign Off: Protection installed as per manufacturer's instructions"
"844a65a5-0aee-4acc-b5b7-10f612cd3470","","checklist-sectioned","not-started","5a8a68d1221a9e608c282940756e19ac2c3c1dd54ffd7888cef6f74664a05c9a","checklist","FALSE","FALSE","Site QA","Floor Finishes","WING D","D.04 RECEPTION"
"c9ebeb9f-b6b9-5fd6-b1b2-7255f7c89664","","checkpoint-group","not-started","","","FALSE","FALSE","Site QA","Floor Finishes","WING D","D.04 RECEPTION","Subfloor, Floor Preparation, Adhesive"
"be96a53b-1adf-5d99-9fbb-7f3204ca07e3","","checkpoint-status","not-started","","","TRUE","TRUE","Site QA","Floor Finishes","WING D","D.04 RECEPTION","Subfloor, Floor Preparation, Adhesive","Confirm area of work is accessible & acceptable to commence (If not comment below)"
"b6cc446d-6825-5fed-97c4-61e9a8fa6973","","checkpoint-status","not-started","","","TRUE","TRUE","Site QA","Floor Finishes","WING D","D.04 RECEPTION","Subfloor, Floor Preparation, Adhesive","Subfloor mechanically diamond ground"
"abfef968-93bf-49eb-8ce8-a80459636e51","","checkpoint-status","not-started","","","TRUE","TRUE","Site QA","Floor Finishes","WING D","D.04 RECEPTION","Subfloor, Floor Preparation, Adhesive","Floor preparation product installed in accordance with manufacturer's instructions"
"3f331e88-d156-51ef-a118-a302975fff2f","","checkpoint-status","not-started","","","TRUE","TRUE","Site QA","Floor Finishes","WING D","D.04 RECEPTION","Subfloor, Floor Preparation, Adhesive","Floor transitions installed as per instructions from builder"
"cbb3b878-29fd-4229-a86a-d165d7dffb93","","checkpoint-status","not-started","","","TRUE","TRUE","Site QA","Floor Finishes","WING D","D.04 RECEPTION","Subfloor, Floor Preparation, Adhesive","Waterproof tested for falls, and water test completed by waterproofers"
"2081439d-f4a6-5381-a62f-0eb46460c8ba","","checkpoint-status","not-started","","","TRUE","TRUE","Site QA","Floor Finishes","WING D","D.04 RECEPTION","Subfloor, Floor Preparation, Adhesive","Correct adhesive used"
"d98fdd3b-9777-55f5-a541-a31ce1e64ad0","","checkpoint-group","not-started","","","FALSE","FALSE","Site QA","Floor Finishes","WING D","D.04 RECEPTION","Carpet / Vinyl"
"5dd8a91c-1f36-5286-b26c-0902b237dd33","","checkpoint-status","not-started","","","TRUE","TRUE","Site QA","Floor Finishes","WING D","D.04 RECEPTION","Carpet / Vinyl","Confirm area of work is accessible & acceptable to commence (If not comment below)"
"e39d5edc-3904-5564-9f86-bf706a7bd0fe","","checkpoint-status","not-started","","","TRUE","TRUE","Site QA","Floor Finishes","WING D","D.04 RECEPTION","Carpet / Vinyl","Vinyl installed as per plan"
"886145be-e322-50e2-9c3c-80cec076a860","","checkpoint-status","not-started","","","TRUE","TRUE","Site QA","Floor Finishes","WING D","D.04 RECEPTION","Carpet / Vinyl","Carpet installed as per plan"
"365bcc11-cf35-5614-9ff1-6cb6510eb672","","checkpoint-status","not-started","","","TRUE","TRUE","Site QA","Floor Finishes","WING D","D.04 RECEPTION","Carpet / Vinyl","Joints sealed with heat welded seams and mitres as per AS 1884-2012"
"d23146f9-76b5-5fe3-9e06-2c62035b3c50","","checkpoint-status","not-started","","","TRUE","TRUE","Site QA","Floor Finishes","WING D","D.04 RECEPTION","Carpet / Vinyl","Vinyl skirt and coving used as per finishes markup - 150mm height"
"e95ea70a-316a-5911-b839-5291adc8ccc3","","checkpoint-status","not-started","","","TRUE","TRUE","Site QA","Floor Finishes","WING D","D.04 RECEPTION","Carpet / Vinyl","Installer Sign Off: Carpet / Vinyl installed as per manufacturer's instructions"
"3db3e751-ef03-528a-a934-2940704afe82","","checkpoint-status","not-started","","","TRUE","TRUE","Site QA","Floor Finishes","WING D","D.04 RECEPTION","Carpet / Vinyl","Add-Floors Sign Off"
"dd88812f-8f7d-50e3-94b1-66f241fb422e","","checkpoint-status","not-started","","","TRUE","TRUE","Site QA","Floor Finishes","WING D","D.04 RECEPTION","Carpet / Vinyl","Foreman installation sign off"
"7ef05468-edf0-58f5-93e8-4106dcdd3928","","checkpoint-group","not-started","","","FALSE","FALSE","Site QA","Floor Finishes","WING D","D.04 RECEPTION","Wall Finish"
"55db4f49-eeff-58c7-b6e4-c23ce0e517ce","","checkpoint-status","not-started","","","TRUE","TRUE","Site QA","Floor Finishes","WING D","D.04 RECEPTION","Wall Finish","Wall Finish installed as per plan"
"8bba536e-b702-55df-99ea-29e2f138ba01","","checkpoint-group","not-started","","","FALSE","FALSE","Site QA","Floor Finishes","WING D","D.04 RECEPTION","Protection and Handover"
"4fa57233-2251-5f6c-9f58-6f473544a594","","checkpoint-status","not-started","","","TRUE","TRUE","Site QA","Floor Finishes","WING D","D.04 RECEPTION","Protection and Handover","Installation complete, checked and reviewed - as per specification"
"b1ec227e-8023-5e83-b1a6-674907e1fa10","","checkpoint-status","not-started","","","TRUE","TRUE","Site QA","Floor Finishes","WING D","D.04 RECEPTION","Protection and Handover","Floor protected with bubbleweave floor protection or polyweave"
"9ac921c7-3a8a-55e7-8935-324b33a712d0","","checkpoint-status","not-started","","","TRUE","TRUE","Site QA","Floor Finishes","WING D","D.04 RECEPTION","Protection and Handover","Installer Sign Off: Protection installed as per manufacturer's instructions"
"bf84dc9f-befb-4846-8fb2-6af3e385cdc4","","checklist-sectioned","not-started","5a8a68d1221a9e608c282940756e19ac2c3c1dd54ffd7888cef6f74664a05c9a","checklist","FALSE","FALSE","Site QA","Floor Finishes","WING D","D.05 OFFICE"
"a72e1722-65c7-50da-beac-2823c3a96b0a","","checkpoint-group","not-started","","","FALSE","FALSE","Site QA","Floor Finishes","WING D","D.05 OFFICE","Subfloor, Floor Preparation, Adhesive"
"2bb86034-d2a9-58b0-a56b-a9e4d382b7db","","checkpoint-status","not-started","","","TRUE","TRUE","Site QA","Floor Finishes","WING D","D.05 OFFICE","Subfloor, Floor Preparation, Adhesive","Confirm area of work is accessible & acceptable to commence (If not comment below)"
"5cef3517-16fe-5af5-b98e-6de38596c87b","","checkpoint-status","not-started","","","TRUE","TRUE","Site QA","Floor Finishes","WING D","D.05 OFFICE","Subfloor, Floor Preparation, Adhesive","Subfloor mechanically diamond ground"
"f9b1f36f-4c25-45a5-ba47-cc14c4016293","","checkpoint-status","not-started","","","TRUE","TRUE","Site QA","Floor Finishes","WING D","D.05 OFFICE","Subfloor, Floor Preparation, Adhesive","Floor preparation product installed in accordance with manufacturer's instructions"
"5f524f97-0e43-57b1-b828-721182f9b0bc","","checkpoint-status","not-started","","","TRUE","TRUE","Site QA","Floor Finishes","WING D","D.05 OFFICE","Subfloor, Floor Preparation, Adhesive","Floor transitions installed as per instructions from builder"
"da03b83a-7860-4c57-8a04-3682523fb2db","","checkpoint-status","not-started","","","TRUE","TRUE","Site QA","Floor Finishes","WING D","D.05 OFFICE","Subfloor, Floor Preparation, Adhesive","Waterproof tested for falls, and water test completed by waterproofers"
"69e4b32a-e981-51da-9a46-37fbfae7250a","","checkpoint-status","not-started","","","TRUE","TRUE","Site QA","Floor Finishes","WING D","D.05 OFFICE","Subfloor, Floor Preparation, Adhesive","Correct adhesive used"
"bed98623-aa53-5d04-b6b4-79772a28d8ee","","checkpoint-group","not-started","","","FALSE","FALSE","Site QA","Floor Finishes","WING D","D.05 OFFICE","Carpet / Vinyl"
"ac5b06a9-ecf5-5f9f-997e-8a7bb2ce83e1","","checkpoint-status","not-started","","","TRUE","TRUE","Site QA","Floor Finishes","WING D","D.05 OFFICE","Carpet / Vinyl","Confirm area of work is accessible & acceptable to commence (If not comment below)"
"95241884-82f8-5258-a4cb-363c0c67d36a","","checkpoint-status","not-started","","","TRUE","TRUE","Site QA","Floor Finishes","WING D","D.05 OFFICE","Carpet / Vinyl","Vinyl installed as per plan"
"3b776586-563f-5675-9d13-4358bcd8484e","","checkpoint-status","not-started","","","TRUE","TRUE","Site QA","Floor Finishes","WING D","D.05 OFFICE","Carpet / Vinyl","Carpet installed as per plan"
"d14d168b-47b3-5265-b0f5-3a3c3d7a9378","","checkpoint-status","not-started","","","TRUE","TRUE","Site QA","Floor Finishes","WING D","D.05 OFFICE","Carpet / Vinyl","Joints sealed with heat welded seams and mitres as per AS 1884-2012"
"6125df4c-1ca1-52b6-864d-3434ca6b79a7","","checkpoint-status","not-started","","","TRUE","TRUE","Site QA","Floor Finishes","WING D","D.05 OFFICE","Carpet / Vinyl","Vinyl skirt and coving used as per finishes markup - 150mm height"
"8cb4c091-4c1c-5e69-8d3d-3fd76166231b","","checkpoint-status","not-started","","","TRUE","TRUE","Site QA","Floor Finishes","WING D","D.05 OFFICE","Carpet / Vinyl","Installer Sign Off: Carpet / Vinyl installed as per manufacturer's instructions"
"c1a64780-bd0b-5429-bcf5-4bfe4f248df1","","checkpoint-status","not-started","","","TRUE","TRUE","Site QA","Floor Finishes","WING D","D.05 OFFICE","Carpet / Vinyl","Add-Floors Sign Off"
"0de4e900-8a4f-573b-ae65-66eb4326ff8a","","checkpoint-status","not-started","","","TRUE","TRUE","Site QA","Floor Finishes","WING D","D.05 OFFICE","Carpet / Vinyl","Foreman installation sign off"
"4d340c9e-d077-589b-83af-40850475fcbd","","checkpoint-group","not-started","","","FALSE","FALSE","Site QA","Floor Finishes","WING D","D.05 OFFICE","Wall Finish"
"6dffa892-8623-532f-bcb8-c27db681d069","","checkpoint-status","not-started","","","TRUE","TRUE","Site QA","Floor Finishes","WING D","D.05 OFFICE","Wall Finish","Wall Finish installed as per plan"
"cc0794a2-ce1f-558d-b403-8bbb2f5eb75c","","checkpoint-group","not-started","","","FALSE","FALSE","Site QA","Floor Finishes","WING D","D.05 OFFICE","Protection and Handover"
"4b755a08-b270-5fbd-ab9e-5f5ad2d15060","","checkpoint-status","not-started","","","TRUE","TRUE","Site QA","Floor Finishes","WING D","D.05 OFFICE","Protection and Handover","Installation complete, checked and reviewed - as per specification"
"29b45986-5f07-5698-aead-a6d6ff891a0e","","checkpoint-status","not-started","","","TRUE","TRUE","Site QA","Floor Finishes","WING D","D.05 OFFICE","Protection and Handover","Floor protected with bubbleweave floor protection or polyweave"
"efa04748-d4e3-50fa-8bc0-9b61043f8f7f","","checkpoint-status","not-started","","","TRUE","TRUE","Site QA","Floor Finishes","WING D","D.05 OFFICE","Protection and Handover","Installer Sign Off: Protection installed as per manufacturer's instructions"
"8b3927f7-f60d-4d1d-a573-a17646d5f505","","checklist-sectioned","not-started","5a8a68d1221a9e608c282940756e19ac2c3c1dd54ffd7888cef6f74664a05c9a","checklist","FALSE","FALSE","Site QA","Floor Finishes","WING D","D.06 OFFICE"
"7697c3ac-9917-5a09-a420-f6c021b119af","","checkpoint-group","not-started","","","FALSE","FALSE","Site QA","Floor Finishes","WING D","D.06 OFFICE","Subfloor, Floor Preparation, Adhesive"
"f0c66df5-af6d-5016-afcd-4c5b0b0b0d69","","checkpoint-status","not-started","","","TRUE","TRUE","Site QA","Floor Finishes","WING D","D.06 OFFICE","Subfloor, Floor Preparation, Adhesive","Confirm area of work is accessible & acceptable to commence (If not comment below)"
"68986f87-a04b-5f4a-83cd-169557100734","","checkpoint-status","not-started","","","TRUE","TRUE","Site QA","Floor Finishes","WING D","D.06 OFFICE","Subfloor, Floor Preparation, Adhesive","Subfloor mechanically diamond ground"
"9452ab12-0dab-4fbf-9d87-54e75b618570","","checkpoint-status","not-started","","","TRUE","TRUE","Site QA","Floor Finishes","WING D","D.06 OFFICE","Subfloor, Floor Preparation, Adhesive","Floor preparation product installed in accordance with manufacturer's instructions"
"9f347f60-339c-5365-a00e-d1f02e36a6ef","","checkpoint-status","not-started","","","TRUE","TRUE","Site QA","Floor Finishes","WING D","D.06 OFFICE","Subfloor, Floor Preparation, Adhesive","Floor transitions installed as per instructions from builder"
"63319139-c1cb-4477-8805-4deaf24da7da","","checkpoint-status","not-started","","","TRUE","TRUE","Site QA","Floor Finishes","WING D","D.06 OFFICE","Subfloor, Floor Preparation, Adhesive","Waterproof tested for falls, and water test completed by waterproofers"
"913f6595-4532-5f77-b8ae-eef6c0e7ff9d","","checkpoint-status","not-started","","","TRUE","TRUE","Site QA","Floor Finishes","WING D","D.06 OFFICE","Subfloor, Floor Preparation, Adhesive","Correct adhesive used"
"4ab1841d-64f8-52ab-a7af-a3e04a796aee","","checkpoint-group","not-started","","","FALSE","FALSE","Site QA","Floor Finishes","WING D","D.06 OFFICE","Carpet / Vinyl"
"320ae4c0-d366-5de5-b4c5-6dc25c920e9c","","checkpoint-status","not-started","","","TRUE","TRUE","Site QA","Floor Finishes","WING D","D.06 OFFICE","Carpet / Vinyl","Confirm area of work is accessible & acceptable to commence (If not comment below)"
"2e612a3c-837b-50f9-b1ba-941d0bb1f402","","checkpoint-status","not-started","","","TRUE","TRUE","Site QA","Floor Finishes","WING D","D.06 OFFICE","Carpet / Vinyl","Vinyl installed as per plan"
"93a661a1-5434-5893-b2ea-90df82275afe","","checkpoint-status","not-started","","","TRUE","TRUE","Site QA","Floor Finishes","WING D","D.06 OFFICE","Carpet / Vinyl","Carpet installed as per plan"
"0dc9ebd6-7a77-5b52-ad9d-4cb65127ba9d","","checkpoint-status","not-started","","","TRUE","TRUE","Site QA","Floor Finishes","WING D","D.06 OFFICE","Carpet / Vinyl","Joints sealed with heat welded seams and mitres as per AS 1884-2012"
"885be792-80c9-57b6-b4c5-521a6dbd8b6a","","checkpoint-status","not-started","","","TRUE","TRUE","Site QA","Floor Finishes","WING D","D.06 OFFICE","Carpet / Vinyl","Vinyl skirt and coving used as per finishes markup - 150mm height"
"558dabc1-a249-514d-bf97-a964f6cabc2e","","checkpoint-status","not-started","","","TRUE","TRUE","Site QA","Floor Finishes","WING D","D.06 OFFICE","Carpet / Vinyl","Installer Sign Off: Carpet / Vinyl installed as per manufacturer's instructions"
"06341af5-2e42-5d90-bbbb-b88aac769977","","checkpoint-status","not-started","","","TRUE","TRUE","Site QA","Floor Finishes","WING D","D.06 OFFICE","Carpet / Vinyl","Add-Floors Sign Off"
"ebbe3279-9b1e-5b1a-97e9-c99c15970942","","checkpoint-status","not-started","","","TRUE","TRUE","Site QA","Floor Finishes","WING D","D.06 OFFICE","Carpet / Vinyl","Foreman installation sign off"
"d990f656-758b-5b4e-bd4c-a5813663e9b5","","checkpoint-group","not-started","","","FALSE","FALSE","Site QA","Floor Finishes","WING D","D.06 OFFICE","Wall Finish"
"c56f8ddc-81ae-52fe-afad-24d30699772a","","checkpoint-status","not-started","","","TRUE","TRUE","Site QA","Floor Finishes","WING D","D.06 OFFICE","Wall Finish","Wall Finish installed as per plan"
"1ba91a38-8d17-528d-b91b-087686bb46b5","","checkpoint-group","not-started","","","FALSE","FALSE","Site QA","Floor Finishes","WING D","D.06 OFFICE","Protection and Handover"
"2cf30f4e-d8e7-515d-aca5-0fe3d92deaa1","","checkpoint-status","not-started","","","TRUE","TRUE","Site QA","Floor Finishes","WING D","D.06 OFFICE","Protection and Handover","Installation complete, checked and reviewed - as per specification"
"d4a7bec0-e13d-5047-a72f-02504c7d3316","","checkpoint-status","not-started","","","TRUE","TRUE","Site QA","Floor Finishes","WING D","D.06 OFFICE","Protection and Handover","Floor protected with bubbleweave floor protection or polyweave"
"37f997e2-f5a8-5ecb-9e09-9a2b056dfd69","","checkpoint-status","not-started","","","TRUE","TRUE","Site QA","Floor Finishes","WING D","D.06 OFFICE","Protection and Handover","Installer Sign Off: Protection installed as per manufacturer's instructions"
"c5d5ed8e-e51b-48ef-9f80-2744ea7632a8","","checklist-sectioned","not-started","5a8a68d1221a9e608c282940756e19ac2c3c1dd54ffd7888cef6f74664a05c9a","checklist","FALSE","FALSE","Site QA","Floor Finishes","WING D","D.07 STAFF ENTRY"
"b6b0daa7-578a-5686-89a4-c0dbaf4688ca","","checkpoint-group","not-started","","","FALSE","FALSE","Site QA","Floor Finishes","WING D","D.07 STAFF ENTRY","Subfloor, Floor Preparation, Adhesive"
"d439001e-b00a-58e6-91ab-2f44d22e78ef","","checkpoint-status","not-started","","","TRUE","TRUE","Site QA","Floor Finishes","WING D","D.07 STAFF ENTRY","Subfloor, Floor Preparation, Adhesive","Confirm area of work is accessible & acceptable to commence (If not comment below)"
"8292dff6-94f2-53f2-9db6-505ad8adf0c1","","checkpoint-status","not-started","","","TRUE","TRUE","Site QA","Floor Finishes","WING D","D.07 STAFF ENTRY","Subfloor, Floor Preparation, Adhesive","Subfloor mechanically diamond ground"
"19f24e46-de1e-425a-b4a3-7f28e6cee7c5","","checkpoint-status","not-started","","","TRUE","TRUE","Site QA","Floor Finishes","WING D","D.07 STAFF ENTRY","Subfloor, Floor Preparation, Adhesive","Floor preparation product installed in accordance with manufacturer's instructions"
"5dbf9f3f-ed29-5bd9-a940-592bfeb85926","","checkpoint-status","not-started","","","TRUE","TRUE","Site QA","Floor Finishes","WING D","D.07 STAFF ENTRY","Subfloor, Floor Preparation, Adhesive","Floor transitions installed as per instructions from builder"
"80932cb2-6a09-44b3-a0e0-455c4588bf4b","","checkpoint-status","not-started","","","TRUE","TRUE","Site QA","Floor Finishes","WING D","D.07 STAFF ENTRY","Subfloor, Floor Preparation, Adhesive","Waterproof tested for falls, and water test completed by waterproofers"
"d851fc8b-2af8-5f8d-9886-3e49a8ebce30","","checkpoint-status","not-started","","","TRUE","TRUE","Site QA","Floor Finishes","WING D","D.07 STAFF ENTRY","Subfloor, Floor Preparation, Adhesive","Correct adhesive used"
"d1774dbb-fe25-5f76-9311-3cf3d953410f","","checkpoint-group","not-started","","","FALSE","FALSE","Site QA","Floor Finishes","WING D","D.07 STAFF ENTRY","Carpet / Vinyl"
"cc95f3b8-0ff4-5ffe-8201-cbfba5565fdc","","checkpoint-status","not-started","","","TRUE","TRUE","Site QA","Floor Finishes","WING D","D.07 STAFF ENTRY","Carpet / Vinyl","Confirm area of work is accessible & acceptable to commence (If not comment below)"
"9d83fd6b-7917-508e-bdc2-ef8871d8a87e","","checkpoint-status","not-started","","","TRUE","TRUE","Site QA","Floor Finishes","WING D","D.07 STAFF ENTRY","Carpet / Vinyl","Vinyl installed as per plan"
"1051384b-2fde-5149-a1b5-51bea4a24ff6","","checkpoint-status","not-started","","","TRUE","TRUE","Site QA","Floor Finishes","WING D","D.07 STAFF ENTRY","Carpet / Vinyl","Carpet installed as per plan"
"beb5f34f-a890-5771-8262-5583d41430ba","","checkpoint-status","not-started","","","TRUE","TRUE","Site QA","Floor Finishes","WING D","D.07 STAFF ENTRY","Carpet / Vinyl","Joints sealed with heat welded seams and mitres as per AS 1884-2012"
"1cff74e3-6961-5b7f-9fa2-40c6cdb34f5a","","checkpoint-status","not-started","","","TRUE","TRUE","Site QA","Floor Finishes","WING D","D.07 STAFF ENTRY","Carpet / Vinyl","Vinyl skirt and coving used as per finishes markup - 150mm height"
"c4258e59-6619-5ca7-9c1a-c2129273eece","","checkpoint-status","not-started","","","TRUE","TRUE","Site QA","Floor Finishes","WING D","D.07 STAFF ENTRY","Carpet / Vinyl","Installer Sign Off: Carpet / Vinyl installed as per manufacturer's instructions"
"d69b214b-1940-553e-bf17-4a8d6409a4eb","","checkpoint-status","not-started","","","TRUE","TRUE","Site QA","Floor Finishes","WING D","D.07 STAFF ENTRY","Carpet / Vinyl","Add-Floors Sign Off"
"42628093-e611-54d5-adfe-68f85d930969","","checkpoint-status","not-started","","","TRUE","TRUE","Site QA","Floor Finishes","WING D","D.07 STAFF ENTRY","Carpet / Vinyl","Foreman installation sign off"
"f57ef05c-99b0-54da-ac9d-e0d56c1b2f2b","","checkpoint-group","not-started","","","FALSE","FALSE","Site QA","Floor Finishes","WING D","D.07 STAFF ENTRY","Wall Finish"
"97477d5b-9866-534d-8eda-b49214a86aa5","","checkpoint-status","not-started","","","TRUE","TRUE","Site QA","Floor Finishes","WING D","D.07 STAFF ENTRY","Wall Finish","Wall Finish installed as per plan"
"7655cff9-846a-55ff-a31a-4bb539f78710","","checkpoint-group","not-started","","","FALSE","FALSE","Site QA","Floor Finishes","WING D","D.07 STAFF ENTRY","Protection and Handover"
"665f45af-a05c-594f-af8b-164948f29662","","checkpoint-status","not-started","","","TRUE","TRUE","Site QA","Floor Finishes","WING D","D.07 STAFF ENTRY","Protection and Handover","Installation complete, checked and reviewed - as per specification"
"b09ae41f-a78b-5f6a-a796-5e006359db54","","checkpoint-status","not-started","","","TRUE","TRUE","Site QA","Floor Finishes","WING D","D.07 STAFF ENTRY","Protection and Handover","Floor protected with bubbleweave floor protection or polyweave"
"a792454c-8238-5f27-b782-c4780b9487b6","","checkpoint-status","not-started","","","TRUE","TRUE","Site QA","Floor Finishes","WING D","D.07 STAFF ENTRY","Protection and Handover","Installer Sign Off: Protection installed as per manufacturer's instructions"
"606b279c-c6b0-4ef1-8298-7edd5ccda42f","","checklist-sectioned","not-started","5a8a68d1221a9e608c282940756e19ac2c3c1dd54ffd7888cef6f74664a05c9a","checklist","FALSE","FALSE","Site QA","Floor Finishes","WING D","D.08 FEMALE WC"
"5f2c1c0b-72a9-56d5-9269-553ba58afb53","","checkpoint-group","not-started","","","FALSE","FALSE","Site QA","Floor Finishes","WING D","D.08 FEMALE WC","Subfloor, Floor Preparation, Adhesive"
"dc2215b4-57b5-5a6b-87a2-0e4ec9a54271","","checkpoint-status","not-started","","","TRUE","TRUE","Site QA","Floor Finishes","WING D","D.08 FEMALE WC","Subfloor, Floor Preparation, Adhesive","Confirm area of work is accessible & acceptable to commence (If not comment below)"
"5c7f15b0-71a9-501b-bdff-ab8363fccba3","","checkpoint-status","not-started","","","TRUE","TRUE","Site QA","Floor Finishes","WING D","D.08 FEMALE WC","Subfloor, Floor Preparation, Adhesive","Subfloor mechanically diamond ground"
"f5f7da8c-ef92-4922-b0df-e6e9e2742ee0","","checkpoint-status","not-started","","","TRUE","TRUE","Site QA","Floor Finishes","WING D","D.08 FEMALE WC","Subfloor, Floor Preparation, Adhesive","Floor preparation product installed in accordance with manufacturer's instructions"
"38ea1cc5-f336-5455-a892-3fcb0c1ae70e","","checkpoint-status","not-started","","","TRUE","TRUE","Site QA","Floor Finishes","WING D","D.08 FEMALE WC","Subfloor, Floor Preparation, Adhesive","Floor transitions installed as per instructions from builder"
"b07452b6-3525-49db-b765-0eb9dd8bf8c0","","checkpoint-status","not-started","","","TRUE","TRUE","Site QA","Floor Finishes","WING D","D.08 FEMALE WC","Subfloor, Floor Preparation, Adhesive","Waterproof tested for falls, and water test completed by waterproofers"
"28ac4045-446d-5815-ab74-d11093dde086","","checkpoint-status","not-started","","","TRUE","TRUE","Site QA","Floor Finishes","WING D","D.08 FEMALE WC","Subfloor, Floor Preparation, Adhesive","Correct adhesive used"
"b476690f-4fcb-5cc9-91e2-9d6f0f412522","","checkpoint-group","not-started","","","FALSE","FALSE","Site QA","Floor Finishes","WING D","D.08 FEMALE WC","Carpet / Vinyl"
"bfb7f0f2-4951-5694-b3f0-65f27ef61b3a","","checkpoint-status","not-started","","","TRUE","TRUE","Site QA","Floor Finishes","WING D","D.08 FEMALE WC","Carpet / Vinyl","Confirm area of work is accessible & acceptable to commence (If not comment below)"
"1d7ca9af-d7e1-5376-9eec-9ba3014e4d59","","checkpoint-status","not-started","","","TRUE","TRUE","Site QA","Floor Finishes","WING D","D.08 FEMALE WC","Carpet / Vinyl","Vinyl installed as per plan"
"adb3eb3c-8247-5256-800f-1f1960871dc0","","checkpoint-status","not-started","","","TRUE","TRUE","Site QA","Floor Finishes","WING D","D.08 FEMALE WC","Carpet / Vinyl","Carpet installed as per plan"
"e50667f6-9489-5201-b087-710f146915cb","","checkpoint-status","not-started","","","TRUE","TRUE","Site QA","Floor Finishes","WING D","D.08 FEMALE WC","Carpet / Vinyl","Joints sealed with heat welded seams and mitres as per AS 1884-2012"
"db90cd12-050f-51b3-a3a0-8f445bb93948","","checkpoint-status","not-started","","","TRUE","TRUE","Site QA","Floor Finishes","WING D","D.08 FEMALE WC","Carpet / Vinyl","Vinyl skirt and coving used as per finishes markup - 150mm height"
"51834c30-d3ba-5e7f-b447-3b78761f72de","","checkpoint-status","not-started","","","TRUE","TRUE","Site QA","Floor Finishes","WING D","D.08 FEMALE WC","Carpet / Vinyl","Installer Sign Off: Carpet / Vinyl installed as per manufacturer's instructions"
"520c387f-12a4-5dee-b96a-30c2582056a0","","checkpoint-status","not-started","","","TRUE","TRUE","Site QA","Floor Finishes","WING D","D.08 FEMALE WC","Carpet / Vinyl","Add-Floors Sign Off"
"b2aa4890-0bf8-5428-99eb-5cb02dc8b274","","checkpoint-status","not-started","","","TRUE","TRUE","Site QA","Floor Finishes","WING D","D.08 FEMALE WC","Carpet / Vinyl","Foreman installation sign off"
"06e07af1-e9ce-536c-ac1c-4766a7bbf886","","checkpoint-group","not-started","","","FALSE","FALSE","Site QA","Floor Finishes","WING D","D.08 FEMALE WC","Wall Finish"
"506e0b5e-fc38-557a-99cc-18a5566ab74c","","checkpoint-status","not-started","","","TRUE","TRUE","Site QA","Floor Finishes","WING D","D.08 FEMALE WC","Wall Finish","Wall Finish installed as per plan"
"ecfbec82-9845-5d65-8b67-592467b3f454","","checkpoint-group","not-started","","","FALSE","FALSE","Site QA","Floor Finishes","WING D","D.08 FEMALE WC","Protection and Handover"
"47561889-8f99-5d5f-9598-1b2af1bb4152","","checkpoint-status","not-started","","","TRUE","TRUE","Site QA","Floor Finishes","WING D","D.08 FEMALE WC","Protection and Handover","Installation complete, checked and reviewed - as per specification"
"4065dd38-1215-50a7-9f90-6dff7b524705","","checkpoint-status","not-started","","","TRUE","TRUE","Site QA","Floor Finishes","WING D","D.08 FEMALE WC","Protection and Handover","Floor protected with bubbleweave floor protection or polyweave"
"5c93d91d-bbdc-5d2a-8c8f-cdbc532b07dc","","checkpoint-status","not-started","","","TRUE","TRUE","Site QA","Floor Finishes","WING D","D.08 FEMALE WC","Protection and Handover","Installer Sign Off: Protection installed as per manufacturer's instructions"
"a4a857e6-d9d4-4c17-9a0f-c54d5cb37ee7","","checklist-sectioned","not-started","5a8a68d1221a9e608c282940756e19ac2c3c1dd54ffd7888cef6f74664a05c9a","checklist","FALSE","FALSE","Site QA","Floor Finishes","WING D","D.09 MALE WC"
"17d03641-1d6c-53d9-a072-b6622ebd40a7","","checkpoint-group","not-started","","","FALSE","FALSE","Site QA","Floor Finishes","WING D","D.09 MALE WC","Subfloor, Floor Preparation, Adhesive"
"453534fd-417b-528e-ba9d-f9cabd55e879","","checkpoint-status","not-started","","","TRUE","TRUE","Site QA","Floor Finishes","WING D","D.09 MALE WC","Subfloor, Floor Preparation, Adhesive","Confirm area of work is accessible & acceptable to commence (If not comment below)"
"6e5101fa-33cd-5704-aad9-70b1b9ca3106","","checkpoint-status","not-started","","","TRUE","TRUE","Site QA","Floor Finishes","WING D","D.09 MALE WC","Subfloor, Floor Preparation, Adhesive","Subfloor mechanically diamond ground"
"9587d53e-82c0-4169-b3ba-e6e7bbcc2bc2","","checkpoint-status","not-started","","","TRUE","TRUE","Site QA","Floor Finishes","WING D","D.09 MALE WC","Subfloor, Floor Preparation, Adhesive","Floor preparation product installed in accordance with manufacturer's instructions"
"a9d73ee5-7ae2-5268-85da-bef52f1b7ff1","","checkpoint-status","not-started","","","TRUE","TRUE","Site QA","Floor Finishes","WING D","D.09 MALE WC","Subfloor, Floor Preparation, Adhesive","Floor transitions installed as per instructions from builder"
"469c0d6d-8bfc-4d70-b0d6-394c1a38f11c","","checkpoint-status","not-started","","","TRUE","TRUE","Site QA","Floor Finishes","WING D","D.09 MALE WC","Subfloor, Floor Preparation, Adhesive","Waterproof tested for falls, and water test completed by waterproofers"
"180fb959-d794-5990-8b94-2472ec63555e","","checkpoint-status","not-started","","","TRUE","TRUE","Site QA","Floor Finishes","WING D","D.09 MALE WC","Subfloor, Floor Preparation, Adhesive","Correct adhesive used"
"b31e5758-1cf2-5f9e-8f46-77dc14aefb96","","checkpoint-group","not-started","","","FALSE","FALSE","Site QA","Floor Finishes","WING D","D.09 MALE WC","Carpet / Vinyl"
"8844f31c-dcd2-5af5-99f0-85f85ff08d17","","checkpoint-status","not-started","","","TRUE","TRUE","Site QA","Floor Finishes","WING D","D.09 MALE WC","Carpet / Vinyl","Confirm area of work is accessible & acceptable to commence (If not comment below)"
"0fb8ceea-b985-5862-9041-e83291f600da","","checkpoint-status","not-started","","","TRUE","TRUE","Site QA","Floor Finishes","WING D","D.09 MALE WC","Carpet / Vinyl","Vinyl installed as per plan"
"32640151-9cc7-5516-92df-a9d249519691","","checkpoint-status","not-started","","","TRUE","TRUE","Site QA","Floor Finishes","WING D","D.09 MALE WC","Carpet / Vinyl","Carpet installed as per plan"
"731746fd-4c2f-5673-a974-be419ab53c4c","","checkpoint-status","not-started","","","TRUE","TRUE","Site QA","Floor Finishes","WING D","D.09 MALE WC","Carpet / Vinyl","Joints sealed with heat welded seams and mitres as per AS 1884-2012"
"dd74151c-0264-52c3-862a-aa047e1a004a","","checkpoint-status","not-started","","","TRUE","TRUE","Site QA","Floor Finishes","WING D","D.09 MALE WC","Carpet / Vinyl","Vinyl skirt and coving used as per finishes markup - 150mm height"
"08c8d2cb-f049-5f10-be4a-b107dbea412d","","checkpoint-status","not-started","","","TRUE","TRUE","Site QA","Floor Finishes","WING D","D.09 MALE WC","Carpet / Vinyl","Installer Sign Off: Carpet / Vinyl installed as per manufacturer's instructions"
"d7821d69-1c9f-593e-97c5-43b4aa2caab7","","checkpoint-status","not-started","","","TRUE","TRUE","Site QA","Floor Finishes","WING D","D.09 MALE WC","Carpet / Vinyl","Add-Floors Sign Off"
"0a1ace44-046d-587f-89a8-706c00eda897","","checkpoint-status","not-started","","","TRUE","TRUE","Site QA","Floor Finishes","WING D","D.09 MALE WC","Carpet / Vinyl","Foreman installation sign off"
"f3579512-961d-5ded-8721-89178ba09758","","checkpoint-group","not-started","","","FALSE","FALSE","Site QA","Floor Finishes","WING D","D.09 MALE WC","Wall Finish"
"a5066be6-e2e8-54c9-9691-d9702b9b56b2","","checkpoint-status","not-started","","","TRUE","TRUE","Site QA","Floor Finishes","WING D","D.09 MALE WC","Wall Finish","Wall Finish installed as per plan"
"946f465f-a45b-5303-b822-08764a37d4a8","","checkpoint-group","not-started","","","FALSE","FALSE","Site QA","Floor Finishes","WING D","D.09 MALE WC","Protection and Handover"
"37775b0b-863b-568f-a935-6c5f440dd4db","","checkpoint-status","not-started","","","TRUE","TRUE","Site QA","Floor Finishes","WING D","D.09 MALE WC","Protection and Handover","Installation complete, checked and reviewed - as per specification"
"144c061e-69e5-59cc-9749-cacc29a139b3","","checkpoint-status","not-started","","","TRUE","TRUE","Site QA","Floor Finishes","WING D","D.09 MALE WC","Protection and Handover","Floor protected with bubbleweave floor protection or polyweave"
"bdec4573-109a-571c-85c0-3854c4fde7a7","","checkpoint-status","not-started","","","TRUE","TRUE","Site QA","Floor Finishes","WING D","D.09 MALE WC","Protection and Handover","Installer Sign Off: Protection installed as per manufacturer's instructions"
"695f8d46-46bd-44f6-9850-d783b314d889","","checklist-sectioned","not-started","5a8a68d1221a9e608c282940756e19ac2c3c1dd54ffd7888cef6f74664a05c9a","checklist","FALSE","FALSE","Site QA","Floor Finishes","WING D","D.10 ACC WC"
"d700c55f-b752-5b54-9595-8c43847f7b60","","checkpoint-group","not-started","","","FALSE","FALSE","Site QA","Floor Finishes","WING D","D.10 ACC WC","Subfloor, Floor Preparation, Adhesive"
"ca044a49-e3c0-508c-98b0-2c9584a5c76b","","checkpoint-status","not-started","","","TRUE","TRUE","Site QA","Floor Finishes","WING D","D.10 ACC WC","Subfloor, Floor Preparation, Adhesive","Confirm area of work is accessible & acceptable to commence (If not comment below)"
"d4a1c086-5283-5543-afda-3e5b4d3e03f1","","checkpoint-status","not-started","","","TRUE","TRUE","Site QA","Floor Finishes","WING D","D.10 ACC WC","Subfloor, Floor Preparation, Adhesive","Subfloor mechanically diamond ground"
"423ae796-7563-4d4c-8384-903c679752cd","","checkpoint-status","not-started","","","TRUE","TRUE","Site QA","Floor Finishes","WING D","D.10 ACC WC","Subfloor, Floor Preparation, Adhesive","Floor preparation product installed in accordance with manufacturer's instructions"
"3a068b89-1ea8-5194-a110-2993c60df365","","checkpoint-status","not-started","","","TRUE","TRUE","Site QA","Floor Finishes","WING D","D.10 ACC WC","Subfloor, Floor Preparation, Adhesive","Floor transitions installed as per instructions from builder"
"479964a9-cc4c-434e-aac9-2f96f83f1fae","","checkpoint-status","not-started","","","TRUE","TRUE","Site QA","Floor Finishes","WING D","D.10 ACC WC","Subfloor, Floor Preparation, Adhesive","Waterproof tested for falls, and water test completed by waterproofers"
"2c085fbc-b8a5-5ebd-b9de-e0b110ad6f49","","checkpoint-status","not-started","","","TRUE","TRUE","Site QA","Floor Finishes","WING D","D.10 ACC WC","Subfloor, Floor Preparation, Adhesive","Correct adhesive used"
"9850f856-3d55-561d-afd1-4d05749b3fc5","","checkpoint-group","not-started","","","FALSE","FALSE","Site QA","Floor Finishes","WING D","D.10 ACC WC","Carpet / Vinyl"
"1378e747-2755-57bb-af43-10b626cd05b3","","checkpoint-status","not-started","","","TRUE","TRUE","Site QA","Floor Finishes","WING D","D.10 ACC WC","Carpet / Vinyl","Confirm area of work is accessible & acceptable to commence (If not comment below)"
"6d0cb0da-4765-510f-bfb9-a63ab1c24174","","checkpoint-status","not-started","","","TRUE","TRUE","Site QA","Floor Finishes","WING D","D.10 ACC WC","Carpet / Vinyl","Vinyl installed as per plan"
"4bbcd560-8abe-5a66-949a-0c6313f2be0f","","checkpoint-status","not-started","","","TRUE","TRUE","Site QA","Floor Finishes","WING D","D.10 ACC WC","Carpet / Vinyl","Carpet installed as per plan"
"7720d562-4e87-5bf6-85f7-c9ea90cdc892","","checkpoint-status","not-started","","","TRUE","TRUE","Site QA","Floor Finishes","WING D","D.10 ACC WC","Carpet / Vinyl","Joints sealed with heat welded seams and mitres as per AS 1884-2012"
"98bb9c7d-d99f-5b84-bcaf-fe473d621734","","checkpoint-status","not-started","","","TRUE","TRUE","Site QA","Floor Finishes","WING D","D.10 ACC WC","Carpet / Vinyl","Vinyl skirt and coving used as per finishes markup - 150mm height"
"41587e7c-5c56-5c05-a27d-6b01444707bc","","checkpoint-status","not-started","","","TRUE","TRUE","Site QA","Floor Finishes","WING D","D.10 ACC WC","Carpet / Vinyl","Installer Sign Off: Carpet / Vinyl installed as per manufacturer's instructions"
"60613f70-805d-5f8b-9a06-0a8e09832172","","checkpoint-status","not-started","","","TRUE","TRUE","Site QA","Floor Finishes","WING D","D.10 ACC WC","Carpet / Vinyl","Add-Floors Sign Off"
"1dab7128-cbde-5207-89ab-0436b888ef7c","","checkpoint-status","not-started","","","TRUE","TRUE","Site QA","Floor Finishes","WING D","D.10 ACC WC","Carpet / Vinyl","Foreman installation sign off"
"32e37448-b421-53ec-870f-fecb3e9689de","","checkpoint-group","not-started","","","FALSE","FALSE","Site QA","Floor Finishes","WING D","D.10 ACC WC","Wall Finish"
"dd0622b0-feb3-5c60-b356-4060b7ef5a3d","","checkpoint-status","not-started","","","TRUE","TRUE","Site QA","Floor Finishes","WING D","D.10 ACC WC","Wall Finish","Wall Finish installed as per plan"
"d3909bac-a7f5-5c42-9a71-69814f0bee38","","checkpoint-group","not-started","","","FALSE","FALSE","Site QA","Floor Finishes","WING D","D.10 ACC WC","Protection and Handover"
"459dfe58-e9d6-528f-846f-ad1e91aa654f","","checkpoint-status","not-started","","","TRUE","TRUE","Site QA","Floor Finishes","WING D","D.10 ACC WC","Protection and Handover","Installation complete, checked and reviewed - as per specification"
"5822c48c-6576-5d1c-a19d-9ce2904425e8","","checkpoint-status","not-started","","","TRUE","TRUE","Site QA","Floor Finishes","WING D","D.10 ACC WC","Protection and Handover","Floor protected with bubbleweave floor protection or polyweave"
"7db32205-46b9-5114-9feb-93ef5d244391","","checkpoint-status","not-started","","","TRUE","TRUE","Site QA","Floor Finishes","WING D","D.10 ACC WC","Protection and Handover","Installer Sign Off: Protection installed as per manufacturer's instructions"
"7483f78d-1644-4ba1-8030-71b2d233d2dd","","checklist-sectioned","not-started","5a8a68d1221a9e608c282940756e19ac2c3c1dd54ffd7888cef6f74664a05c9a","checklist","FALSE","FALSE","Site QA","Floor Finishes","WING D","D.11 STAFF"
"4969e226-d23a-5d19-a4b6-ea1654d407ae","","checkpoint-group","not-started","","","FALSE","FALSE","Site QA","Floor Finishes","WING D","D.11 STAFF","Subfloor, Floor Preparation, Adhesive"
"a2676a9c-f12b-5bc1-9be4-e737ebaeb661","","checkpoint-status","not-started","","","TRUE","TRUE","Site QA","Floor Finishes","WING D","D.11 STAFF","Subfloor, Floor Preparation, Adhesive","Confirm area of work is accessible & acceptable to commence (If not comment below)"
"614a8522-653b-548c-bd22-f34e697eccb3","","checkpoint-status","not-started","","","TRUE","TRUE","Site QA","Floor Finishes","WING D","D.11 STAFF","Subfloor, Floor Preparation, Adhesive","Subfloor mechanically diamond ground"
"0f0cda0d-097b-4a5f-9d91-897e8bc35714","","checkpoint-status","not-started","","","TRUE","TRUE","Site QA","Floor Finishes","WING D","D.11 STAFF","Subfloor, Floor Preparation, Adhesive","Floor preparation product installed in accordance with manufacturer's instructions"
"475b8c19-633a-5e29-8fde-2523ff62ceea","","checkpoint-status","not-started","","","TRUE","TRUE","Site QA","Floor Finishes","WING D","D.11 STAFF","Subfloor, Floor Preparation, Adhesive","Floor transitions installed as per instructions from builder"
"766444a5-b8f3-48be-b2ae-9addb65db9dc","","checkpoint-status","not-started","","","TRUE","TRUE","Site QA","Floor Finishes","WING D","D.11 STAFF","Subfloor, Floor Preparation, Adhesive","Waterproof tested for falls, and water test completed by waterproofers"
"0c794c4a-aa4b-57fa-8f65-4c2530ef6bfb","","checkpoint-status","not-started","","","TRUE","TRUE","Site QA","Floor Finishes","WING D","D.11 STAFF","Subfloor, Floor Preparation, Adhesive","Correct adhesive used"
"9a666be0-2eb8-5bb3-b60c-962725e4cf1e","","checkpoint-group","not-started","","","FALSE","FALSE","Site QA","Floor Finishes","WING D","D.11 STAFF","Carpet / Vinyl"
"aa0797cd-7f8e-5e4f-98f9-e69e7943fc23","","checkpoint-status","not-started","","","TRUE","TRUE","Site QA","Floor Finishes","WING D","D.11 STAFF","Carpet / Vinyl","Confirm area of work is accessible & acceptable to commence (If not comment below)"
"b21468b7-fd19-505b-94e8-388170990a4d","","checkpoint-status","not-started","","","TRUE","TRUE","Site QA","Floor Finishes","WING D","D.11 STAFF","Carpet / Vinyl","Vinyl installed as per plan"
"62221fb6-bba4-56da-aab9-ed0721e7c489","","checkpoint-status","not-started","","","TRUE","TRUE","Site QA","Floor Finishes","WING D","D.11 STAFF","Carpet / Vinyl","Carpet installed as per plan"
"c5ce089d-c565-5a4a-8fa8-c8c27cb32ba4","","checkpoint-status","not-started","","","TRUE","TRUE","Site QA","Floor Finishes","WING D","D.11 STAFF","Carpet / Vinyl","Joints sealed with heat welded seams and mitres as per AS 1884-2012"
"c980049f-35b2-5c55-854a-dbd56e62d5d2","","checkpoint-status","not-started","","","TRUE","TRUE","Site QA","Floor Finishes","WING D","D.11 STAFF","Carpet / Vinyl","Vinyl skirt and coving used as per finishes markup - 150mm height"
"98712b37-2b9b-5c2c-954b-a519eb2dc03f","","checkpoint-status","not-started","","","TRUE","TRUE","Site QA","Floor Finishes","WING D","D.11 STAFF","Carpet / Vinyl","Installer Sign Off: Carpet / Vinyl installed as per manufacturer's instructions"
"07bc4781-bb14-5ffb-9cfb-a4e114c52682","","checkpoint-status","not-started","","","TRUE","TRUE","Site QA","Floor Finishes","WING D","D.11 STAFF","Carpet / Vinyl","Add-Floors Sign Off"
"020defa9-049c-5639-94b3-5df96ad84c85","","checkpoint-status","not-started","","","TRUE","TRUE","Site QA","Floor Finishes","WING D","D.11 STAFF","Carpet / Vinyl","Foreman installation sign off"
"7aa63674-97de-53fa-81b5-1c305baa2cb5","","checkpoint-group","not-started","","","FALSE","FALSE","Site QA","Floor Finishes","WING D","D.11 STAFF","Wall Finish"
"19e8dcab-8913-5478-b006-6895c24393ea","","checkpoint-status","not-started","","","TRUE","TRUE","Site QA","Floor Finishes","WING D","D.11 STAFF","Wall Finish","Wall Finish installed as per plan"
"c17daaee-0098-5b93-8e4f-27ec67bca702","","checkpoint-group","not-started","","","FALSE","FALSE","Site QA","Floor Finishes","WING D","D.11 STAFF","Protection and Handover"
"140605b5-8786-58b8-b643-12345d7cfd19","","checkpoint-status","not-started","","","TRUE","TRUE","Site QA","Floor Finishes","WING D","D.11 STAFF","Protection and Handover","Installation complete, checked and reviewed - as per specification"
"ffc3819b-ef33-5d77-9545-f3fb72d5a6c9","","checkpoint-status","not-started","","","TRUE","TRUE","Site QA","Floor Finishes","WING D","D.11 STAFF","Protection and Handover","Floor protected with bubbleweave floor protection or polyweave"
"d27efb4a-fa55-5619-a27c-96d3c1af8637","","checkpoint-status","not-started","","","TRUE","TRUE","Site QA","Floor Finishes","WING D","D.11 STAFF","Protection and Handover","Installer Sign Off: Protection installed as per manufacturer's instructions"
"63e6c85e-0b77-4e9a-9448-e56bba00fbac","","checklist-sectioned","not-started","5a8a68d1221a9e608c282940756e19ac2c3c1dd54ffd7888cef6f74664a05c9a","checklist","FALSE","FALSE","Site QA","Floor Finishes","WING D","D.12 STAFF TESTING"
"8910cbde-a884-5de4-91e1-266b8ad8cd97","","checkpoint-group","not-started","","","FALSE","FALSE","Site QA","Floor Finishes","WING D","D.12 STAFF TESTING","Subfloor, Floor Preparation, Adhesive"
"db4b0177-1fb6-5fac-b9b4-8efe7c2fb28d","","checkpoint-status","not-started","","","TRUE","TRUE","Site QA","Floor Finishes","WING D","D.12 STAFF TESTING","Subfloor, Floor Preparation, Adhesive","Confirm area of work is accessible & acceptable to commence (If not comment below)"
"0c40faac-72d3-53c7-ad65-fd06b24c2254","","checkpoint-status","not-started","","","TRUE","TRUE","Site QA","Floor Finishes","WING D","D.12 STAFF TESTING","Subfloor, Floor Preparation, Adhesive","Subfloor mechanically diamond ground"
"3e90b9e1-9ec6-4c3e-8051-7f62615d3bf9","","checkpoint-status","not-started","","","TRUE","TRUE","Site QA","Floor Finishes","WING D","D.12 STAFF TESTING","Subfloor, Floor Preparation, Adhesive","Floor preparation product installed in accordance with manufacturer's instructions"
"cedb2012-75d6-55c6-9d2a-cf707eef6429","","checkpoint-status","not-started","","","TRUE","TRUE","Site QA","Floor Finishes","WING D","D.12 STAFF TESTING","Subfloor, Floor Preparation, Adhesive","Floor transitions installed as per instructions from builder"
"c374ebcb-0400-45d0-91d6-698a38c9f2df","","checkpoint-status","not-started","","","TRUE","TRUE","Site QA","Floor Finishes","WING D","D.12 STAFF TESTING","Subfloor, Floor Preparation, Adhesive","Waterproof tested for falls, and water test completed by waterproofers"
"97856e44-1c81-51a0-a2a5-f422ae267cd2","","checkpoint-status","not-started","","","TRUE","TRUE","Site QA","Floor Finishes","WING D","D.12 STAFF TESTING","Subfloor, Floor Preparation, Adhesive","Correct adhesive used"
"c62ab04c-a3dc-538a-a518-1cadad447f34","","checkpoint-group","not-started","","","FALSE","FALSE","Site QA","Floor Finishes","WING D","D.12 STAFF TESTING","Carpet / Vinyl"
"bbce04c3-bc93-5637-869a-004be40a7abf","","checkpoint-status","not-started","","","TRUE","TRUE","Site QA","Floor Finishes","WING D","D.12 STAFF TESTING","Carpet / Vinyl","Confirm area of work is accessible & acceptable to commence (If not comment below)"
"86ef8b07-4414-51d3-aa41-a168426449fc","","checkpoint-status","not-started","","","TRUE","TRUE","Site QA","Floor Finishes","WING D","D.12 STAFF TESTING","Carpet / Vinyl","Vinyl installed as per plan"
"be847090-c3bf-537f-9f45-2811d11831a4","","checkpoint-status","not-started","","","TRUE","TRUE","Site QA","Floor Finishes","WING D","D.12 STAFF TESTING","Carpet / Vinyl","Carpet installed as per plan"
"4e94ea20-1423-5a52-a20e-8cfcd43c1e1c","","checkpoint-status","not-started","","","TRUE","TRUE","Site QA","Floor Finishes","WING D","D.12 STAFF TESTING","Carpet / Vinyl","Joints sealed with heat welded seams and mitres as per AS 1884-2012"
"556a3154-acfe-5ac6-ae00-2f1f3ab8607e","","checkpoint-status","not-started","","","TRUE","TRUE","Site QA","Floor Finishes","WING D","D.12 STAFF TESTING","Carpet / Vinyl","Vinyl skirt and coving used as per finishes markup - 150mm height"
"5eda20f3-d198-5792-b445-14f28178c3dd","","checkpoint-status","not-started","","","TRUE","TRUE","Site QA","Floor Finishes","WING D","D.12 STAFF TESTING","Carpet / Vinyl","Installer Sign Off: Carpet / Vinyl installed as per manufacturer's instructions"
"b9c8a08f-40b3-503c-b41e-9abaf6e3adb9","","checkpoint-status","not-started","","","TRUE","TRUE","Site QA","Floor Finishes","WING D","D.12 STAFF TESTING","Carpet / Vinyl","Add-Floors Sign Off"
"3935a7ce-3b6f-59d9-b2c0-703d5b8b395d","","checkpoint-status","not-started","","","TRUE","TRUE","Site QA","Floor Finishes","WING D","D.12 STAFF TESTING","Carpet / Vinyl","Foreman installation sign off"
"d4176a55-1278-55c6-a112-bdded9927119","","checkpoint-group","not-started","","","FALSE","FALSE","Site QA","Floor Finishes","WING D","D.12 STAFF TESTING","Wall Finish"
"807bd617-5f98-5d9b-ab26-638e0578c8da","","checkpoint-status","not-started","","","TRUE","TRUE","Site QA","Floor Finishes","WING D","D.12 STAFF TESTING","Wall Finish","Wall Finish installed as per plan"
"6823ebf4-5f27-529c-930a-5746a85d1b72","","checkpoint-group","not-started","","","FALSE","FALSE","Site QA","Floor Finishes","WING D","D.12 STAFF TESTING","Protection and Handover"
"ccb3be18-b10d-5582-9ecf-6130b2ca6739","","checkpoint-status","not-started","","","TRUE","TRUE","Site QA","Floor Finishes","WING D","D.12 STAFF TESTING","Protection and Handover","Installation complete, checked and reviewed - as per specification"
"69c89cad-628e-5796-bceb-0a4fde824b53","","checkpoint-status","not-started","","","TRUE","TRUE","Site QA","Floor Finishes","WING D","D.12 STAFF TESTING","Protection and Handover","Floor protected with bubbleweave floor protection or polyweave"
"7af28060-a973-5243-947f-520176e2e197","","checkpoint-status","not-started","","","TRUE","TRUE","Site QA","Floor Finishes","WING D","D.12 STAFF TESTING","Protection and Handover","Installer Sign Off: Protection installed as per manufacturer's instructions"
"90b97f65-f8c6-4cfb-b31d-36b199500ec3","","checklist-sectioned","not-started","5a8a68d1221a9e608c282940756e19ac2c3c1dd54ffd7888cef6f74664a05c9a","checklist","FALSE","FALSE","Site QA","Floor Finishes","WING D","D.16 HAIRDRESSER"
"085318c3-e882-5722-aae7-40a2b8f45d36","","checkpoint-group","not-started","","","FALSE","FALSE","Site QA","Floor Finishes","WING D","D.16 HAIRDRESSER","Subfloor, Floor Preparation, Adhesive"
"6a41911f-0419-5e6f-bcf8-259cd7574104","","checkpoint-status","not-started","","","TRUE","TRUE","Site QA","Floor Finishes","WING D","D.16 HAIRDRESSER","Subfloor, Floor Preparation, Adhesive","Confirm area of work is accessible & acceptable to commence (If not comment below)"
"a6497f33-8f83-5df2-8232-e1404d76f58d","","checkpoint-status","not-started","","","TRUE","TRUE","Site QA","Floor Finishes","WING D","D.16 HAIRDRESSER","Subfloor, Floor Preparation, Adhesive","Subfloor mechanically diamond ground"
"9181d314-5027-444c-9a89-6b7261d1ebf9","","checkpoint-status","not-started","","","TRUE","TRUE","Site QA","Floor Finishes","WING D","D.16 HAIRDRESSER","Subfloor, Floor Preparation, Adhesive","Floor preparation product installed in accordance with manufacturer's instructions"
"49f5f0e7-e1c2-5ae4-8ce2-a1db20985cfa","","checkpoint-status","not-started","","","TRUE","TRUE","Site QA","Floor Finishes","WING D","D.16 HAIRDRESSER","Subfloor, Floor Preparation, Adhesive","Floor transitions installed as per instructions from builder"
"37a7668e-636c-455a-8bb4-3555df21cbc5","","checkpoint-status","not-started","","","TRUE","TRUE","Site QA","Floor Finishes","WING D","D.16 HAIRDRESSER","Subfloor, Floor Preparation, Adhesive","Waterproof tested for falls, and water test completed by waterproofers"
"6dc5718e-f995-5d3e-b8c7-749c34485fb9","","checkpoint-status","not-started","","","TRUE","TRUE","Site QA","Floor Finishes","WING D","D.16 HAIRDRESSER","Subfloor, Floor Preparation, Adhesive","Correct adhesive used"
"b570d3a3-e772-51af-b360-4b92f1cb67a0","","checkpoint-group","not-started","","","FALSE","FALSE","Site QA","Floor Finishes","WING D","D.16 HAIRDRESSER","Carpet / Vinyl"
"5353d085-8102-52b0-8379-bb7eb0b80dbf","","checkpoint-status","not-started","","","TRUE","TRUE","Site QA","Floor Finishes","WING D","D.16 HAIRDRESSER","Carpet / Vinyl","Confirm area of work is accessible & acceptable to commence (If not comment below)"
"5692d12e-adba-5a6c-9d7d-17dc9f685ae0","","checkpoint-status","not-started","","","TRUE","TRUE","Site QA","Floor Finishes","WING D","D.16 HAIRDRESSER","Carpet / Vinyl","Vinyl installed as per plan"
"b951dd73-16d0-5467-b31a-631de3dacf65","","checkpoint-status","not-started","","","TRUE","TRUE","Site QA","Floor Finishes","WING D","D.16 HAIRDRESSER","Carpet / Vinyl","Carpet installed as per plan"
"a4a5a070-c7c1-5695-9b1b-a87d2bab6508","","checkpoint-status","not-started","","","TRUE","TRUE","Site QA","Floor Finishes","WING D","D.16 HAIRDRESSER","Carpet / Vinyl","Joints sealed with heat welded seams and mitres as per AS 1884-2012"
"06c9716b-4e0a-5d53-8a8d-c500f027dffc","","checkpoint-status","not-started","","","TRUE","TRUE","Site QA","Floor Finishes","WING D","D.16 HAIRDRESSER","Carpet / Vinyl","Vinyl skirt and coving used as per finishes markup - 150mm height"
"7423fdee-68e3-52fb-81ba-e87466147a4b","","checkpoint-status","not-started","","","TRUE","TRUE","Site QA","Floor Finishes","WING D","D.16 HAIRDRESSER","Carpet / Vinyl","Installer Sign Off: Carpet / Vinyl installed as per manufacturer's instructions"
"b97871a3-2f91-5ad9-a542-873be7181898","","checkpoint-status","not-started","","","TRUE","TRUE","Site QA","Floor Finishes","WING D","D.16 HAIRDRESSER","Carpet / Vinyl","Add-Floors Sign Off"
"c2c1e2ad-59ff-5775-bcf2-e095095cc358","","checkpoint-status","not-started","","","TRUE","TRUE","Site QA","Floor Finishes","WING D","D.16 HAIRDRESSER","Carpet / Vinyl","Foreman installation sign off"
"c9f9dfe2-4ace-5621-9e26-ee97d76f793e","","checkpoint-group","not-started","","","FALSE","FALSE","Site QA","Floor Finishes","WING D","D.16 HAIRDRESSER","Wall Finish"
"b3690796-b1ad-5c7f-ae43-5806b0f1bd9f","","checkpoint-status","not-started","","","TRUE","TRUE","Site QA","Floor Finishes","WING D","D.16 HAIRDRESSER","Wall Finish","Wall Finish installed as per plan"
"d3c0f097-2152-53fa-8a48-c1502848af0e","","checkpoint-group","not-started","","","FALSE","FALSE","Site QA","Floor Finishes","WING D","D.16 HAIRDRESSER","Protection and Handover"
"fc477bcc-b0fa-5179-9016-7220654c9cbf","","checkpoint-status","not-started","","","TRUE","TRUE","Site QA","Floor Finishes","WING D","D.16 HAIRDRESSER","Protection and Handover","Installation complete, checked and reviewed - as per specification"
"256782b7-0cee-5c86-904e-4dc514cfa30b","","checkpoint-status","not-started","","","TRUE","TRUE","Site QA","Floor Finishes","WING D","D.16 HAIRDRESSER","Protection and Handover","Floor protected with bubbleweave floor protection or polyweave"
"a0a759c3-08b5-5e5e-9788-816cdff096e3","","checkpoint-status","not-started","","","TRUE","TRUE","Site QA","Floor Finishes","WING D","D.16 HAIRDRESSER","Protection and Handover","Installer Sign Off: Protection installed as per manufacturer's instructions"
"3d8ef04a-9031-478f-90b1-beb3f0e8524f","","checklist-sectioned","not-started","5a8a68d1221a9e608c282940756e19ac2c3c1dd54ffd7888cef6f74664a05c9a","checklist","FALSE","FALSE","Site QA","Floor Finishes","WING D","D.17 THEATRE"
"d77e6c5d-758f-5a8f-a11a-413932173a4e","","checkpoint-group","not-started","","","FALSE","FALSE","Site QA","Floor Finishes","WING D","D.17 THEATRE","Subfloor, Floor Preparation, Adhesive"
"6944b89f-e1fc-556e-a80e-6d63b38d9666","","checkpoint-status","not-started","","","TRUE","TRUE","Site QA","Floor Finishes","WING D","D.17 THEATRE","Subfloor, Floor Preparation, Adhesive","Confirm area of work is accessible & acceptable to commence (If not comment below)"
"96a10b97-c7d1-59b1-8991-d55cfd973c28","","checkpoint-status","not-started","","","TRUE","TRUE","Site QA","Floor Finishes","WING D","D.17 THEATRE","Subfloor, Floor Preparation, Adhesive","Subfloor mechanically diamond ground"
"733fec3d-bad6-49bc-9e69-5a1fbc7cc284","","checkpoint-status","not-started","","","TRUE","TRUE","Site QA","Floor Finishes","WING D","D.17 THEATRE","Subfloor, Floor Preparation, Adhesive","Floor preparation product installed in accordance with manufacturer's instructions"
"5f2f212c-deec-5cff-9d0d-0019c6094bf6","","checkpoint-status","not-started","","","TRUE","TRUE","Site QA","Floor Finishes","WING D","D.17 THEATRE","Subfloor, Floor Preparation, Adhesive","Floor transitions installed as per instructions from builder"
"913882dd-ccd4-466e-a3a5-178528f2d025","","checkpoint-status","not-started","","","TRUE","TRUE","Site QA","Floor Finishes","WING D","D.17 THEATRE","Subfloor, Floor Preparation, Adhesive","Waterproof tested for falls, and water test completed by waterproofers"
"9893c524-7e51-55c1-8b39-a1b704682aa6","","checkpoint-status","not-started","","","TRUE","TRUE","Site QA","Floor Finishes","WING D","D.17 THEATRE","Subfloor, Floor Preparation, Adhesive","Correct adhesive used"
"91906fab-287c-53fa-b01e-739208e126b7","","checkpoint-group","not-started","","","FALSE","FALSE","Site QA","Floor Finishes","WING D","D.17 THEATRE","Carpet / Vinyl"
"0d4c30f6-ad3d-53d3-97fc-3374477bcae4","","checkpoint-status","not-started","","","TRUE","TRUE","Site QA","Floor Finishes","WING D","D.17 THEATRE","Carpet / Vinyl","Confirm area of work is accessible & acceptable to commence (If not comment below)"
"b4333e58-5057-5f93-bb56-f74e2c152a90","","checkpoint-status","not-started","","","TRUE","TRUE","Site QA","Floor Finishes","WING D","D.17 THEATRE","Carpet / Vinyl","Vinyl installed as per plan"
"61e4cab1-c481-57fb-95c7-415e18c81a31","","checkpoint-status","not-started","","","TRUE","TRUE","Site QA","Floor Finishes","WING D","D.17 THEATRE","Carpet / Vinyl","Carpet installed as per plan"
"0ef41f55-5836-5b66-b6bf-1322f3433519","","checkpoint-status","not-started","","","TRUE","TRUE","Site QA","Floor Finishes","WING D","D.17 THEATRE","Carpet / Vinyl","Joints sealed with heat welded seams and mitres as per AS 1884-2012"
"bb48efb6-29c9-5155-804f-57891cb9e7ec","","checkpoint-status","not-started","","","TRUE","TRUE","Site QA","Floor Finishes","WING D","D.17 THEATRE","Carpet / Vinyl","Vinyl skirt and coving used as per finishes markup - 150mm height"
"7f5f6205-8f70-58fb-b0f6-77a74bbe792c","","checkpoint-status","not-started","","","TRUE","TRUE","Site QA","Floor Finishes","WING D","D.17 THEATRE","Carpet / Vinyl","Installer Sign Off: Carpet / Vinyl installed as per manufacturer's instructions"
"a25809d9-cc1d-53df-909c-5d8d1cc92963","","checkpoint-status","not-started","","","TRUE","TRUE","Site QA","Floor Finishes","WING D","D.17 THEATRE","Carpet / Vinyl","Add-Floors Sign Off"
"52e97907-a5d3-5092-b388-efa0372ec6fc","","checkpoint-status","not-started","","","TRUE","TRUE","Site QA","Floor Finishes","WING D","D.17 THEATRE","Carpet / Vinyl","Foreman installation sign off"
"16e40f9d-c12f-5e2c-b057-c53ef78ac890","","checkpoint-group","not-started","","","FALSE","FALSE","Site QA","Floor Finishes","WING D","D.17 THEATRE","Wall Finish"
"05342880-8913-51de-8337-25a7a05ffc6a","","checkpoint-status","not-started","","","TRUE","TRUE","Site QA","Floor Finishes","WING D","D.17 THEATRE","Wall Finish","Wall Finish installed as per plan"
"5711d006-c122-52f8-b20d-51ccded20fe8","","checkpoint-group","not-started","","","FALSE","FALSE","Site QA","Floor Finishes","WING D","D.17 THEATRE","Protection and Handover"
"1f25a627-1987-56bc-ad87-4b8ad57b4d6d","","checkpoint-status","not-started","","","TRUE","TRUE","Site QA","Floor Finishes","WING D","D.17 THEATRE","Protection and Handover","Installation complete, checked and reviewed - as per specification"
"218a3ed3-4c84-56b0-ab7b-2bd6a60d3966","","checkpoint-status","not-started","","","TRUE","TRUE","Site QA","Floor Finishes","WING D","D.17 THEATRE","Protection and Handover","Floor protected with bubbleweave floor protection or polyweave"
"b2909a97-f2c8-58d8-8ec0-4e647dbb287d","","checkpoint-status","not-started","","","TRUE","TRUE","Site QA","Floor Finishes","WING D","D.17 THEATRE","Protection and Handover","Installer Sign Off: Protection installed as per manufacturer's instructions"
"a9cee981-c40a-4a22-ae28-72f122041bdf","","checklist-sectioned","not-started","5a8a68d1221a9e608c282940756e19ac2c3c1dd54ffd7888cef6f74664a05c9a","checklist","FALSE","FALSE","Site QA","Floor Finishes","WING D","D.18 MULTI PURPOSE"
"2fb43044-595f-5fae-8dc9-1af962c3d6c2","","checkpoint-group","not-started","","","FALSE","FALSE","Site QA","Floor Finishes","WING D","D.18 MULTI PURPOSE","Subfloor, Floor Preparation, Adhesive"
"5bbacf04-4016-5e79-82ea-3a02168570e2","","checkpoint-status","not-started","","","TRUE","TRUE","Site QA","Floor Finishes","WING D","D.18 MULTI PURPOSE","Subfloor, Floor Preparation, Adhesive","Confirm area of work is accessible & acceptable to commence (If not comment below)"
"3f72d5bb-2ee3-59ff-af9e-543569c5178b","","checkpoint-status","not-started","","","TRUE","TRUE","Site QA","Floor Finishes","WING D","D.18 MULTI PURPOSE","Subfloor, Floor Preparation, Adhesive","Subfloor mechanically diamond ground"
"206aec5a-849f-4854-b12d-5feaaab9a5b1","","checkpoint-status","not-started","","","TRUE","TRUE","Site QA","Floor Finishes","WING D","D.18 MULTI PURPOSE","Subfloor, Floor Preparation, Adhesive","Floor preparation product installed in accordance with manufacturer's instructions"
"c55c4fcf-92f3-5157-b575-77f069801555","","checkpoint-status","not-started","","","TRUE","TRUE","Site QA","Floor Finishes","WING D","D.18 MULTI PURPOSE","Subfloor, Floor Preparation, Adhesive","Floor transitions installed as per instructions from builder"
"7a950970-1938-42fb-9ea1-f823797c2804","","checkpoint-status","not-started","","","TRUE","TRUE","Site QA","Floor Finishes","WING D","D.18 MULTI PURPOSE","Subfloor, Floor Preparation, Adhesive","Waterproof tested for falls, and water test completed by waterproofers"
"e7a1f81f-dd41-5fa2-85ad-1999f3c334c2","","checkpoint-status","not-started","","","TRUE","TRUE","Site QA","Floor Finishes","WING D","D.18 MULTI PURPOSE","Subfloor, Floor Preparation, Adhesive","Correct adhesive used"
"d5a21349-b090-5706-9709-07b9f88f189e","","checkpoint-group","not-started","","","FALSE","FALSE","Site QA","Floor Finishes","WING D","D.18 MULTI PURPOSE","Carpet / Vinyl"
"29b2b898-77af-560f-a386-7895f521aa3e","","checkpoint-status","not-started","","","TRUE","TRUE","Site QA","Floor Finishes","WING D","D.18 MULTI PURPOSE","Carpet / Vinyl","Confirm area of work is accessible & acceptable to commence (If not comment below)"
"ed6c86a7-36e2-5b44-9860-b60d0fd89874","","checkpoint-status","not-started","","","TRUE","TRUE","Site QA","Floor Finishes","WING D","D.18 MULTI PURPOSE","Carpet / Vinyl","Vinyl installed as per plan"
"c3a4b337-fccf-5886-a986-e3fe28a54eb1","","checkpoint-status","not-started","","","TRUE","TRUE","Site QA","Floor Finishes","WING D","D.18 MULTI PURPOSE","Carpet / Vinyl","Carpet installed as per plan"
"b5aa2dbe-e59e-51e7-9678-519009c8ddce","","checkpoint-status","not-started","","","TRUE","TRUE","Site QA","Floor Finishes","WING D","D.18 MULTI PURPOSE","Carpet / Vinyl","Joints sealed with heat welded seams and mitres as per AS 1884-2012"
"8a62c519-e12f-5e7f-8765-211f7a01da68","","checkpoint-status","not-started","","","TRUE","TRUE","Site QA","Floor Finishes","WING D","D.18 MULTI PURPOSE","Carpet / Vinyl","Vinyl skirt and coving used as per finishes markup - 150mm height"
"d291ea30-c7c5-5012-9c2d-010549875810","","checkpoint-status","not-started","","","TRUE","TRUE","Site QA","Floor Finishes","WING D","D.18 MULTI PURPOSE","Carpet / Vinyl","Installer Sign Off: Carpet / Vinyl installed as per manufacturer's instructions"
"3ef5bf20-e672-5ffd-b390-b2922263986a","","checkpoint-status","not-started","","","TRUE","TRUE","Site QA","Floor Finishes","WING D","D.18 MULTI PURPOSE","Carpet / Vinyl","Add-Floors Sign Off"
"752526e5-f1b4-5e54-ac61-79e56c63e938","","checkpoint-status","not-started","","","TRUE","TRUE","Site QA","Floor Finishes","WING D","D.18 MULTI PURPOSE","Carpet / Vinyl","Foreman installation sign off"
"0154b541-4683-507a-b0f6-48e13e7c16d5","","checkpoint-group","not-started","","","FALSE","FALSE","Site QA","Floor Finishes","WING D","D.18 MULTI PURPOSE","Wall Finish"
"2d3f9c68-1108-5fa0-b00e-a7bde8ba82e0","","checkpoint-status","not-started","","","TRUE","TRUE","Site QA","Floor Finishes","WING D","D.18 MULTI PURPOSE","Wall Finish","Wall Finish installed as per plan"
"8862c1f6-d029-5094-8d59-5bcbff1c3724","","checkpoint-group","not-started","","","FALSE","FALSE","Site QA","Floor Finishes","WING D","D.18 MULTI PURPOSE","Protection and Handover"
"1cc896e9-0c7a-5e69-84be-3d0701b94589","","checkpoint-status","not-started","","","TRUE","TRUE","Site QA","Floor Finishes","WING D","D.18 MULTI PURPOSE","Protection and Handover","Installation complete, checked and reviewed - as per specification"
"a9606beb-4874-58b3-8160-51aa5f9e42c7","","checkpoint-status","not-started","","","TRUE","TRUE","Site QA","Floor Finishes","WING D","D.18 MULTI PURPOSE","Protection and Handover","Floor protected with bubbleweave floor protection or polyweave"
"a8a22085-4d8d-5cb4-84aa-f86762e866d2","","checkpoint-status","not-started","","","TRUE","TRUE","Site QA","Floor Finishes","WING D","D.18 MULTI PURPOSE","Protection and Handover","Installer Sign Off: Protection installed as per manufacturer's instructions"
"8e707ee4-faa3-46a8-a7f3-b1cf471777c0","","checklist-sectioned","not-started","5a8a68d1221a9e608c282940756e19ac2c3c1dd54ffd7888cef6f74664a05c9a","checklist","FALSE","FALSE","Site QA","Floor Finishes","WING D","D.19 REHAB GYM"
"cf766cf9-a8b6-56b6-9abc-2e69a9135494","","checkpoint-group","not-started","","","FALSE","FALSE","Site QA","Floor Finishes","WING D","D.19 REHAB GYM","Subfloor, Floor Preparation, Adhesive"
"fb51a08c-53ea-54b8-9af7-2f8a56a6d569","","checkpoint-status","not-started","","","TRUE","TRUE","Site QA","Floor Finishes","WING D","D.19 REHAB GYM","Subfloor, Floor Preparation, Adhesive","Confirm area of work is accessible & acceptable to commence (If not comment below)"
"c91c1106-4fbc-5601-a8ac-965288639389","","checkpoint-status","not-started","","","TRUE","TRUE","Site QA","Floor Finishes","WING D","D.19 REHAB GYM","Subfloor, Floor Preparation, Adhesive","Subfloor mechanically diamond ground"
"4cc5d03e-9142-480a-8073-80bce135f215","","checkpoint-status","not-started","","","TRUE","TRUE","Site QA","Floor Finishes","WING D","D.19 REHAB GYM","Subfloor, Floor Preparation, Adhesive","Floor preparation product installed in accordance with manufacturer's instructions"
"d87e379d-5150-5753-bd6a-cdbb01f9e6a1","","checkpoint-status","not-started","","","TRUE","TRUE","Site QA","Floor Finishes","WING D","D.19 REHAB GYM","Subfloor, Floor Preparation, Adhesive","Floor transitions installed as per instructions from builder"
"2a6b792e-3ce0-4f3b-a07b-82b99c1d4957","","checkpoint-status","not-started","","","TRUE","TRUE","Site QA","Floor Finishes","WING D","D.19 REHAB GYM","Subfloor, Floor Preparation, Adhesive","Waterproof tested for falls, and water test completed by waterproofers"
"a6891da6-f5ab-591d-8fb5-e8b512382caa","","checkpoint-status","not-started","","","TRUE","TRUE","Site QA","Floor Finishes","WING D","D.19 REHAB GYM","Subfloor, Floor Preparation, Adhesive","Correct adhesive used"
"b3af9de2-62ad-56e8-9c83-ea815b35ebc6","","checkpoint-group","not-started","","","FALSE","FALSE","Site QA","Floor Finishes","WING D","D.19 REHAB GYM","Carpet / Vinyl"
"f4fe8da2-c943-5431-ac01-354cb8313f95","","checkpoint-status","not-started","","","TRUE","TRUE","Site QA","Floor Finishes","WING D","D.19 REHAB GYM","Carpet / Vinyl","Confirm area of work is accessible & acceptable to commence (If not comment below)"
"f9ce5ecc-c80a-5c4c-bd97-a3da27c1790e","","checkpoint-status","not-started","","","TRUE","TRUE","Site QA","Floor Finishes","WING D","D.19 REHAB GYM","Carpet / Vinyl","Vinyl installed as per plan"
"059c39be-f12f-56db-a9f0-b6016d847235","","checkpoint-status","not-started","","","TRUE","TRUE","Site QA","Floor Finishes","WING D","D.19 REHAB GYM","Carpet / Vinyl","Carpet installed as per plan"
"83be21f5-ac79-55f0-8c63-a5b10db9626d","","checkpoint-status","not-started","","","TRUE","TRUE","Site QA","Floor Finishes","WING D","D.19 REHAB GYM","Carpet / Vinyl","Joints sealed with heat welded seams and mitres as per AS 1884-2012"
"3f8cef1c-4562-581f-8bce-afdcaf573bce","","checkpoint-status","not-started","","","TRUE","TRUE","Site QA","Floor Finishes","WING D","D.19 REHAB GYM","Carpet / Vinyl","Vinyl skirt and coving used as per finishes markup - 150mm height"
"baadb504-2d28-5cb1-a2c6-62e394b2f1ee","","checkpoint-status","not-started","","","TRUE","TRUE","Site QA","Floor Finishes","WING D","D.19 REHAB GYM","Carpet / Vinyl","Installer Sign Off: Carpet / Vinyl installed as per manufacturer's instructions"
"46914c87-552d-5713-8f13-4503114c833d","","checkpoint-status","not-started","","","TRUE","TRUE","Site QA","Floor Finishes","WING D","D.19 REHAB GYM","Carpet / Vinyl","Add-Floors Sign Off"
"8a26bdc4-c7a4-529d-b1d5-0793a27c901c","","checkpoint-status","not-started","","","TRUE","TRUE","Site QA","Floor Finishes","WING D","D.19 REHAB GYM","Carpet / Vinyl","Foreman installation sign off"
"57300651-0777-50ed-8219-35cc3c9a2ee3","","checkpoint-group","not-started","","","FALSE","FALSE","Site QA","Floor Finishes","WING D","D.19 REHAB GYM","Wall Finish"
"28eb28db-4149-5c40-8bfd-fe1b8dec1a93","","checkpoint-status","not-started","","","TRUE","TRUE","Site QA","Floor Finishes","WING D","D.19 REHAB GYM","Wall Finish","Wall Finish installed as per plan"
"32da9c46-d08a-5319-9545-5ad93f8c46a3","","checkpoint-group","not-started","","","FALSE","FALSE","Site QA","Floor Finishes","WING D","D.19 REHAB GYM","Protection and Handover"
"07807e8e-7b3a-58fb-bedc-cc323c2f2e28","","checkpoint-status","not-started","","","TRUE","TRUE","Site QA","Floor Finishes","WING D","D.19 REHAB GYM","Protection and Handover","Installation complete, checked and reviewed - as per specification"
"6b8ed94c-b768-5a7a-ab49-765e8df3c401","","checkpoint-status","not-started","","","TRUE","TRUE","Site QA","Floor Finishes","WING D","D.19 REHAB GYM","Protection and Handover","Floor protected with bubbleweave floor protection or polyweave"
"bb56c7e0-b9d0-52a8-882a-0c3ed42173e4","","checkpoint-status","not-started","","","TRUE","TRUE","Site QA","Floor Finishes","WING D","D.19 REHAB GYM","Protection and Handover","Installer Sign Off: Protection installed as per manufacturer's instructions"
"8b8e919e-fd0c-4b75-9bf2-ad182c08d80f","","checklist-sectioned","not-started","5a8a68d1221a9e608c282940756e19ac2c3c1dd54ffd7888cef6f74664a05c9a","checklist","FALSE","FALSE","Site QA","Floor Finishes","WING D","D.22 CAFE KITCHEN"
"2b6a08f0-5c8f-52ba-8332-74b7f917ed8e","","checkpoint-group","not-started","","","FALSE","FALSE","Site QA","Floor Finishes","WING D","D.22 CAFE KITCHEN","Subfloor, Floor Preparation, Adhesive"
"a9333aea-6eb4-5a06-b955-7629f48e089f","","checkpoint-status","not-started","","","TRUE","TRUE","Site QA","Floor Finishes","WING D","D.22 CAFE KITCHEN","Subfloor, Floor Preparation, Adhesive","Confirm area of work is accessible & acceptable to commence (If not comment below)"
"392a1a72-3e16-5501-abfc-5a71b91432ac","","checkpoint-status","not-started","","","TRUE","TRUE","Site QA","Floor Finishes","WING D","D.22 CAFE KITCHEN","Subfloor, Floor Preparation, Adhesive","Subfloor mechanically diamond ground"
"6b640e33-07f0-4521-a8e3-6065e033eb60","","checkpoint-status","not-started","","","TRUE","TRUE","Site QA","Floor Finishes","WING D","D.22 CAFE KITCHEN","Subfloor, Floor Preparation, Adhesive","Floor preparation product installed in accordance with manufacturer's instructions"
"7a6a9aa3-437d-578b-8da3-c2a204fb0378","","checkpoint-status","not-started","","","TRUE","TRUE","Site QA","Floor Finishes","WING D","D.22 CAFE KITCHEN","Subfloor, Floor Preparation, Adhesive","Floor transitions installed as per instructions from builder"
"47c9e2f8-462e-406d-9e1c-f13003c1a3d9","","checkpoint-status","not-started","","","TRUE","TRUE","Site QA","Floor Finishes","WING D","D.22 CAFE KITCHEN","Subfloor, Floor Preparation, Adhesive","Waterproof tested for falls, and water test completed by waterproofers"
"a6b49ced-b878-57f2-a3e6-f4d34a391943","","checkpoint-status","not-started","","","TRUE","TRUE","Site QA","Floor Finishes","WING D","D.22 CAFE KITCHEN","Subfloor, Floor Preparation, Adhesive","Correct adhesive used"
"bd22d3c4-028b-5819-80e4-6b42bdcfdfd8","","checkpoint-group","not-started","","","FALSE","FALSE","Site QA","Floor Finishes","WING D","D.22 CAFE KITCHEN","Carpet / Vinyl"
"bf267634-7644-59b9-adc2-17a1d0d5a42b","","checkpoint-status","not-started","","","TRUE","TRUE","Site QA","Floor Finishes","WING D","D.22 CAFE KITCHEN","Carpet / Vinyl","Confirm area of work is accessible & acceptable to commence (If not comment below)"
"cb6c254a-857e-5463-b235-0f9a68885b5e","","checkpoint-status","not-started","","","TRUE","TRUE","Site QA","Floor Finishes","WING D","D.22 CAFE KITCHEN","Carpet / Vinyl","Vinyl installed as per plan"
"0fb41ed5-af63-52d1-ae3b-276e38e8f3f7","","checkpoint-status","not-started","","","TRUE","TRUE","Site QA","Floor Finishes","WING D","D.22 CAFE KITCHEN","Carpet / Vinyl","Carpet installed as per plan"
"da8292c8-1e35-5525-a576-1a86c2e2f263","","checkpoint-status","not-started","","","TRUE","TRUE","Site QA","Floor Finishes","WING D","D.22 CAFE KITCHEN","Carpet / Vinyl","Joints sealed with heat welded seams and mitres as per AS 1884-2012"
"5ecaf6f7-d961-5ce3-9652-543f9c731305","","checkpoint-status","not-started","","","TRUE","TRUE","Site QA","Floor Finishes","WING D","D.22 CAFE KITCHEN","Carpet / Vinyl","Vinyl skirt and coving used as per finishes markup - 150mm height"
"de665b4d-a807-5cf6-a8e2-da7a0f646cfd","","checkpoint-status","not-started","","","TRUE","TRUE","Site QA","Floor Finishes","WING D","D.22 CAFE KITCHEN","Carpet / Vinyl","Installer Sign Off: Carpet / Vinyl installed as per manufacturer's instructions"
"cd23b65d-7b6a-5e60-85f7-76e7a86e8cb5","","checkpoint-status","not-started","","","TRUE","TRUE","Site QA","Floor Finishes","WING D","D.22 CAFE KITCHEN","Carpet / Vinyl","Add-Floors Sign Off"
"2f9f5fc0-2a12-5a15-9a9f-1aebbfb3ec2b","","checkpoint-status","not-started","","","TRUE","TRUE","Site QA","Floor Finishes","WING D","D.22 CAFE KITCHEN","Carpet / Vinyl","Foreman installation sign off"
"a59bc51e-b8a0-5acc-a973-74c849aa6a0d","","checkpoint-group","not-started","","","FALSE","FALSE","Site QA","Floor Finishes","WING D","D.22 CAFE KITCHEN","Wall Finish"
"58d2cba7-f4f4-5e46-842e-2e207b795a62","","checkpoint-status","not-started","","","TRUE","TRUE","Site QA","Floor Finishes","WING D","D.22 CAFE KITCHEN","Wall Finish","Wall Finish installed as per plan"
"846ea7ad-0640-5c36-9c56-63748724e402","","checkpoint-group","not-started","","","FALSE","FALSE","Site QA","Floor Finishes","WING D","D.22 CAFE KITCHEN","Protection and Handover"
"34b05630-5bd4-5ff7-8771-4ba3794587c4","","checkpoint-status","not-started","","","TRUE","TRUE","Site QA","Floor Finishes","WING D","D.22 CAFE KITCHEN","Protection and Handover","Installation complete, checked and reviewed - as per specification"
"73efa5ef-8472-5260-866e-5c42a989faa1","","checkpoint-status","not-started","","","TRUE","TRUE","Site QA","Floor Finishes","WING D","D.22 CAFE KITCHEN","Protection and Handover","Floor protected with bubbleweave floor protection or polyweave"
"d03d41a7-594b-5b5b-b461-4be411e05cb4","","checkpoint-status","not-started","","","TRUE","TRUE","Site QA","Floor Finishes","WING D","D.22 CAFE KITCHEN","Protection and Handover","Installer Sign Off: Protection installed as per manufacturer's instructions"
"76307195-2a7f-4fa6-951f-261d39b46b4b","","checklist-sectioned","not-started","5a8a68d1221a9e608c282940756e19ac2c3c1dd54ffd7888cef6f74664a05c9a","checklist","FALSE","FALSE","Site QA","Floor Finishes","WING D","D.23 ARCHIVE"
"12344e81-514e-56ab-a415-2e498f9c329e","","checkpoint-group","not-started","","","FALSE","FALSE","Site QA","Floor Finishes","WING D","D.23 ARCHIVE","Subfloor, Floor Preparation, Adhesive"
"953ef59f-9b09-56b2-a989-8ed7feb89211","","checkpoint-status","not-started","","","TRUE","TRUE","Site QA","Floor Finishes","WING D","D.23 ARCHIVE","Subfloor, Floor Preparation, Adhesive","Confirm area of work is accessible & acceptable to commence (If not comment below)"
"1d27caed-61b8-514d-8e33-fbd0b4fc0938","","checkpoint-status","not-started","","","TRUE","TRUE","Site QA","Floor Finishes","WING D","D.23 ARCHIVE","Subfloor, Floor Preparation, Adhesive","Subfloor mechanically diamond ground"
"8a4945b9-a05e-4cf5-b991-bc6dfa06c55e","","checkpoint-status","not-started","","","TRUE","TRUE","Site QA","Floor Finishes","WING D","D.23 ARCHIVE","Subfloor, Floor Preparation, Adhesive","Floor preparation product installed in accordance with manufacturer's instructions"
"fdaaa982-c2db-558e-b0d1-817387358fba","","checkpoint-status","not-started","","","TRUE","TRUE","Site QA","Floor Finishes","WING D","D.23 ARCHIVE","Subfloor, Floor Preparation, Adhesive","Floor transitions installed as per instructions from builder"
"fcad85b2-fd2f-4e4f-9165-67878fb0ebde","","checkpoint-status","not-started","","","TRUE","TRUE","Site QA","Floor Finishes","WING D","D.23 ARCHIVE","Subfloor, Floor Preparation, Adhesive","Waterproof tested for falls, and water test completed by waterproofers"
"04216d13-d251-5705-91f1-eb9577ce38b4","","checkpoint-status","not-started","","","TRUE","TRUE","Site QA","Floor Finishes","WING D","D.23 ARCHIVE","Subfloor, Floor Preparation, Adhesive","Correct adhesive used"
"3c5edf99-13fe-5fa1-9f4a-f7b7f0efc264","","checkpoint-group","not-started","","","FALSE","FALSE","Site QA","Floor Finishes","WING D","D.23 ARCHIVE","Carpet / Vinyl"
"f1a301e5-d916-5c02-ae47-296c08552a7e","","checkpoint-status","not-started","","","TRUE","TRUE","Site QA","Floor Finishes","WING D","D.23 ARCHIVE","Carpet / Vinyl","Confirm area of work is accessible & acceptable to commence (If not comment below)"
"5f8fda39-bbb4-5bde-920c-8c955cdf2dad","","checkpoint-status","not-started","","","TRUE","TRUE","Site QA","Floor Finishes","WING D","D.23 ARCHIVE","Carpet / Vinyl","Vinyl installed as per plan"
"5a95587c-5f56-52b1-a5d4-6be1d557b086","","checkpoint-status","not-started","","","TRUE","TRUE","Site QA","Floor Finishes","WING D","D.23 ARCHIVE","Carpet / Vinyl","Carpet installed as per plan"
"9cf34a4b-b424-5a17-b4f7-766e12de1dee","","checkpoint-status","not-started","","","TRUE","TRUE","Site QA","Floor Finishes","WING D","D.23 ARCHIVE","Carpet / Vinyl","Joints sealed with heat welded seams and mitres as per AS 1884-2012"
"1f79e5ef-48ca-515b-838d-aa909e6c83d8","","checkpoint-status","not-started","","","TRUE","TRUE","Site QA","Floor Finishes","WING D","D.23 ARCHIVE","Carpet / Vinyl","Vinyl skirt and coving used as per finishes markup - 150mm height"
"063175cb-ce1a-5846-ba2e-f2f8c0bbb634","","checkpoint-status","not-started","","","TRUE","TRUE","Site QA","Floor Finishes","WING D","D.23 ARCHIVE","Carpet / Vinyl","Installer Sign Off: Carpet / Vinyl installed as per manufacturer's instructions"
"4eef8d03-e624-589e-a026-0d9bbe1f8308","","checkpoint-status","not-started","","","TRUE","TRUE","Site QA","Floor Finishes","WING D","D.23 ARCHIVE","Carpet / Vinyl","Add-Floors Sign Off"
"5ede93ca-63dc-5ca3-853b-6ff695ed5d42","","checkpoint-status","not-started","","","TRUE","TRUE","Site QA","Floor Finishes","WING D","D.23 ARCHIVE","Carpet / Vinyl","Foreman installation sign off"
"1017229f-a66d-50c3-9446-d4601b342b3a","","checkpoint-group","not-started","","","FALSE","FALSE","Site QA","Floor Finishes","WING D","D.23 ARCHIVE","Wall Finish"
"8d98bee5-c580-5c61-8e72-c74194741dd0","","checkpoint-status","not-started","","","TRUE","TRUE","Site QA","Floor Finishes","WING D","D.23 ARCHIVE","Wall Finish","Wall Finish installed as per plan"
"1d765d84-28bc-56f0-81d6-24e0504ce024","","checkpoint-group","not-started","","","FALSE","FALSE","Site QA","Floor Finishes","WING D","D.23 ARCHIVE","Protection and Handover"
"b2e43554-ad89-5317-b6bd-3be61d7faa54","","checkpoint-status","not-started","","","TRUE","TRUE","Site QA","Floor Finishes","WING D","D.23 ARCHIVE","Protection and Handover","Installation complete, checked and reviewed - as per specification"
"212fa9e7-4d3e-59e8-b05a-b9669cbc858b","","checkpoint-status","not-started","","","TRUE","TRUE","Site QA","Floor Finishes","WING D","D.23 ARCHIVE","Protection and Handover","Floor protected with bubbleweave floor protection or polyweave"
"5f6f1df5-12e2-5c8f-b70a-6928b2bd0fbb","","checkpoint-status","not-started","","","TRUE","TRUE","Site QA","Floor Finishes","WING D","D.23 ARCHIVE","Protection and Handover","Installer Sign Off: Protection installed as per manufacturer's instructions"
"89258c74-1c18-4906-b618-66db4587302c","","checklist-sectioned","not-started","5a8a68d1221a9e608c282940756e19ac2c3c1dd54ffd7888cef6f74664a05c9a","checklist","FALSE","FALSE","Site QA","Floor Finishes","WING D","D.24 CORRIDORS AND CAFE"
"9d924619-ca77-5b6d-9c64-4ab414343a8d","","checkpoint-group","not-started","","","FALSE","FALSE","Site QA","Floor Finishes","WING D","D.24 CORRIDORS AND CAFE","Subfloor, Floor Preparation, Adhesive"
"4d610b79-67af-5ca3-a773-3936423d7356","","checkpoint-status","not-started","","","TRUE","TRUE","Site QA","Floor Finishes","WING D","D.24 CORRIDORS AND CAFE","Subfloor, Floor Preparation, Adhesive","Confirm area of work is accessible & acceptable to commence (If not comment below)"
"02223bb5-7334-5461-a493-ba4571f1ad1e","","checkpoint-status","not-started","","","TRUE","TRUE","Site QA","Floor Finishes","WING D","D.24 CORRIDORS AND CAFE","Subfloor, Floor Preparation, Adhesive","Subfloor mechanically diamond ground"
"1f01dfec-6dac-46bc-a749-ec91ead212d4","","checkpoint-status","not-started","","","TRUE","TRUE","Site QA","Floor Finishes","WING D","D.24 CORRIDORS AND CAFE","Subfloor, Floor Preparation, Adhesive","Floor preparation product installed in accordance with manufacturer's instructions"
"2040b69a-3ed1-518b-87ab-f941200f6dce","","checkpoint-status","not-started","","","TRUE","TRUE","Site QA","Floor Finishes","WING D","D.24 CORRIDORS AND CAFE","Subfloor, Floor Preparation, Adhesive","Floor transitions installed as per instructions from builder"
"573b499f-ebfa-4655-a313-03d51a60fd52","","checkpoint-status","not-started","","","TRUE","TRUE","Site QA","Floor Finishes","WING D","D.24 CORRIDORS AND CAFE","Subfloor, Floor Preparation, Adhesive","Waterproof tested for falls, and water test completed by waterproofers"
"259273b0-5466-593c-940c-4e5b87637398","","checkpoint-status","not-started","","","TRUE","TRUE","Site QA","Floor Finishes","WING D","D.24 CORRIDORS AND CAFE","Subfloor, Floor Preparation, Adhesive","Correct adhesive used"
"9816abcc-8403-5c2b-b777-3ef39e1ecb83","","checkpoint-group","not-started","","","FALSE","FALSE","Site QA","Floor Finishes","WING D","D.24 CORRIDORS AND CAFE","Carpet / Vinyl"
"391933ce-dc0d-5bae-9b5c-41dc826ca421","","checkpoint-status","not-started","","","TRUE","TRUE","Site QA","Floor Finishes","WING D","D.24 CORRIDORS AND CAFE","Carpet / Vinyl","Confirm area of work is accessible & acceptable to commence (If not comment below)"
"ae2a629c-7744-58cb-9e45-4e92eec02e9d","","checkpoint-status","not-started","","","TRUE","TRUE","Site QA","Floor Finishes","WING D","D.24 CORRIDORS AND CAFE","Carpet / Vinyl","Vinyl installed as per plan"
"3603a3e3-d1a1-59de-919f-57afa09ac726","","checkpoint-status","not-started","","","TRUE","TRUE","Site QA","Floor Finishes","WING D","D.24 CORRIDORS AND CAFE","Carpet / Vinyl","Carpet installed as per plan"
"765255c7-9888-5696-a615-2a8e1db05657","","checkpoint-status","not-started","","","TRUE","TRUE","Site QA","Floor Finishes","WING D","D.24 CORRIDORS AND CAFE","Carpet / Vinyl","Joints sealed with heat welded seams and mitres as per AS 1884-2012"
"002632af-7ab2-5919-a1dd-ce7f3d9ba12e","","checkpoint-status","not-started","","","TRUE","TRUE","Site QA","Floor Finishes","WING D","D.24 CORRIDORS AND CAFE","Carpet / Vinyl","Vinyl skirt and coving used as per finishes markup - 150mm height"
"ab51bf1b-6958-5dc5-b87f-9a9ef80d4944","","checkpoint-status","not-started","","","TRUE","TRUE","Site QA","Floor Finishes","WING D","D.24 CORRIDORS AND CAFE","Carpet / Vinyl","Installer Sign Off: Carpet / Vinyl installed as per manufacturer's instructions"
"4bd602b3-6885-5e80-888a-88aec379bb03","","checkpoint-status","not-started","","","TRUE","TRUE","Site QA","Floor Finishes","WING D","D.24 CORRIDORS AND CAFE","Carpet / Vinyl","Add-Floors Sign Off"
"e90f2ddf-98c0-5cb5-a68b-dc6378fc86d0","","checkpoint-status","not-started","","","TRUE","TRUE","Site QA","Floor Finishes","WING D","D.24 CORRIDORS AND CAFE","Carpet / Vinyl","Foreman installation sign off"
"b5b43152-98ac-5846-aadd-81ae5832ccbd","","checkpoint-group","not-started","","","FALSE","FALSE","Site QA","Floor Finishes","WING D","D.24 CORRIDORS AND CAFE","Wall Finish"
"2c7ef1f8-36ac-534c-914a-810dadc9acc8","","checkpoint-status","not-started","","","TRUE","TRUE","Site QA","Floor Finishes","WING D","D.24 CORRIDORS AND CAFE","Wall Finish","Wall Finish installed as per plan"
"53778ba5-d666-559f-9ec0-cd5de5fec699","","checkpoint-group","not-started","","","FALSE","FALSE","Site QA","Floor Finishes","WING D","D.24 CORRIDORS AND CAFE","Protection and Handover"
"285e0cb7-3856-5d08-b14a-4fcafe3531aa","","checkpoint-status","not-started","","","TRUE","TRUE","Site QA","Floor Finishes","WING D","D.24 CORRIDORS AND CAFE","Protection and Handover","Installation complete, checked and reviewed - as per specification"
"32598dcb-5b4d-520e-bd64-db6551d1653d","","checkpoint-status","not-started","","","TRUE","TRUE","Site QA","Floor Finishes","WING D","D.24 CORRIDORS AND CAFE","Protection and Handover","Floor protected with bubbleweave floor protection or polyweave"
"9bbfab9c-6490-52e0-a787-f7ca942af87b","","checkpoint-status","not-started","","","TRUE","TRUE","Site QA","Floor Finishes","WING D","D.24 CORRIDORS AND CAFE","Protection and Handover","Installer Sign Off: Protection installed as per manufacturer's instructions"
"cd443b3b-d7be-40f0-935c-593a7290a88f","","checklist-sectioned","not-started","5a8a68d1221a9e608c282940756e19ac2c3c1dd54ffd7888cef6f74664a05c9a","checklist","FALSE","FALSE","Site QA","Floor Finishes","WING D","D.27 KITCHEN"
"adb91196-951e-5a6c-a1e1-afd4f0e7ea8d","","checkpoint-group","not-started","","","FALSE","FALSE","Site QA","Floor Finishes","WING D","D.27 KITCHEN","Subfloor, Floor Preparation, Adhesive"
"ee11a21c-2572-51f6-9eea-2d987ab194d5","","checkpoint-status","not-started","","","TRUE","TRUE","Site QA","Floor Finishes","WING D","D.27 KITCHEN","Subfloor, Floor Preparation, Adhesive","Confirm area of work is accessible & acceptable to commence (If not comment below)"
"f2359d7c-3aec-5873-9818-d420d3a3ceef","","checkpoint-status","not-started","","","TRUE","TRUE","Site QA","Floor Finishes","WING D","D.27 KITCHEN","Subfloor, Floor Preparation, Adhesive","Subfloor mechanically diamond ground"
"2644d426-f88d-4ebb-8855-27901f2bd681","","checkpoint-status","not-started","","","TRUE","TRUE","Site QA","Floor Finishes","WING D","D.27 KITCHEN","Subfloor, Floor Preparation, Adhesive","Floor preparation product installed in accordance with manufacturer's instructions"
"e34129ba-8fa7-5fc4-b73f-230ca17d7a55","","checkpoint-status","not-started","","","TRUE","TRUE","Site QA","Floor Finishes","WING D","D.27 KITCHEN","Subfloor, Floor Preparation, Adhesive","Floor transitions installed as per instructions from builder"
"d43d58d9-c55a-405f-bcf5-55e2a6e0c3d1","","checkpoint-status","not-started","","","TRUE","TRUE","Site QA","Floor Finishes","WING D","D.27 KITCHEN","Subfloor, Floor Preparation, Adhesive","Waterproof tested for falls, and water test completed by waterproofers"
"1d65634e-b8a0-5f1e-90cb-fd5653992bd6","","checkpoint-status","not-started","","","TRUE","TRUE","Site QA","Floor Finishes","WING D","D.27 KITCHEN","Subfloor, Floor Preparation, Adhesive","Correct adhesive used"
"169d4a53-092f-5ef5-8888-34517a1a36d7","","checkpoint-group","not-started","","","FALSE","FALSE","Site QA","Floor Finishes","WING D","D.27 KITCHEN","Carpet / Vinyl"
"2138bd62-389b-522f-8259-97d8b4884c63","","checkpoint-status","not-started","","","TRUE","TRUE","Site QA","Floor Finishes","WING D","D.27 KITCHEN","Carpet / Vinyl","Confirm area of work is accessible & acceptable to commence (If not comment below)"
"1270fb08-7a55-515d-b993-98c6cded4dc5","","checkpoint-status","not-started","","","TRUE","TRUE","Site QA","Floor Finishes","WING D","D.27 KITCHEN","Carpet / Vinyl","Vinyl installed as per plan"
"95ea9e8a-729c-5cfd-9a03-aeba9024e212","","checkpoint-status","not-started","","","TRUE","TRUE","Site QA","Floor Finishes","WING D","D.27 KITCHEN","Carpet / Vinyl","Carpet installed as per plan"
"40e7f13d-b01b-510c-9266-6117e226f3a6","","checkpoint-status","not-started","","","TRUE","TRUE","Site QA","Floor Finishes","WING D","D.27 KITCHEN","Carpet / Vinyl","Joints sealed with heat welded seams and mitres as per AS 1884-2012"
"8e130e93-9285-5655-8afc-29199d29d3f5","","checkpoint-status","not-started","","","TRUE","TRUE","Site QA","Floor Finishes","WING D","D.27 KITCHEN","Carpet / Vinyl","Vinyl skirt and coving used as per finishes markup - 150mm height"
"dbd0c3b9-8f59-5410-9181-4756dda17096","","checkpoint-status","not-started","","","TRUE","TRUE","Site QA","Floor Finishes","WING D","D.27 KITCHEN","Carpet / Vinyl","Installer Sign Off: Carpet / Vinyl installed as per manufacturer's instructions"
"b4c56684-0828-5922-934d-f9896ad7d2b5","","checkpoint-status","not-started","","","TRUE","TRUE","Site QA","Floor Finishes","WING D","D.27 KITCHEN","Carpet / Vinyl","Add-Floors Sign Off"
"00b6e5fe-b8e4-50f4-93e3-f907328e036c","","checkpoint-status","not-started","","","TRUE","TRUE","Site QA","Floor Finishes","WING D","D.27 KITCHEN","Carpet / Vinyl","Foreman installation sign off"
"2cca6e78-1719-5969-bb95-4ac284a9c29c","","checkpoint-group","not-started","","","FALSE","FALSE","Site QA","Floor Finishes","WING D","D.27 KITCHEN","Wall Finish"
"90d9fc7f-8607-5e2c-a61a-2e5751bdd7ec","","checkpoint-status","not-started","","","TRUE","TRUE","Site QA","Floor Finishes","WING D","D.27 KITCHEN","Wall Finish","Wall Finish installed as per plan"
"d2274bfa-e392-5474-9a90-ae7f01784d9e","","checkpoint-group","not-started","","","FALSE","FALSE","Site QA","Floor Finishes","WING D","D.27 KITCHEN","Protection and Handover"
"ad263ca9-fe8b-5a44-8f60-e53c2152322f","","checkpoint-status","not-started","","","TRUE","TRUE","Site QA","Floor Finishes","WING D","D.27 KITCHEN","Protection and Handover","Installation complete, checked and reviewed - as per specification"
"4e56d9a1-d834-55f5-ac6d-3e0f6f317aff","","checkpoint-status","not-started","","","TRUE","TRUE","Site QA","Floor Finishes","WING D","D.27 KITCHEN","Protection and Handover","Floor protected with bubbleweave floor protection or polyweave"
"4f2a87f9-a0d8-518d-8e14-c2a4e24c4cb8","","checkpoint-status","not-started","","","TRUE","TRUE","Site QA","Floor Finishes","WING D","D.27 KITCHEN","Protection and Handover","Installer Sign Off: Protection installed as per manufacturer's instructions"
"90716f80-e158-4ff7-b5ac-af87e77e9950","","checklist-sectioned","not-started","5a8a68d1221a9e608c282940756e19ac2c3c1dd54ffd7888cef6f74664a05c9a","checklist","FALSE","FALSE","Site QA","Floor Finishes","WING D","D.30 DRY"
"3717ef84-0abd-5c2b-ab44-7013c083a92c","","checkpoint-group","not-started","","","FALSE","FALSE","Site QA","Floor Finishes","WING D","D.30 DRY","Subfloor, Floor Preparation, Adhesive"
"207723f1-55b5-50bd-af63-badf910a28e0","","checkpoint-status","not-started","","","TRUE","TRUE","Site QA","Floor Finishes","WING D","D.30 DRY","Subfloor, Floor Preparation, Adhesive","Confirm area of work is accessible & acceptable to commence (If not comment below)"
"b62408ed-ed97-5f86-8369-a03949993c5b","","checkpoint-status","not-started","","","TRUE","TRUE","Site QA","Floor Finishes","WING D","D.30 DRY","Subfloor, Floor Preparation, Adhesive","Subfloor mechanically diamond ground"
"c60b7912-0c46-4e5d-a6c8-b8f3994e9bb7","","checkpoint-status","not-started","","","TRUE","TRUE","Site QA","Floor Finishes","WING D","D.30 DRY","Subfloor, Floor Preparation, Adhesive","Floor preparation product installed in accordance with manufacturer's instructions"
"d9a36488-a14a-56d6-959a-10b142aba0f7","","checkpoint-status","not-started","","","TRUE","TRUE","Site QA","Floor Finishes","WING D","D.30 DRY","Subfloor, Floor Preparation, Adhesive","Floor transitions installed as per instructions from builder"
"b7bb046b-8454-48b1-ba72-236f319c8cf3","","checkpoint-status","not-started","","","TRUE","TRUE","Site QA","Floor Finishes","WING D","D.30 DRY","Subfloor, Floor Preparation, Adhesive","Waterproof tested for falls, and water test completed by waterproofers"
"a822cf8f-11df-5677-819c-c5de20cc9eb3","","checkpoint-status","not-started","","","TRUE","TRUE","Site QA","Floor Finishes","WING D","D.30 DRY","Subfloor, Floor Preparation, Adhesive","Correct adhesive used"
"f06b2bcc-1cd6-5f8b-9286-9db2405a2c70","","checkpoint-group","not-started","","","FALSE","FALSE","Site QA","Floor Finishes","WING D","D.30 DRY","Carpet / Vinyl"
"4e8e75ac-587e-5185-86e7-20b1da48f124","","checkpoint-status","not-started","","","TRUE","TRUE","Site QA","Floor Finishes","WING D","D.30 DRY","Carpet / Vinyl","Confirm area of work is accessible & acceptable to commence (If not comment below)"
"1bf25b2e-8b9b-52e6-8ac3-827a51f94296","","checkpoint-status","not-started","","","TRUE","TRUE","Site QA","Floor Finishes","WING D","D.30 DRY","Carpet / Vinyl","Vinyl installed as per plan"
"cfad0c2f-c046-5059-9c1f-021166efecd6","","checkpoint-status","not-started","","","TRUE","TRUE","Site QA","Floor Finishes","WING D","D.30 DRY","Carpet / Vinyl","Carpet installed as per plan"
"95a47fc5-da49-5874-805f-c6d115e88b4b","","checkpoint-status","not-started","","","TRUE","TRUE","Site QA","Floor Finishes","WING D","D.30 DRY","Carpet / Vinyl","Joints sealed with heat welded seams and mitres as per AS 1884-2012"
"ec8fc781-4b9e-5403-9ee6-f14255a6cc35","","checkpoint-status","not-started","","","TRUE","TRUE","Site QA","Floor Finishes","WING D","D.30 DRY","Carpet / Vinyl","Vinyl skirt and coving used as per finishes markup - 150mm height"
"188b05dd-22d5-596b-9357-a1d42733aaf0","","checkpoint-status","not-started","","","TRUE","TRUE","Site QA","Floor Finishes","WING D","D.30 DRY","Carpet / Vinyl","Installer Sign Off: Carpet / Vinyl installed as per manufacturer's instructions"
"282d22b0-bd0e-561f-b361-e8c986af45a2","","checkpoint-status","not-started","","","TRUE","TRUE","Site QA","Floor Finishes","WING D","D.30 DRY","Carpet / Vinyl","Add-Floors Sign Off"
"44a0b1d8-1b84-58a9-a7fe-c15464252937","","checkpoint-status","not-started","","","TRUE","TRUE","Site QA","Floor Finishes","WING D","D.30 DRY","Carpet / Vinyl","Foreman installation sign off"
"29135342-ac32-5e41-8f3c-613a58d12a01","","checkpoint-group","not-started","","","FALSE","FALSE","Site QA","Floor Finishes","WING D","D.30 DRY","Wall Finish"
"adc43df7-3095-5301-b3db-f466a44abaef","","checkpoint-status","not-started","","","TRUE","TRUE","Site QA","Floor Finishes","WING D","D.30 DRY","Wall Finish","Wall Finish installed as per plan"
"ebac1059-1c13-508f-8f6f-474cf23ce79b","","checkpoint-group","not-started","","","FALSE","FALSE","Site QA","Floor Finishes","WING D","D.30 DRY","Protection and Handover"
"32ca69ad-fcf9-5007-9736-bd0e12628efc","","checkpoint-status","not-started","","","TRUE","TRUE","Site QA","Floor Finishes","WING D","D.30 DRY","Protection and Handover","Installation complete, checked and reviewed - as per specification"
"fdce7021-31a5-537b-9fdc-d0313f9e9930","","checkpoint-status","not-started","","","TRUE","TRUE","Site QA","Floor Finishes","WING D","D.30 DRY","Protection and Handover","Floor protected with bubbleweave floor protection or polyweave"
"514639c4-bc61-5aa7-8fae-672cee38a484","","checkpoint-status","not-started","","","TRUE","TRUE","Site QA","Floor Finishes","WING D","D.30 DRY","Protection and Handover","Installer Sign Off: Protection installed as per manufacturer's instructions"
"5992edba-acf8-4ff4-af05-e2cd0e848e69","","checklist-sectioned","not-started","5a8a68d1221a9e608c282940756e19ac2c3c1dd54ffd7888cef6f74664a05c9a","checklist","FALSE","FALSE","Site QA","Floor Finishes","WING D","D.31 CHEF"
"2c17b7f1-9d79-56fb-a829-4385acb3059e","","checkpoint-group","not-started","","","FALSE","FALSE","Site QA","Floor Finishes","WING D","D.31 CHEF","Subfloor, Floor Preparation, Adhesive"
"eef4f85f-bade-54e9-9c45-6c4a57ec9814","","checkpoint-status","not-started","","","TRUE","TRUE","Site QA","Floor Finishes","WING D","D.31 CHEF","Subfloor, Floor Preparation, Adhesive","Confirm area of work is accessible & acceptable to commence (If not comment below)"
"aa13b267-d830-522d-9dac-43d25f33bc7a","","checkpoint-status","not-started","","","TRUE","TRUE","Site QA","Floor Finishes","WING D","D.31 CHEF","Subfloor, Floor Preparation, Adhesive","Subfloor mechanically diamond ground"
"ebea25b6-b5b9-4a12-9a5f-1e772595224b","","checkpoint-status","not-started","","","TRUE","TRUE","Site QA","Floor Finishes","WING D","D.31 CHEF","Subfloor, Floor Preparation, Adhesive","Floor preparation product installed in accordance with manufacturer's instructions"
"aa6f2d3a-d7f8-5f4f-a815-7f6e808f2b50","","checkpoint-status","not-started","","","TRUE","TRUE","Site QA","Floor Finishes","WING D","D.31 CHEF","Subfloor, Floor Preparation, Adhesive","Floor transitions installed as per instructions from builder"
"fa65dfd8-1be7-47da-8f93-ab6b5a829a9c","","checkpoint-status","not-started","","","TRUE","TRUE","Site QA","Floor Finishes","WING D","D.31 CHEF","Subfloor, Floor Preparation, Adhesive","Waterproof tested for falls, and water test completed by waterproofers"
"b3d5f110-f69a-5eea-a140-7eaa870d1c4f","","checkpoint-status","not-started","","","TRUE","TRUE","Site QA","Floor Finishes","WING D","D.31 CHEF","Subfloor, Floor Preparation, Adhesive","Correct adhesive used"
"10e96700-5030-5ba4-9d1c-1dfd2d4362a2","","checkpoint-group","not-started","","","FALSE","FALSE","Site QA","Floor Finishes","WING D","D.31 CHEF","Carpet / Vinyl"
"65515bc9-cac6-5673-914e-fe1b9eb4c20e","","checkpoint-status","not-started","","","TRUE","TRUE","Site QA","Floor Finishes","WING D","D.31 CHEF","Carpet / Vinyl","Confirm area of work is accessible & acceptable to commence (If not comment below)"
"9bb17cc4-ed18-58c4-becb-fb571e670569","","checkpoint-status","not-started","","","TRUE","TRUE","Site QA","Floor Finishes","WING D","D.31 CHEF","Carpet / Vinyl","Vinyl installed as per plan"
"93ad59bd-9902-5104-82fa-0ce27b5cb9df","","checkpoint-status","not-started","","","TRUE","TRUE","Site QA","Floor Finishes","WING D","D.31 CHEF","Carpet / Vinyl","Carpet installed as per plan"
"6d72f9fb-fe6c-504a-82e9-407232766850","","checkpoint-status","not-started","","","TRUE","TRUE","Site QA","Floor Finishes","WING D","D.31 CHEF","Carpet / Vinyl","Joints sealed with heat welded seams and mitres as per AS 1884-2012"
"5d4fa2f8-e677-57f6-9a8a-99d863394872","","checkpoint-status","not-started","","","TRUE","TRUE","Site QA","Floor Finishes","WING D","D.31 CHEF","Carpet / Vinyl","Vinyl skirt and coving used as per finishes markup - 150mm height"
"720f2c01-df28-5bc3-ba0f-2555a4ddab8b","","checkpoint-status","not-started","","","TRUE","TRUE","Site QA","Floor Finishes","WING D","D.31 CHEF","Carpet / Vinyl","Installer Sign Off: Carpet / Vinyl installed as per manufacturer's instructions"
"5c51b5e5-4df8-583a-9fd4-ee090d87a328","","checkpoint-status","not-started","","","TRUE","TRUE","Site QA","Floor Finishes","WING D","D.31 CHEF","Carpet / Vinyl","Add-Floors Sign Off"
"5c5fe04b-bbbe-5bd9-b1bf-d2567df68abf","","checkpoint-status","not-started","","","TRUE","TRUE","Site QA","Floor Finishes","WING D","D.31 CHEF","Carpet / Vinyl","Foreman installation sign off"
"c559c348-e3d9-54a1-96bb-cc6d8df87982","","checkpoint-group","not-started","","","FALSE","FALSE","Site QA","Floor Finishes","WING D","D.31 CHEF","Wall Finish"
"41caa0a2-510f-58d4-9de6-044c4643460f","","checkpoint-status","not-started","","","TRUE","TRUE","Site QA","Floor Finishes","WING D","D.31 CHEF","Wall Finish","Wall Finish installed as per plan"
"05b39303-53da-5482-9bf3-dab071175d5c","","checkpoint-group","not-started","","","FALSE","FALSE","Site QA","Floor Finishes","WING D","D.31 CHEF","Protection and Handover"
"dda03825-4ccc-5b57-8b9c-d4feb95e33f5","","checkpoint-status","not-started","","","TRUE","TRUE","Site QA","Floor Finishes","WING D","D.31 CHEF","Protection and Handover","Installation complete, checked and reviewed - as per specification"
"4dbc66d7-66fe-5e3b-b4b2-387cd5feb852","","checkpoint-status","not-started","","","TRUE","TRUE","Site QA","Floor Finishes","WING D","D.31 CHEF","Protection and Handover","Floor protected with bubbleweave floor protection or polyweave"
"18e516c7-d73e-5679-97f8-d5952fa5b830","","checkpoint-status","not-started","","","TRUE","TRUE","Site QA","Floor Finishes","WING D","D.31 CHEF","Protection and Handover","Installer Sign Off: Protection installed as per manufacturer's instructions"
"0a47f56a-ed09-449e-8b5d-23791b039019","","checklist-sectioned","not-started","5a8a68d1221a9e608c282940756e19ac2c3c1dd54ffd7888cef6f74664a05c9a","checklist","FALSE","FALSE","Site QA","Floor Finishes","WING D","D.33 / D.34 / D.35 DIRTY, LAUNDRY, CLEAN"
"5d3696f1-5a80-58f0-880f-5d268a6e0a2e","","checkpoint-group","not-started","","","FALSE","FALSE","Site QA","Floor Finishes","WING D","D.33 / D.34 / D.35 DIRTY, LAUNDRY, CLEAN","Subfloor, Floor Preparation, Adhesive"
"df7f016a-de05-582d-b672-8935aa08ffcc","","checkpoint-status","not-started","","","TRUE","TRUE","Site QA","Floor Finishes","WING D","D.33 / D.34 / D.35 DIRTY, LAUNDRY, CLEAN","Subfloor, Floor Preparation, Adhesive","Confirm area of work is accessible & acceptable to commence (If not comment below)"
"4c296c05-ef55-5ae1-96c4-4d3b10c32e8b","","checkpoint-status","not-started","","","TRUE","TRUE","Site QA","Floor Finishes","WING D","D.33 / D.34 / D.35 DIRTY, LAUNDRY, CLEAN","Subfloor, Floor Preparation, Adhesive","Subfloor mechanically diamond ground"
"50b49cd4-b434-495b-b7d6-dadbd2473dd0","","checkpoint-status","not-started","","","TRUE","TRUE","Site QA","Floor Finishes","WING D","D.33 / D.34 / D.35 DIRTY, LAUNDRY, CLEAN","Subfloor, Floor Preparation, Adhesive","Floor preparation product installed in accordance with manufacturer's instructions"
"3e2b2c56-6dd3-5d01-9525-971159bbb4dd","","checkpoint-status","not-started","","","TRUE","TRUE","Site QA","Floor Finishes","WING D","D.33 / D.34 / D.35 DIRTY, LAUNDRY, CLEAN","Subfloor, Floor Preparation, Adhesive","Floor transitions installed as per instructions from builder"
"574ea22a-2a29-4b29-a887-97fce14c5d4f","","checkpoint-status","not-started","","","TRUE","TRUE","Site QA","Floor Finishes","WING D","D.33 / D.34 / D.35 DIRTY, LAUNDRY, CLEAN","Subfloor, Floor Preparation, Adhesive","Waterproof tested for falls, and water test completed by waterproofers"
"066e4173-f921-57d8-95ed-8c080ffd8b0e","","checkpoint-status","not-started","","","TRUE","TRUE","Site QA","Floor Finishes","WING D","D.33 / D.34 / D.35 DIRTY, LAUNDRY, CLEAN","Subfloor, Floor Preparation, Adhesive","Correct adhesive used"
"fe3fdf31-9fe1-5526-b258-ddfb54a7937e","","checkpoint-group","not-started","","","FALSE","FALSE","Site QA","Floor Finishes","WING D","D.33 / D.34 / D.35 DIRTY, LAUNDRY, CLEAN","Carpet / Vinyl"
"adcf3b52-d578-56dc-9796-7da003843ad6","","checkpoint-status","not-started","","","TRUE","TRUE","Site QA","Floor Finishes","WING D","D.33 / D.34 / D.35 DIRTY, LAUNDRY, CLEAN","Carpet / Vinyl","Confirm area of work is accessible & acceptable to commence (If not comment below)"
"f14bd4da-0483-5630-878f-3e832980a059","","checkpoint-status","not-started","","","TRUE","TRUE","Site QA","Floor Finishes","WING D","D.33 / D.34 / D.35 DIRTY, LAUNDRY, CLEAN","Carpet / Vinyl","Vinyl installed as per plan"
"993ed59b-c5a4-5d4a-847a-ec3442993918","","checkpoint-status","not-started","","","TRUE","TRUE","Site QA","Floor Finishes","WING D","D.33 / D.34 / D.35 DIRTY, LAUNDRY, CLEAN","Carpet / Vinyl","Carpet installed as per plan"
"6b648827-83c2-5e0e-80e5-82047137eaae","","checkpoint-status","not-started","","","TRUE","TRUE","Site QA","Floor Finishes","WING D","D.33 / D.34 / D.35 DIRTY, LAUNDRY, CLEAN","Carpet / Vinyl","Joints sealed with heat welded seams and mitres as per AS 1884-2012"
"55365a04-4db3-51b1-9011-d3cf9fb1c68d","","checkpoint-status","not-started","","","TRUE","TRUE","Site QA","Floor Finishes","WING D","D.33 / D.34 / D.35 DIRTY, LAUNDRY, CLEAN","Carpet / Vinyl","Vinyl skirt and coving used as per finishes markup - 150mm height"
"15c3c6d1-5f12-59da-b1a4-0b3021b53ed3","","checkpoint-status","not-started","","","TRUE","TRUE","Site QA","Floor Finishes","WING D","D.33 / D.34 / D.35 DIRTY, LAUNDRY, CLEAN","Carpet / Vinyl","Installer Sign Off: Carpet / Vinyl installed as per manufacturer's instructions"
"973b1243-0403-561e-834c-af958ff26888","","checkpoint-status","not-started","","","TRUE","TRUE","Site QA","Floor Finishes","WING D","D.33 / D.34 / D.35 DIRTY, LAUNDRY, CLEAN","Carpet / Vinyl","Add-Floors Sign Off"
"7e9b9ce7-942d-573a-8530-2479ab447318","","checkpoint-status","not-started","","","TRUE","TRUE","Site QA","Floor Finishes","WING D","D.33 / D.34 / D.35 DIRTY, LAUNDRY, CLEAN","Carpet / Vinyl","Foreman installation sign off"
"9d98c9f0-fd23-5180-8b75-0e8179131692","","checkpoint-group","not-started","","","FALSE","FALSE","Site QA","Floor Finishes","WING D","D.33 / D.34 / D.35 DIRTY, LAUNDRY, CLEAN","Wall Finish"
"8ce3a446-7b5c-51b2-9226-dc4d7bbb4d3d","","checkpoint-status","not-started","","","TRUE","TRUE","Site QA","Floor Finishes","WING D","D.33 / D.34 / D.35 DIRTY, LAUNDRY, CLEAN","Wall Finish","Wall Finish installed as per plan"
"95cbbeea-4433-51c3-a653-65501db48dee","","checkpoint-group","not-started","","","FALSE","FALSE","Site QA","Floor Finishes","WING D","D.33 / D.34 / D.35 DIRTY, LAUNDRY, CLEAN","Protection and Handover"
"4258c052-4ad1-52e7-9027-73f53733f5af","","checkpoint-status","not-started","","","TRUE","TRUE","Site QA","Floor Finishes","WING D","D.33 / D.34 / D.35 DIRTY, LAUNDRY, CLEAN","Protection and Handover","Installation complete, checked and reviewed - as per specification"
"f1929cd0-f7d0-5705-8f32-a2244ae16b21","","checkpoint-status","not-started","","","TRUE","TRUE","Site QA","Floor Finishes","WING D","D.33 / D.34 / D.35 DIRTY, LAUNDRY, CLEAN","Protection and Handover","Floor protected with bubbleweave floor protection or polyweave"
"fb73b5c6-5302-5955-86f2-287621d54773","","checkpoint-status","not-started","","","TRUE","TRUE","Site QA","Floor Finishes","WING D","D.33 / D.34 / D.35 DIRTY, LAUNDRY, CLEAN","Protection and Handover","Installer Sign Off: Protection installed as per manufacturer's instructions"
"6094d77d-1201-4f75-ba18-588a308a12df","","checklist-sectioned","not-started","5a8a68d1221a9e608c282940756e19ac2c3c1dd54ffd7888cef6f74664a05c9a","checklist","FALSE","FALSE","Site QA","Floor Finishes","WING D","D.40 LOBBY A"
"a44adee9-bdcd-5b9d-8629-cbe71ca3443e","","checkpoint-group","not-started","","","FALSE","FALSE","Site QA","Floor Finishes","WING D","D.40 LOBBY A","Subfloor, Floor Preparation, Adhesive"
"03332ad5-cb91-5d09-8a8a-e6b31802f154","","checkpoint-status","not-started","","","TRUE","TRUE","Site QA","Floor Finishes","WING D","D.40 LOBBY A","Subfloor, Floor Preparation, Adhesive","Confirm area of work is accessible & acceptable to commence (If not comment below)"
"708a116f-d161-5513-9117-255f36934ee4","","checkpoint-status","not-started","","","TRUE","TRUE","Site QA","Floor Finishes","WING D","D.40 LOBBY A","Subfloor, Floor Preparation, Adhesive","Subfloor mechanically diamond ground"
"3e4dcc2b-9b97-43ca-9d00-1dea32e3e695","","checkpoint-status","not-started","","","TRUE","TRUE","Site QA","Floor Finishes","WING D","D.40 LOBBY A","Subfloor, Floor Preparation, Adhesive","Floor preparation product installed in accordance with manufacturer's instructions"
"0a94f9d3-480a-511b-b506-5d00f129af56","","checkpoint-status","not-started","","","TRUE","TRUE","Site QA","Floor Finishes","WING D","D.40 LOBBY A","Subfloor, Floor Preparation, Adhesive","Floor transitions installed as per instructions from builder"
"90a78306-52b7-47af-9e3c-c2b93c2a6332","","checkpoint-status","not-started","","","TRUE","TRUE","Site QA","Floor Finishes","WING D","D.40 LOBBY A","Subfloor, Floor Preparation, Adhesive","Waterproof tested for falls, and water test completed by waterproofers"
"cd76a80e-0756-5228-80c3-dba530f3874d","","checkpoint-status","not-started","","","TRUE","TRUE","Site QA","Floor Finishes","WING D","D.40 LOBBY A","Subfloor, Floor Preparation, Adhesive","Correct adhesive used"
"65102848-48ed-54a3-b3d5-d48acec7b07b","","checkpoint-group","not-started","","","FALSE","FALSE","Site QA","Floor Finishes","WING D","D.40 LOBBY A","Carpet / Vinyl"
"9e955a24-aee3-5392-a23f-d00d968f06dd","","checkpoint-status","not-started","","","TRUE","TRUE","Site QA","Floor Finishes","WING D","D.40 LOBBY A","Carpet / Vinyl","Confirm area of work is accessible & acceptable to commence (If not comment below)"
"7d98fd02-0978-571c-8f8b-cb24ce51e793","","checkpoint-status","not-started","","","TRUE","TRUE","Site QA","Floor Finishes","WING D","D.40 LOBBY A","Carpet / Vinyl","Vinyl installed as per plan"
"1351cff4-e6b6-5704-922e-366e716c575f","","checkpoint-status","not-started","","","TRUE","TRUE","Site QA","Floor Finishes","WING D","D.40 LOBBY A","Carpet / Vinyl","Carpet installed as per plan"
"3a55f69d-0401-5e5c-88ff-4af201c5a262","","checkpoint-status","not-started","","","TRUE","TRUE","Site QA","Floor Finishes","WING D","D.40 LOBBY A","Carpet / Vinyl","Joints sealed with heat welded seams and mitres as per AS 1884-2012"
"d2cc595e-afe3-59de-8b87-9a4b519556c8","","checkpoint-status","not-started","","","TRUE","TRUE","Site QA","Floor Finishes","WING D","D.40 LOBBY A","Carpet / Vinyl","Vinyl skirt and coving used as per finishes markup - 150mm height"
"03d41fb3-efaf-5cb4-bdbf-8e3a9a14d883","","checkpoint-status","not-started","","","TRUE","TRUE","Site QA","Floor Finishes","WING D","D.40 LOBBY A","Carpet / Vinyl","Installer Sign Off: Carpet / Vinyl installed as per manufacturer's instructions"
"fd6dd262-0c13-58cc-8082-0b1fcd14573d","","checkpoint-status","not-started","","","TRUE","TRUE","Site QA","Floor Finishes","WING D","D.40 LOBBY A","Carpet / Vinyl","Add-Floors Sign Off"
"94e09b31-c0ef-5a5f-9701-ffae638de092","","checkpoint-status","not-started","","","TRUE","TRUE","Site QA","Floor Finishes","WING D","D.40 LOBBY A","Carpet / Vinyl","Foreman installation sign off"
"96c43e3c-d9d8-5e3b-ab9a-a162124a8a73","","checkpoint-group","not-started","","","FALSE","FALSE","Site QA","Floor Finishes","WING D","D.40 LOBBY A","Wall Finish"
"9c3ed957-7b7e-57e0-9915-f9ff502599af","","checkpoint-status","not-started","","","TRUE","TRUE","Site QA","Floor Finishes","WING D","D.40 LOBBY A","Wall Finish","Wall Finish installed as per plan"
"66955fb0-0de4-5700-8a5a-557f1038e6ca","","checkpoint-group","not-started","","","FALSE","FALSE","Site QA","Floor Finishes","WING D","D.40 LOBBY A","Protection and Handover"
"fbe7d1d3-bb1b-5742-849a-97e4171e66c9","","checkpoint-status","not-started","","","TRUE","TRUE","Site QA","Floor Finishes","WING D","D.40 LOBBY A","Protection and Handover","Installation complete, checked and reviewed - as per specification"
"44afe258-5479-59b6-8150-d16032a630a1","","checkpoint-status","not-started","","","TRUE","TRUE","Site QA","Floor Finishes","WING D","D.40 LOBBY A","Protection and Handover","Floor protected with bubbleweave floor protection or polyweave"
"d126a8c5-56dc-5a42-a146-1af9d64547d7","","checkpoint-status","not-started","","","TRUE","TRUE","Site QA","Floor Finishes","WING D","D.40 LOBBY A","Protection and Handover","Installer Sign Off: Protection installed as per manufacturer's instructions"
"5aa6a6f9-895e-4545-94e8-faf4d6555376","","checklist-sectioned","not-started","5a8a68d1221a9e608c282940756e19ac2c3c1dd54ffd7888cef6f74664a05c9a","checklist","FALSE","FALSE","Site QA","Floor Finishes","WING D","D.42 HD STORE"
"93a6ad84-807a-5987-8a3a-396816e87699","","checkpoint-group","not-started","","","FALSE","FALSE","Site QA","Floor Finishes","WING D","D.42 HD STORE","Subfloor, Floor Preparation, Adhesive"
"ba7faf71-e835-54a2-8e3f-022a58823436","","checkpoint-status","not-started","","","TRUE","TRUE","Site QA","Floor Finishes","WING D","D.42 HD STORE","Subfloor, Floor Preparation, Adhesive","Confirm area of work is accessible & acceptable to commence (If not comment below)"
"81eeb3d6-b1c6-536c-9a9e-629f9da0b36a","","checkpoint-status","not-started","","","TRUE","TRUE","Site QA","Floor Finishes","WING D","D.42 HD STORE","Subfloor, Floor Preparation, Adhesive","Subfloor mechanically diamond ground"
"0cfa4655-9ce6-4e49-92b6-7925e65124bb","","checkpoint-status","not-started","","","TRUE","TRUE","Site QA","Floor Finishes","WING D","D.42 HD STORE","Subfloor, Floor Preparation, Adhesive","Floor preparation product installed in accordance with manufacturer's instructions"
"71995728-a91c-5dae-9631-99e2b787539f","","checkpoint-status","not-started","","","TRUE","TRUE","Site QA","Floor Finishes","WING D","D.42 HD STORE","Subfloor, Floor Preparation, Adhesive","Floor transitions installed as per instructions from builder"
"c53f2efa-b381-4f0c-abfb-dc3b4208797f","","checkpoint-status","not-started","","","TRUE","TRUE","Site QA","Floor Finishes","WING D","D.42 HD STORE","Subfloor, Floor Preparation, Adhesive","Waterproof tested for falls, and water test completed by waterproofers"
"8f1da1bb-e2b0-56b6-b457-14c417aa76b1","","checkpoint-status","not-started","","","TRUE","TRUE","Site QA","Floor Finishes","WING D","D.42 HD STORE","Subfloor, Floor Preparation, Adhesive","Correct adhesive used"
"e949bea2-85eb-58fd-8592-45d54b292c17","","checkpoint-group","not-started","","","FALSE","FALSE","Site QA","Floor Finishes","WING D","D.42 HD STORE","Carpet / Vinyl"
"aa3a9e06-0280-5363-b90b-7251103a3175","","checkpoint-status","not-started","","","TRUE","TRUE","Site QA","Floor Finishes","WING D","D.42 HD STORE","Carpet / Vinyl","Confirm area of work is accessible & acceptable to commence (If not comment below)"
"862b2e51-2a6e-500b-9249-57876343a956","","checkpoint-status","not-started","","","TRUE","TRUE","Site QA","Floor Finishes","WING D","D.42 HD STORE","Carpet / Vinyl","Vinyl installed as per plan"
"39c4c21a-aeda-58e4-8213-d6a91485e0db","","checkpoint-status","not-started","","","TRUE","TRUE","Site QA","Floor Finishes","WING D","D.42 HD STORE","Carpet / Vinyl","Carpet installed as per plan"
"71458bad-8bfa-5860-afa5-c3a5bca38d51","","checkpoint-status","not-started","","","TRUE","TRUE","Site QA","Floor Finishes","WING D","D.42 HD STORE","Carpet / Vinyl","Joints sealed with heat welded seams and mitres as per AS 1884-2012"
"f5925fc3-eabb-5750-bca3-0259741ef40d","","checkpoint-status","not-started","","","TRUE","TRUE","Site QA","Floor Finishes","WING D","D.42 HD STORE","Carpet / Vinyl","Vinyl skirt and coving used as per finishes markup - 150mm height"
"4507f07f-efc3-5b4c-91c9-6054544ed143","","checkpoint-status","not-started","","","TRUE","TRUE","Site QA","Floor Finishes","WING D","D.42 HD STORE","Carpet / Vinyl","Installer Sign Off: Carpet / Vinyl installed as per manufacturer's instructions"
"d8bb0f4e-273b-57b9-9349-8d1bd906714a","","checkpoint-status","not-started","","","TRUE","TRUE","Site QA","Floor Finishes","WING D","D.42 HD STORE","Carpet / Vinyl","Add-Floors Sign Off"
"d715fe39-96a0-5beb-90c8-66f14466afa2","","checkpoint-status","not-started","","","TRUE","TRUE","Site QA","Floor Finishes","WING D","D.42 HD STORE","Carpet / Vinyl","Foreman installation sign off"
"81bfccb6-7963-5173-9459-b9c67518f633","","checkpoint-group","not-started","","","FALSE","FALSE","Site QA","Floor Finishes","WING D","D.42 HD STORE","Wall Finish"
"4d38b4a0-f73b-50e1-b908-bf4e38b5a047","","checkpoint-status","not-started","","","TRUE","TRUE","Site QA","Floor Finishes","WING D","D.42 HD STORE","Wall Finish","Wall Finish installed as per plan"
"35b40a5e-a025-5ee3-9a2b-39240d3d6cc0","","checkpoint-group","not-started","","","FALSE","FALSE","Site QA","Floor Finishes","WING D","D.42 HD STORE","Protection and Handover"
"cd94626e-6e8d-5f6b-89dd-b61f74a08fb9","","checkpoint-status","not-started","","","TRUE","TRUE","Site QA","Floor Finishes","WING D","D.42 HD STORE","Protection and Handover","Installation complete, checked and reviewed - as per specification"
"6fcbf447-bb9d-54f5-a140-39a0a1e4d9b6","","checkpoint-status","not-started","","","TRUE","TRUE","Site QA","Floor Finishes","WING D","D.42 HD STORE","Protection and Handover","Floor protected with bubbleweave floor protection or polyweave"
"a8004172-0a30-5e70-8dfc-3bb103234162","","checkpoint-status","not-started","","","TRUE","TRUE","Site QA","Floor Finishes","WING D","D.42 HD STORE","Protection and Handover","Installer Sign Off: Protection installed as per manufacturer's instructions"
"c8cbe32b-8157-4c40-a0b7-4f4229765a6b","","checklist-sectioned","not-started","5a8a68d1221a9e608c282940756e19ac2c3c1dd54ffd7888cef6f74664a05c9a","checklist","FALSE","FALSE","Site QA","Floor Finishes","WING D","WING B1 CONTINUATION"
"16046784-0b98-5fdc-a52e-9de7ad249ac4","","checkpoint-group","not-started","","","FALSE","FALSE","Site QA","Floor Finishes","WING D","WING B1 CONTINUATION","Subfloor, Floor Preparation, Adhesive"
"17ab1f22-52eb-5065-ac51-f99df187d0b8","","checkpoint-status","not-started","","","TRUE","TRUE","Site QA","Floor Finishes","WING D","WING B1 CONTINUATION","Subfloor, Floor Preparation, Adhesive","Confirm area of work is accessible & acceptable to commence (If not comment below)"
"7f0b62de-8ff4-5f32-87cf-e4ecb704e02c","","checkpoint-status","not-started","","","TRUE","TRUE","Site QA","Floor Finishes","WING D","WING B1 CONTINUATION","Subfloor, Floor Preparation, Adhesive","Subfloor mechanically diamond ground"
"6aa18ad6-1010-426d-84bc-46537cc20ef9","","checkpoint-status","not-started","","","TRUE","TRUE","Site QA","Floor Finishes","WING D","WING B1 CONTINUATION","Subfloor, Floor Preparation, Adhesive","Floor preparation product installed in accordance with manufacturer's instructions"
"664e2f5b-c6e6-54a3-b239-238d5c5732b1","","checkpoint-status","not-started","","","TRUE","TRUE","Site QA","Floor Finishes","WING D","WING B1 CONTINUATION","Subfloor, Floor Preparation, Adhesive","Floor transitions installed as per instructions from builder"
"58132ebd-12a3-4925-99e0-3c82d072a02f","","checkpoint-status","not-started","","","TRUE","TRUE","Site QA","Floor Finishes","WING D","WING B1 CONTINUATION","Subfloor, Floor Preparation, Adhesive","Waterproof tested for falls, and water test completed by waterproofers"
"77387c3e-8f04-51b6-99f0-e3cfb548cc89","","checkpoint-status","not-started","","","TRUE","TRUE","Site QA","Floor Finishes","WING D","WING B1 CONTINUATION","Subfloor, Floor Preparation, Adhesive","Correct adhesive used"
"77887a7b-8fa3-556d-be4d-96e266ca3536","","checkpoint-group","not-started","","","FALSE","FALSE","Site QA","Floor Finishes","WING D","WING B1 CONTINUATION","Carpet / Vinyl"
"14adea3f-1e88-5b6f-a911-854ed3779420","","checkpoint-status","not-started","","","TRUE","TRUE","Site QA","Floor Finishes","WING D","WING B1 CONTINUATION","Carpet / Vinyl","Confirm area of work is accessible & acceptable to commence (If not comment below)"
"8bf78e22-f5cd-5e20-874b-ba0a6485f541","","checkpoint-status","not-started","","","TRUE","TRUE","Site QA","Floor Finishes","WING D","WING B1 CONTINUATION","Carpet / Vinyl","Vinyl installed as per plan"
"be8663be-1d73-555a-a997-136628832990","","checkpoint-status","not-started","","","TRUE","TRUE","Site QA","Floor Finishes","WING D","WING B1 CONTINUATION","Carpet / Vinyl","Carpet installed as per plan"
"e8c8c8a0-58bc-5fca-8155-5e16626274b5","","checkpoint-status","not-started","","","TRUE","TRUE","Site QA","Floor Finishes","WING D","WING B1 CONTINUATION","Carpet / Vinyl","Joints sealed with heat welded seams and mitres as per AS 1884-2012"
"fb8f657b-db5c-5ab9-8026-2918720afe8d","","checkpoint-status","not-started","","","TRUE","TRUE","Site QA","Floor Finishes","WING D","WING B1 CONTINUATION","Carpet / Vinyl","Vinyl skirt and coving used as per finishes markup - 150mm height"
"520ff55e-b52b-5f1c-ad9b-b08f96c495bd","","checkpoint-status","not-started","","","TRUE","TRUE","Site QA","Floor Finishes","WING D","WING B1 CONTINUATION","Carpet / Vinyl","Installer Sign Off: Carpet / Vinyl installed as per manufacturer's instructions"
"6c02d48f-67e9-577e-9504-8c157f3a2bd0","","checkpoint-status","not-started","","","TRUE","TRUE","Site QA","Floor Finishes","WING D","WING B1 CONTINUATION","Carpet / Vinyl","Add-Floors Sign Off"
"b2d3212f-e6ee-52d4-a4f3-f54f21b0390e","","checkpoint-status","not-started","","","TRUE","TRUE","Site QA","Floor Finishes","WING D","WING B1 CONTINUATION","Carpet / Vinyl","Foreman installation sign off"
"5cb95bed-4363-54bb-b9d0-08e25d3924ff","","checkpoint-group","not-started","","","FALSE","FALSE","Site QA","Floor Finishes","WING D","WING B1 CONTINUATION","Wall Finish"
"8683103f-0e47-51b0-8cc9-993c7bfa3804","","checkpoint-status","not-started","","","TRUE","TRUE","Site QA","Floor Finishes","WING D","WING B1 CONTINUATION","Wall Finish","Wall Finish installed as per plan"
"e8581309-8e64-536a-8727-77ce60b9ecb7","","checkpoint-group","not-started","","","FALSE","FALSE","Site QA","Floor Finishes","WING D","WING B1 CONTINUATION","Protection and Handover"
"8ef4c7f7-4160-5369-96f9-dc53ff1a2adf","","checkpoint-status","not-started","","","TRUE","TRUE","Site QA","Floor Finishes","WING D","WING B1 CONTINUATION","Protection and Handover","Installation complete, checked and reviewed - as per specification"
"af5e7fc8-e407-5661-bd08-1ccd036cb012","","checkpoint-status","not-started","","","TRUE","TRUE","Site QA","Floor Finishes","WING D","WING B1 CONTINUATION","Protection and Handover","Floor protected with bubbleweave floor protection or polyweave"
"82aa5d95-470b-5f7c-9655-df5884176906","","checkpoint-status","not-started","","","TRUE","TRUE","Site QA","Floor Finishes","WING D","WING B1 CONTINUATION","Protection and Handover","Installer Sign Off: Protection installed as per manufacturer's instructions"
"c9823449-7183-401e-beaf-66d2524d6279","","checklist-flat","pass","Drawings","checklist-flat","FALSE","FALSE","Drawings"
"d87e6e32-6b79-50a0-bc8e-aa98c491fd2a","","checkpoint-status","pass","","","TRUE","TRUE","Drawings","Attach Drawings"
"86e11b2b-0215-430f-bbee-b61e88118e2f","","folder-normal","no-status-not-started","","step","TRUE","FALSE","Variations"
"878dc5b6-3d16-4dab-862d-be418c1e1bec","","folder-normal","no-status-not-started","","step","TRUE","FALSE","Variations","2023"
"83ec1c16-c4ab-494a-9518-8f1828d4e643","","folder-normal","no-status-not-started","","step","TRUE","FALSE","Variations","2023","January"
"05db5522-02d5-4742-a146-b6013cd4387e","","folder-normal","no-status-not-started","","step","TRUE","FALSE","Variations","2023","February"
"1703e3ab-6285-46d9-aeda-84a18088098f","","folder-normal","no-status-not-started","","step","TRUE","FALSE","Variations","2023","March"
"19515b41-51e0-4d67-8648-090c5baf3f61","","folder-normal","no-status-not-started","","step","TRUE","FALSE","Variations","2023","April"
"c972b523-f1d7-4e06-9a63-82c7f0c27518","","folder-normal","no-status-not-started","","step","TRUE","FALSE","Variations","2023","May"
"db3cfb08-c851-4097-83b3-d9f448e0adc0","","folder-normal","no-status-not-started","","step","TRUE","FALSE","Variations","2023","June"
"a993c9cf-5e35-421b-8ce3-03ba2ed7c0be","","folder-normal","no-status-not-started","","step","TRUE","FALSE","Variations","2023","July"
"35e8d5ab-d0e7-457b-a0b2-fb9d45d53f0e","","folder-normal","no-status-not-started","","step","TRUE","FALSE","Variations","2023","August"
"443a68fc-87ef-4093-be79-920249f00093","","folder-normal","no-status-not-started","","step","TRUE","FALSE","Variations","2023","September"
"25257b94-d99b-489d-a23f-757bc5d85c80","","folder-normal","no-status-not-started","","step","TRUE","FALSE","Variations","2023","October"
"a9e7b381-0013-4863-986e-9f53d600d168","","folder-normal","no-status-not-started","","step","TRUE","FALSE","Variations","2023","November"
"8a7cf170-2d97-4515-aafc-6b45c537cae2","","folder-normal","no-status-not-started","","step","TRUE","FALSE","Variations","2023","December"
"91cdec52-04da-47fa-bbca-10f267800ce7","","folder-normal","no-status-not-started","","step","TRUE","FALSE","OHS"
"289a89c5-9254-48f7-9f95-c94d5b94c205","","folder-normal","no-status-not-started","","step","TRUE","FALSE","OHS","Daily Prestarts"
"47cd1f96-5f18-4b26-a0cc-5439f448cd4b","","folder-normal","no-status-not-started","","step","TRUE","FALSE","OHS","Daily Prestarts","2023"
"676244fb-8db0-438e-9547-a0d54d14dac9","","folder-normal","no-status-not-started","","step","TRUE","FALSE","OHS","Daily Prestarts","2023","January"
"218ad5de-9f09-4104-a0b9-b9d9bdb82652","","folder-normal","no-status-not-started","","step","TRUE","FALSE","OHS","Daily Prestarts","2023","February"
"c4baa2af-f010-4c4f-916e-73d1df178cab","","folder-normal","no-status-not-started","","step","TRUE","FALSE","OHS","Daily Prestarts","2023","March"
"1b35dcaf-e497-415a-91b9-c5293dc2119d","","folder-normal","no-status-not-started","","step","TRUE","FALSE","OHS","Daily Prestarts","2023","April"
"6a234f85-127f-455e-9e6a-b98535cb5258","","folder-normal","no-status-not-started","","step","TRUE","FALSE","OHS","Daily Prestarts","2023","May"
"b899299e-0214-4103-954a-11d9fecbeaa5","","folder-normal","no-status-not-started","","step","TRUE","FALSE","OHS","Daily Prestarts","2023","June"
"af714937-536b-4693-b36d-b7c82ffc49fe","","folder-normal","no-status-not-started","","step","TRUE","FALSE","OHS","Daily Prestarts","2023","July"
"116f4ea2-4d24-4baf-8ff9-f225556d601e","","folder-normal","no-status-not-started","","step","TRUE","FALSE","OHS","Daily Prestarts","2023","August"
"3937e10c-6815-4d37-adf6-b9655077080e","","folder-normal","no-status-not-started","","step","TRUE","FALSE","OHS","Daily Prestarts","2023","September"
"b10d3f77-c343-441e-85e3-36685a6e46ce","","folder-normal","no-status-not-started","","step","TRUE","FALSE","OHS","Daily Prestarts","2023","October"
"7e67c183-4134-4bfb-b2a1-3d581d2c61b1","","folder-normal","no-status-not-started","","step","TRUE","FALSE","OHS","Daily Prestarts","2023","November"
"ccdb0403-5795-48c5-a7d1-62ea0f264905","","folder-normal","no-status-not-started","","step","TRUE","FALSE","OHS","Daily Prestarts","2023","December"
"7544ad6e-1518-486b-9b72-7b467513be22","","folder-normal","no-status-not-started","","step","TRUE","FALSE","OHS","Weekly Prestarts"
"2102cab4-cc46-4183-ba56-2466aedc9909","","folder-normal","no-status-not-started","","step","TRUE","FALSE","OHS","Weekly Prestarts","2023"
"10bfa5d6-734f-4581-b4ed-ec23306d8ece","","folder-normal","no-status-not-started","","step","TRUE","FALSE","OHS","Weekly Prestarts","2023","January"
"a5e59ef8-9af1-4895-a3ed-a0fb6ddf370b","","folder-normal","no-status-not-started","","step","TRUE","FALSE","OHS","Weekly Prestarts","2023","February"
"795c3773-b3c8-4251-8c7c-d670f46c8e39","","folder-normal","no-status-not-started","","step","TRUE","FALSE","OHS","Weekly Prestarts","2023","March"
"d77da32d-82fe-44c0-bda1-5c53da9cd65a","","folder-normal","no-status-not-started","","step","TRUE","FALSE","OHS","Weekly Prestarts","2023","April"
"c6617085-9bf5-418f-b253-c7e958046df9","","folder-normal","no-status-not-started","","step","TRUE","FALSE","OHS","Weekly Prestarts","2023","May"
"b9c643cc-3d2c-4a90-8c54-562e6b000a1e","","folder-normal","no-status-not-started","","step","TRUE","FALSE","OHS","Weekly Prestarts","2023","June"
"b6cce210-f467-4c54-bf46-d15350c0f883","","folder-normal","no-status-not-started","","step","TRUE","FALSE","OHS","Weekly Prestarts","2023","July"
"83e7cd66-b597-4408-96ba-12c2e4292f5b","","folder-normal","no-status-not-started","","step","TRUE","FALSE","OHS","Weekly Prestarts","2023","August"
"59c31d6a-4bad-46a2-9171-5be168667f6d","","folder-normal","no-status-not-started","","step","TRUE","FALSE","OHS","Weekly Prestarts","2023","September"
"55eb02d5-bace-4645-b41f-cbe3daa59632","","folder-normal","no-status-not-started","","step","TRUE","FALSE","OHS","Weekly Prestarts","2023","October"
"e5988758-59d9-4fa6-9ef9-608115b18f67","","folder-normal","no-status-not-started","","step","TRUE","FALSE","OHS","Weekly Prestarts","2023","November"
"61466aa6-a259-4ee3-b6c1-60aa12b3c551","","folder-normal","no-status-not-started","","step","TRUE","FALSE","OHS","Weekly Prestarts","2023","December"
"383a3139-a029-4c0a-a074-136f4e7d8afc","","folder-normal","no-status-not-started","","step","TRUE","FALSE","OHS","Toolbox Talks"
"113909a1-ecf0-47f4-8c99-e16992ac2152","","folder-normal","no-status-not-started","","step","TRUE","FALSE","OHS","Toolbox Talks","2023"
"79c7fddf-5b4e-493d-b2d9-239cce174357","","folder-normal","no-status-not-started","","step","TRUE","FALSE","OHS","Toolbox Talks","2023","January"
"a1ec89e9-73df-43cb-89ca-9bad862aea92","","folder-normal","no-status-not-started","","step","TRUE","FALSE","OHS","Toolbox Talks","2023","February"
"65fd0200-1192-491a-bfee-229455214a90","","folder-normal","no-status-not-started","","step","TRUE","FALSE","OHS","Toolbox Talks","2023","March"
"128d7234-0603-467e-9bf2-7e9307fba045","","folder-normal","no-status-not-started","","step","TRUE","FALSE","OHS","Toolbox Talks","2023","April"
"54625611-c62d-40b3-aad1-422a11b15fa9","","folder-normal","no-status-not-started","","step","TRUE","FALSE","OHS","Toolbox Talks","2023","May"
"5c3bfae1-ef3c-4018-bed2-8bf196b03df0","","folder-normal","no-status-not-started","","step","TRUE","FALSE","OHS","Toolbox Talks","2023","June"
"363c225e-f34f-4ad6-9c3e-9bc5353ce233","","folder-normal","no-status-not-started","","step","TRUE","FALSE","OHS","Toolbox Talks","2023","July"
"399fefd6-6561-48a3-96be-6137140db4c4","","folder-normal","no-status-not-started","","step","TRUE","FALSE","OHS","Toolbox Talks","2023","August"
"05f69cc6-3d16-4a61-86bd-3268d82a26fe","","folder-normal","no-status-not-started","","step","TRUE","FALSE","OHS","Toolbox Talks","2023","September"
"9ef3c75a-68f9-4758-92dd-3e5db0f014c6","","folder-normal","no-status-not-started","","step","TRUE","FALSE","OHS","Toolbox Talks","2023","October"
"3cc57590-350a-4b1c-b47c-1398c2b76882","","folder-normal","no-status-not-started","","step","TRUE","FALSE","OHS","Toolbox Talks","2023","November"
"a8f41cd6-ddf9-4194-aa0b-e3786e75935e","","folder-normal","no-status-not-started","","step","TRUE","FALSE","OHS","Toolbox Talks","2023","December"
"eb79b798-56de-4554-b12b-d74fe6d8b901","","folder-normal","not-started","","step","TRUE","FALSE","Deliveries"
"06e65d84-5401-43f9-9e17-e8cac0958ba8","","checklist-flat","not-started","Delivery Checklist","checklist-flat","FALSE","FALSE","Deliveries","Delivery Checklist"
"bdd235a8-8b72-5c96-b736-ccb24349b3fa","","checkpoint-status","not-started","","","TRUE","TRUE","Deliveries","Delivery Checklist","Delivery details input"
"fbb9626e-84b4-516f-82d3-cc9dd020435c","","checkpoint-status","not-started","","","TRUE","TRUE","Deliveries","Delivery Checklist","Materials checked"
